126.32684315523215
115.51475001904379
145.37252286193882
144.69837141580635
96.36773571142294
99.00896453281213
12.091427595724669
26.384016248229358
61.656500533555004
89.49846785939677
109.00211111929625
154.1444312009316
59.527106036761644
42.95785475897847
39.032683178542605
13.536625026218688
131.0213665929516
128.22459994756042
152.82417879266916
158.90592269254321
53.35865367816107
128.83120982893325
126.20740555597651
144.80967470995523
149.51257156816905
92.75701163208409
97.91055821997988
4.6572501329746085
24.294544747584983
68.62866320766388
91.24880164195076
104.05863587682039
154.18097489510117
63.57468087089603
46.39163306129271
37.12937756300749
21.58609414208233
130.01576994610238
134.1227140359047
162.74004820090127
168.0039938733335
52.60383155766146
91.3934640161199
92.73006787940068
154.00418258730738
158.6043730199025
89.83044000845875
82.66572115012278
20.442820986882968
42.232965270961024
70.68309447800921
96.77093127725942
98.4077827707585
155.509346980611
64.42784829397682
50.315709441686934
35.74681590029542
25.516182645160818
130.12961629772627
135.30286831123593
167.989965005213
163.38909830824048
52.891652527221304
79.20263606972391
129.1494012060605
157.689657585617
164.72282917682017
102.31398971679452
103.77314204061233
50.74055161798664
56.54828660104103
54.87792693649241
114.19399009285355
73.66982991282823
156.0941772132609
61.43528685811174
40.723137765472906
39.38876313473058
12.360054740367529
131.17173689904772
129.38269145547417
128.22923560219576
166.06456036028635
50.553424686829125
76.64637593740368
121.78980866507814
163.44095698729612
172.78221426079116
98.67502058261834
109.99022557785976
50.85604787519677
58.77510992851863
56.12544020935807
115.30102042923747
75.23949328745017
156.59576094592012
60.98595645183994
40.268354481382545
37.933417542584834
13.96861173726921
130.82070630138907
129.1389870525459
130.83964278369183
166.0069397135979
50.9395609887926
72.17444372041628
119.68896721426275
169.2536290624577
170.77268525934394
94.93769350685992
110.37639836718388
50.953930494757955
55.74494678796896
58.252757507506224
117.86981199713439
80.95481360064471
156.01610652375396
62.12386435779312
40.1713953832869
37.69183041104967
15.508948218658
134.71439741469916
128.2397628030735
129.79780467282876
166.0424826714512
52.56574658530039
