128.44394201874616
110.6220476782527
129.30708732562465
167.9695830929671
88.19335237452516
105.37211597264101
12.665181775711964
33.150190698884664
67.75169235776617
88.67904774692606
94.11117740148687
161.37009235716164
55.92904648339855
24.175554120524875
22.413040149337668
32.340333273142406
129.74324033043126
128.11261309105484
167.63878169672125
140.20923378519026
50.06408148261137
122.60628046023588
137.71596755712517
133.6158337846148
161.60587402236825
92.24714741831475
94.5888691622836
4.6207784731768635
36.177363487869286
65.64014941669289
87.02341096863279
107.5885153576377
159.5779313183485
56.35244009335348
24.3830249199639
23.30739951350079
29.953285222592285
128.77608812917404
128.20812200589484
168.2972872666097
140.32228305250553
50.2778629762522
125.95205755915677
102.64975110428149
143.2132266745715
157.61862094551805
87.66008863652905
98.65930567256311
14.744074206328124
37.21999519754675
66.37965770373306
86.78780005689546
112.79876932207117
159.65913046384543
57.033636000408784
24.623614182769632
23.58160443149745
28.506631711196114
129.67814524203666
127.7360165796417
165.83046568033578
140.33232503130958
50.11497487537456
133.71833083315002
131.37703919777573
147.6076139534719
156.69919005733556
105.1300185347635
96.48406766270938
44.52885604244784
53.02929648883427
57.714008699088815
119.27266126867
134.14738112271516
157.813978268021
57.57349878020639
33.26936277858899
34.614354579769035
18.365957234950052
134.17598710465543
127.46995403598511
137.36991450932493
136.42800940892178
49.04802951229109
136.27653109541953
129.3720107087783
145.30234976236733
168.06153733120377
110.76417837462242
119.67607562767887
48.0327342272198
60.85879272633835
52.762940029559076
123.63411854620647
155.18475804253825
158.4488535474322
58.49783447018941
39.408988335911005
35.70126299453932
19.318550540570836
130.2823458137316
126.85112265373768
143.37236814677473
132.9131179589106
49.594945422371296
144.29747146472496
133.14726880663753
142.28627891846466
163.95532990535347
108.97108162581341
106.51533917410076
48.27121236799708
59.80527968054676
54.04769652188576
124.72343015565802
158.6079687217055
159.11063000481585
59.09822232159457
39.59956407686968
34.667802478847285
20.22711605894812
130.2111232538169
126.53110847243337
139.7717578215122
132.32667252278748
49.92172450464429
