125.22336836095144
92.15514329648268
147.25392854099456
149.4653580557974
94.34065689798786
111.04908473297576
16.471572993477434
39.91054455128462
70.94800944691133
81.78719091786216
93.25787465065798
159.45509067307236
58.62747877885693
41.13164818428012
33.02116359752147
22.597934453152305
131.7185418802882
132.7179630596195
161.07972029460996
169.8017542578483
49.56071459548785
124.840080478331
133.99990869311736
151.03037456353755
133.6320659917564
96.4757223885673
110.03359790316738
13.795819844826747
40.94797761813797
71.99114697635203
79.79799430825665
114.44511802752298
159.48346578429394
61.29763394444614
44.20602526696394
34.928169610587744
24.567519082287305
130.90879694748625
133.30754176787195
159.2419755110746
167.27596641035416
49.743722071195684
122.88330610840552
108.41817945325948
149.64129530099018
135.38000768251746
93.89549101644704
110.46531893957867
16.19596031294466
37.71343284619814
75.55199901084741
81.89822563128705
106.47032829103478
163.25732437991195
62.695484408048195
47.38464328664247
34.504176255654706
27.799138886942067
133.54166916330794
132.3150043480527
159.96269721108112
162.10915312586081
49.63700542604575
75.93645939552411
127.56066042283769
160.10047646609794
166.68629453750057
90.55906113392706
117.65193732515384
51.197183558325484
55.93012266863024
66.13995806521197
117.63302597322371
96.66153285273842
158.65284981963416
72.33503144485495
47.41115006795176
39.860866000569494
28.427763883407383
135.5237627715762
140.5886915841004
133.2148193397381
150.5046553603381
50.71130550833384
71.90207254131795
124.87351341283146
163.80530315770324
168.59497894997907
91.27337357222518
119.5346965656937
51.513595608416026
53.45662777501508
65.95133225924192
117.88985172183064
96.53389791580355
160.229376579036
71.68545323442996
46.472340533186
39.08681099596058
28.81515868355309
137.29279318684533
140.11868975843163
130.86285736810197
150.5140414797487
49.23710774832751
71.19467795500451
119.36724967745594
164.06144091654144
171.69418083519597
90.32895751043685
121.75756671186286
48.88738672111819
52.8994466520967
68.16214764868569
113.05883197328944
99.46174736305014
159.68990334018306
69.23227592328199
44.96035621338955
36.25647592657138
29.526553079900175
133.8956570715276
140.58268011519905
135.69389842069134
150.51936809510778
50.26440158971274
