151.2566971892651
51.646832628958165
129.29179089459697
119.62964050074537
67.38791857705921
77.31604531124738
27.75454018640243
35.98616196287889
73.60392410850257
98.71115192924117
105.58991583507321
163.07257506339533
56.2449760473799
51.28540077558146
30.590727756541384
28.148230308805918
137.6130703178746
147.351135725231
171.00402948816384
159.82674064088033
42.994273292474055
148.61441908780517
55.21368763302254
136.34880969059284
126.54834313383415
70.35280596830037
79.51277317363707
24.64542241262144
30.069904575082443
71.29448187102054
95.9795178520547
109.69813316381814
161.4342168762214
55.341192210581646
47.973064761972736
32.1445758228049
24.352315800069526
136.99949779021603
147.12666988536134
168.63928701560974
166.31695024290514
43.13309151848794
134.61624904527892
122.36850890414607
128.7200667630086
117.21682316672843
71.22945265994612
66.77461867813754
31.658335945832274
33.754973936178565
71.94180157496623
88.98554631659613
101.47842120731744
161.05841200676377
55.468128042286715
43.35529943487796
31.463760939610687
25.38958917765519
137.66839574688456
146.37068324741978
164.66101149297322
173.24945754380923
43.14456586943281
132.91727871905255
132.40586617283313
167.3564314285286
177.71795182966258
92.95220913029101
71.15151340923886
48.02104044785684
46.414511331133625
79.52350944384962
98.53159656970288
123.66302900355936
162.19024731452393
68.26350455697774
63.40316911429137
37.58517967797045
39.49007287784203
134.51462098848205
152.01565927716732
170.75216598049272
154.87667392492045
45.49417115169089
139.0257628039024
77.58837270581384
176.4673326716768
164.8964731181908
93.00058948840031
68.32313126591163
49.26747126409206
53.90259336310723
77.59131076149964
97.24932782451933
121.24835139351573
162.13286207275095
66.85542442381866
62.14542605262026
37.07575103688111
37.22572416077502
137.4556386500231
155.8499746056117
172.40317174811307
148.57476110395942
44.770785042271136
132.41023599114712
48.884571849223875
142.2271115469389
113.3588452361199
89.36571944783532
76.70189189550459
36.153441452302864
18.658083589057643
81.03626888282689
96.77936166003848
114.85172938954082
163.354435021555
65.2790294604433
60.54646146941788
35.55337918541086
36.9388437873435
133.88878072980432
151.32168358455527
171.92563533229577
153.98841678622455
45.27882306126704
