132.9128835986523
133.998070859262
130.37734414348012
170.01976126120925
85.75762130317317
121.34636938743839
13.823548716115427
36.01215029783766
63.036401009555995
94.50046472670394
110.7353788674593
160.93458836241663
55.075994730172646
24.088634747558224
24.639586265740927
28.46642667365726
132.3799695202775
131.3658208836123
162.1052074648306
140.46453341201425
45.99549684971186
135.9719158462685
127.04984633293905
139.9397757375139
160.1906620701956
85.07287915691573
119.6067291881837
12.484583179262675
36.04819724772722
63.164423657791545
87.84376697925318
116.85391937888919
160.71823087723766
55.17970684824137
24.45640350456669
23.996049844554317
28.11382505679483
132.80788604625303
131.65083634312788
166.66811138524903
140.47321707078353
45.852751102952666
102.79159569490547
100.2154112159434
150.30651078346185
158.146615348724
93.31913907436528
109.68383589328735
18.85746735291516
40.77515291363004
63.0537014618072
81.87123274436671
115.22723792071649
159.3815015836079
55.369543872946075
27.203829342766873
25.415262068317446
26.041441859014096
133.53443380266543
131.94011311004803
166.37719410714814
143.75068059143098
45.77391011527309
78.7073059078357
133.98076990145975
149.19252925263478
166.77602942293876
105.54986484827124
115.11785840057004
47.067906385772005
53.85279306445897
29.350444130593594
116.83573817292661
100.00460997000921
158.8754548586168
31.5373220744147
5.6870537981023075
34.497867425429895
38.942204570405984
127.09126161384643
88.15142618558443
153.141096179583
178.7820330339396
45.97720046952837
78.07344699523459
134.80837142978345
150.96397667631
169.57179339071428
104.472764625204
118.97085983660037
49.40297784122714
57.204306769902374
29.431231006772315
117.64998819899539
98.34022718438355
159.0188748039542
33.170461842310644
5.537076740785271
34.616992582084954
41.57046331172266
123.89273295769641
87.92893430105454
149.7813406258269
177.67005913095693
46.229407031029126
73.17337224770937
138.1289641128229
154.47557141658737
168.71710173123495
102.86879556534632
107.9289569562961
48.92789103417589
53.19490803493816
30.364495425559415
122.04123633272741
102.63513539034207
158.3807021438889
34.55027462583349
8.942198619151018
32.246227749049815
39.89797787916158
127.06014418309985
87.63061571180206
150.7023260785228
178.25755564757372
46.707606920501554
