109.88472607862394
91.69038465713214
151.90150285040977
152.08422035517336
101.55418087238424
98.1654518558293
18.776966674759027
35.59992521096281
73.37986680845162
100.16536010046973
78.18091856811876
155.49625775144366
53.85015537460547
25.997216949220235
27.44111261114333
24.91798178470426
124.67018472598775
146.4420993225861
161.31437701136488
138.2931861583005
45.617464052012316
129.62278074627355
106.05289066037466
150.4001375832131
158.4594674501163
95.07092914571956
78.90748426342343
11.933034343695528
30.887684117701735
72.8223404475171
96.05697528627728
85.32657215685249
156.38091880600004
53.83600363619873
25.342705303773233
24.177819858133155
27.633762349948743
126.00046355033244
145.46006031652985
161.4782222274918
139.0458827656728
45.732310916428375
131.86094902499067
144.2699647969321
144.6130789826715
163.25304309597948
87.19123759118536
89.96143387096441
12.831080933951085
35.53666665480179
67.111235778212
93.00075019301508
95.80031233455631
159.8429490334913
53.97693654235663
25.123892588585946
23.816448329434863
31.95894552551836
127.68941906454592
146.9716483072556
162.1207149331157
140.0730002900199
45.38902073982576
76.83294241611809
126.96754907018463
155.025252104193
169.98438867207466
99.18916839479408
138.06216081387493
47.479416281990574
58.04890892306604
57.96330927567573
118.28727008472269
123.9047099316909
156.94690935627878
55.177410422008215
28.95125143377549
37.61278092570337
20.38574184608143
129.16283389536096
146.35775470873267
153.1267026073929
123.38023382509274
43.1582914189788
73.37967374034321
138.14639617053874
157.54691978645587
168.72646911333865
103.24663538090643
110.94932400738251
47.8023202171823
54.82566057162858
60.486917286923045
116.77820711076052
117.67665985817094
157.21853273960764
55.308760944357005
29.667000621398085
39.54628012234221
22.17544209497842
130.48227854591866
147.08118984208815
153.33994930473372
123.24295200933656
43.43855865349221
70.60124174245973
137.94772582767067
154.52183780665715
168.29790647427066
105.99889406971387
114.69431472364927
46.98724072205535
56.580143094674874
57.78875400170969
118.4435902114587
133.13411572854406
157.16809139627364
55.80182810611914
28.826187070362316
36.261927632025156
20.511743524626496
126.9213894298444
145.90757332585417
153.94623397450366
123.35550623507429
44.11013781231284
