76.58156096630381
134.43200499133812
163.4455030594186
156.34713697471076
95.05389396845294
112.2286827274704
49.270729927830246
47.68394082992563
55.95739153607051
116.40890016001113
57.93615458957426
163.4488497111805
61.27224166471102
33.62124940221949
42.465514178689794
16.754241784657946
140.31218627913157
136.12201929871114
133.03924851540904
155.6745993157622
44.96966600576175
75.60720441198188
127.832431937407
162.71441672930217
165.11822756477355
93.83821708618146
116.2200428834708
50.72385550453985
53.582600115179055
55.6321856619057
119.56264843993482
59.54313750941871
162.4783251225367
60.35345849894063
33.6708584769087
39.53471313367149
17.176210498456868
137.45953166106173
136.22491890960725
129.1143535577018
155.66850472301562
44.754546225477945
70.6785393996905
121.70301075324396
165.6649045068285
167.99143412384223
94.1597874601633
115.48285880621061
51.01523416996544
53.30379661852019
55.88449463957037
118.61866504482846
64.85997003639791
163.29848061763775
58.12988075851179
32.649701223126236
36.452877612849036
16.796703137109294
133.94161441584905
135.81623327282168
136.13337236762325
155.66229144450273
45.11462802993474
96.36614492863359
66.19298437846373
161.69307855771524
163.78202451510285
99.36445503195479
93.73916682137114
11.146119705846456
30.999937403102965
71.7614087664928
79.75027321282157
90.52980264028646
165.36719249610564
57.244545947613304
38.1793429877957
31.366037809741307
18.57718831820899
127.19671555725378
129.69391918453402
168.2163920858318
166.33415234692873
52.59287835062225
93.08857229630101
134.5145863090696
163.70674097229235
147.0920142491883
99.71890753511117
94.70562883001443
11.344087402281843
32.975955061945754
66.15321401820117
86.17120764107182
94.51117112822628
163.35384179001474
60.42881818405094
38.182404260183155
34.260594920136086
18.952538485048265
130.17715306459658
129.669899534974
160.9467811104785
162.7059321657471
49.501787510218485
146.31810892636665
81.53663632085045
158.8999372119491
158.57855908504203
96.71365781518179
101.84624255475057
12.372911866878113
36.56267045410874
66.62075018931475
91.79144181417247
83.38414501848855
164.14473262124426
53.81819060836464
29.973313337553435
30.39165525164799
17.606251507503302
128.09046599615837
133.09013854868832
160.0634518360295
154.2717890900348
48.53825762024552
