127.19203519403578
93.01029853234954
174.3975594171896
152.4691697333027
96.23917480380896
78.10512095938435
36.3161431238022
49.0901297398677
90.50295400296629
85.18931738198832
105.56840551593739
161.8403869174956
67.13903487583751
58.82136450064197
35.3517590038596
34.689309720656325
131.22148989392377
141.59243822543547
163.68273182768405
150.63709568278034
57.1148215188476
125.5224546928093
135.12787910025108
171.56704316989465
174.34579558276693
95.58159597168924
78.61024788215173
42.64208616751999
45.16084175589919
91.31472525997484
87.93733503937304
111.86314801682354
162.84621235350204
69.78296393617579
61.94202233214571
37.15986429170555
37.68770429033786
131.0855174129985
145.01598362757798
165.73499698557146
150.39148818816773
55.89850589645331
127.75037261745022
134.9459063515108
157.31071030611528
172.30781247704266
95.15027610215485
76.7627052867726
44.207735502300636
44.4508861779532
91.26766070063628
90.33776432612082
114.11407746893974
163.17050656670185
71.4139969337675
65.08414002854356
38.85428974641497
39.37919883571746
133.1827461524497
147.22677858398575
170.02825516551695
145.96793577436947
55.47001623369323
122.49333692098465
94.82744751048459
142.5710470913691
151.5661545070284
98.14434260327592
105.00285302357695
17.55703046658636
41.78321484180813
31.933438868785196
90.47135340251255
53.58077821438376
158.33146288931633
30.223980908390764
16.272262758602547
31.15332525525178
16.092079252418003
128.7440184559402
105.99952360895853
145.32398016552457
167.65154837174194
48.22034457082033
127.90916685759392
135.1028899939404
146.13195812225769
141.43433341457097
99.03729466188132
98.72652925164543
15.58553355039521
42.71608289134096
82.4468694759095
74.59330342467646
90.07141902640562
157.97244615567067
56.296375177290955
40.514432473402685
32.69140955544037
21.051505876114323
129.27876594700268
136.20996348293647
150.65246027874684
163.84341400922176
52.32247826166473
116.68209897340857
114.42595278848567
152.7056644045364
136.65642513561752
96.13321452497749
104.44834573772098
15.901360271117156
44.42597364732369
88.02029939435613
74.89430113342408
96.30356621088207
159.64339881886616
59.12270278339385
43.7695182272131
32.67886658691551
25.11870148865444
130.15771430355068
133.3410454888135
151.25750415157466
156.5901648155833
57.22987709521376
