131.80288350935876
81.62310901003926
173.142978038229
164.8108137074163
92.13536231590257
85.58610583729836
46.52077584371856
51.13454560696171
91.03005029900208
97.07994768733599
103.44179178393954
161.24236613568308
66.71416810220077
60.30171007336178
38.71507537669514
35.08189572489642
133.9553125468687
142.90475126340976
166.35775220064096
154.7337705341394
53.69801775081806
134.32776632988833
77.63215571711727
168.07592976511475
167.18202883400758
90.34622856914282
87.80513669076115
49.77548391153847
50.83401111025128
90.22807947501747
99.42559097710283
108.12032807741363
160.85546826563137
68.82670109924004
62.71607920380759
41.59833778935503
35.27731372066422
132.90611429352907
144.32426214141586
161.74716324558662
150.25862610403905
53.450854808715576
134.38166896913935
74.56334800398574
176.25301806178143
167.64897850623362
87.99637204548101
85.72966683554759
49.78768441438633
53.930702980308986
89.97353670513155
100.20223521738913
113.63981700314879
161.6107960863582
68.77206717079052
63.21666470877558
41.35268683047958
36.034423716065774
134.15559850161742
144.0183828515217
167.02398423494066
152.49646306065284
53.0265642953099
122.35243250226739
90.84676588487315
142.65084344513963
164.45519004796006
101.19728536056681
92.39026979347649
17.99102562751055
31.56117578693308
81.98895057206786
81.59189733593604
142.96964442708386
158.27072945362266
80.57458448182636
36.07120141623654
35.484937964458865
62.32238224965481
131.26784002238622
160.77342337928843
146.8941358394574
92.74276245140375
50.438617984238185
131.18817447555998
123.40393923186896
144.6628373749495
149.31298462374386
98.74200860625103
94.4638067989961
15.426883375978786
30.587071983785137
81.8412206580618
79.68988950897435
119.39507460822453
158.9276957576247
81.40732924774862
43.42918062761087
35.624681604003605
62.04748180796292
130.4547883026755
154.351860065787
148.54066117083104
106.99743108209096
51.46995062878391
123.13293363158765
92.92534797873606
144.22818219735228
160.7955825810531
97.53575169662145
82.56119632692236
19.815763451525342
40.22160858760399
90.97583924604258
80.74960155971776
87.55897105355464
160.3670476962114
58.385410135744976
43.9477714937075
35.30982791645503
24.06718099638354
130.4107473263577
140.68823247824375
151.14051055622093
158.63936548133532
52.839709063949435
