133.75008908404646
82.21060273993945
175.91708198323178
161.86232377519102
94.35011081871231
66.53817231076246
46.026544566709276
52.617306289109855
78.41190339012364
97.43091902637516
118.63889907410491
163.58166335668105
65.08140239688059
58.842548594064326
35.95733410766865
33.13861317404796
133.41485574964528
151.21321755025423
171.59161471495395
152.68762895613222
44.84718564456463
142.3875100108236
78.9472674239774
175.1535790082054
163.4358080747153
94.81861646461853
61.75011459592694
47.58217499039581
53.7074933706565
76.75312776431612
98.90151255302732
123.41159478665222
162.93701479065098
64.29775747256079
58.29697710212851
36.200746544653
31.630654816564878
133.35829099661416
150.6098921521126
170.34800516712858
152.75948392846863
44.978997069328216
133.19767941481047
78.63707058121746
172.1712180381149
162.44514699062512
94.52052685653163
58.163805008889604
44.584306074846154
53.79687386468168
75.25644493866746
98.12942870698596
122.96703959066873
162.93226438300272
62.76735044055063
56.51307148860526
35.5401530132655
30.144312013683894
133.8063973975103
150.6018181079299
169.11886310568755
152.60607343864686
43.772550085727374
127.63017983476698
136.4351058981482
145.54549749966012
155.8258805979319
102.46297840301855
81.08476717972219
13.402946972712485
23.73246237010213
66.67446698435033
82.87513887177269
90.50713231791914
158.8582575108121
55.23752387206164
38.031800656575136
36.40885037809057
14.65701708367438
131.16756634459932
137.5584221009091
153.20127676205527
161.84165993422738
47.36396460331636
126.08198075762142
117.79904092073582
147.08431879813853
149.38945731984163
101.06193112718132
85.41030907145382
7.003619744379139
24.468407348227064
69.92661267107066
81.32974903601995
96.76374028262529
160.79401864991976
57.2407043604568
40.58239714591958
35.394897294633104
18.962219863214607
132.08388930913276
141.176382019204
161.07333144571487
168.66735656024966
46.749341419558085
131.5889212169142
90.34112652223027
145.97403391233675
161.9137658245557
100.1472716459538
71.0622141513568
15.023189422428304
36.00870937930794
72.61042639318764
83.05443057532753
106.0898547176514
160.92501707554703
59.61916973123293
44.38965183422095
34.67305544954723
23.486058645466546
131.3403510551656
144.54549757441762
162.69138774704192
162.19238763187275
46.77365526030064
