134.334859086621
139.663440097379
166.66380033029918
168.74079484867832
93.35937824785786
119.86422979681724
47.60499343677157
51.450434973301235
77.48193469975482
121.56046170094875
71.53859506884262
158.56608656258493
53.000831403961826
32.80839207284103
28.544326720300123
24.07288804702453
126.97071864330198
150.99515776233474
137.49025252846428
126.58472636039923
48.73277983798015
128.79830468554024
119.46284836077066
166.27359424041302
163.71639445248857
94.76433092822701
119.23223780382057
47.73322084965278
51.774377714167514
78.7499618897415
117.33874482856844
74.48852244653892
161.02149491800358
54.08300998321639
34.57414708001109
28.9952488194587
25.04419445828558
129.385677136457
150.78603304501448
135.5131518482373
127.79758180583622
48.29617071326868
68.0331985385212
113.63904505776644
166.4624409360997
167.7733238563178
97.44191119324374
117.7018380079629
45.61274684024212
50.86838125196677
76.96816642522693
110.12460833822473
72.08418613659478
157.84221320898746
53.42632845376588
35.9020163917862
29.01929277807769
23.518267638186508
128.93728470690195
150.8352982429978
141.77871734930278
137.0581358809437
48.512573300935976
94.01814735168549
121.30332615925667
170.75264099097066
136.76789233851497
91.9190456854786
95.987991600999
11.419788045436682
28.62863839389203
84.041019296715
83.63891629470379
57.187352771066095
160.55446029666166
52.577152458229335
27.643838812537133
29.454948396083232
25.281177744180795
132.1506927227445
151.16403669614255
156.23407657838257
151.8758589700865
47.861924444831175
136.5450757470966
132.75138250340046
169.69185465673337
156.94575510113947
96.26241203120067
82.09439383239473
9.24846113728713
29.01705335094583
66.36938121739554
90.39100240684449
47.1067613341202
160.39952909672698
43.78164538552298
25.34833728304403
29.051554233281454
13.288422389838166
131.9482258744792
134.34529551117646
158.35721542194398
176.74102568076398
47.37992763563704
119.56308474918933
87.74223041619908
168.8436870892779
163.86125472419076
87.64064191644493
108.34092307000198
13.877208677734531
33.60379865253809
82.53897081419176
102.82370960778385
25.809539924087456
159.60426666109834
51.81274775431702
21.697981868974164
28.0709512672952
25.48872921260511
131.9059462466657
150.86175799692163
152.06272408726073
129.91058861216072
48.03116886958095
