126.94869521300157
94.11043924590825
142.42725243839632
146.96005660860934
107.81496563080496
91.7195329252945
15.758091564117734
45.27683629661278
76.36555511548463
84.97344967003491
78.11706049595892
156.53708601416423
67.06853137499972
37.461025521294374
37.43390658060939
32.954745008889475
130.07348735909264
165.24197409170804
149.29206515157097
141.74278061055904
46.13754951995055
124.8696137923469
136.40078701888626
144.71482042900814
145.9819356374885
102.44339606698439
91.54216073773166
12.322478563417677
38.49507631584576
84.76446598411472
80.86608255871022
88.4184869908281
159.56201786022567
57.82295441400907
41.11646140599635
36.50236074129894
22.856797580961686
130.98624307084043
152.60016735306667
151.65790778784688
163.76391997901925
46.08154833043066
129.1645724152168
98.71505109547219
147.6648250899533
153.9418185942279
98.23967555929471
75.31866496579977
16.626933801903355
40.71313687391143
81.75268559431328
82.20660723321487
90.41608707176972
158.8867580345073
61.89324700667449
45.0744139739311
35.51693359305876
24.46790282490628
130.71453278599063
138.21410133606594
152.64751646597534
158.97617372139607
53.55919085168859
77.3465681206944
130.1663633634557
166.0045960829134
164.85455685615304
84.66537443237816
141.24981365592276
54.08969985447302
57.236888110898896
49.584477280793244
111.49135550371633
43.55731466350282
164.04203643272314
48.773844559482775
31.27195086277489
35.67976836181458
11.701417164004233
120.64218752038131
135.05427629736258
146.51471963405098
161.5746148269845
46.86701218342957
75.33059921664821
128.1965834794679
163.12068329333792
165.58569791553867
94.91879301040123
121.44271762229505
55.48861468770594
59.40607836875438
50.36375555994083
113.5401690831143
43.504294452325134
161.3196477745769
48.924912437380236
30.628717839220368
35.450265452579664
10.617884302600462
126.56991260638674
136.41874266910753
143.41288897650247
160.87779370300967
45.72904765154745
71.99590556139991
122.0829636187249
167.8822937753642
168.71756087184986
96.11304677342363
116.57143871060185
54.49888089686386
58.462709403993806
50.50991723908617
115.79220940560138
81.61814326586517
163.15817035399985
51.79364390388981
34.4277714680365
38.19583525882109
11.30807761545968
128.66169901905118
135.67993859721935
147.35804503246953
149.02976711531062
46.43248562222742
