135.75140518270192
126.4066007156561
143.53420903926846
165.35074018250123
92.77516691174387
130.6881022491536
21.707306558592908
41.29890192699225
67.87838548728243
105.68501402891891
159.39227237482808
155.84578337877787
54.83607282169907
26.39078139480355
28.551240733760856
21.666164665215913
127.17628312951973
143.30200569159513
155.29235154922836
133.1717642913854
51.830713840277014
123.37817207183956
130.2694003263835
148.08888330703948
160.13702553495733
90.74020352679558
131.13954369193667
17.683365810618096
41.36085626798403
67.15936356687425
103.77147329459399
170.79969353338677
155.6355477270447
54.919653423025544
25.54223537481879
27.886881531979725
22.149704611672462
126.55395540566383
143.15444483999212
158.32807133737253
133.13044389827417
51.96354842842581
128.97567466165884
102.20214982007401
154.35651710740478
157.0773972759342
96.38405525904393
102.29275200511378
16.765768052776743
44.6170690972021
78.40129143597022
94.85557424012865
81.70143328469733
156.999166456238
55.716876711788046
24.939897003862775
27.07537610517876
26.82295937615103
127.69295788133509
143.3943002206736
157.51352061819608
133.1833811563915
52.783827753312515
135.4877682699455
138.78211926969468
158.60526709299032
167.35450074880234
97.95287438434573
119.82424215603649
44.93496402477865
54.15616680960867
65.51980778231227
122.0020996475887
152.07981754210027
158.15616192178422
53.29563988579239
33.29805713270423
30.876401709948155
21.362543749303622
125.17749002438566
144.01578041661088
149.631001648574
130.04699414530836
51.40645320872432
133.82801522057366
139.46201198085672
159.08011651120464
167.1842638479723
99.36017913451654
118.70080840320367
44.88915016210733
55.99140170582766
66.7415489518696
121.93559548238733
154.08027794544495
158.26646926930218
53.54513796797931
33.63566200748119
30.20069905117757
21.37459892456746
124.96428601863364
143.96676613010453
148.23819876692366
133.2612079337589
51.29712618202653
70.01270672215065
112.41784888156472
162.02493392317828
165.84252741567963
100.12678245602862
115.94045336241535
42.48145498970494
50.58710391598343
66.25208090332116
115.74761610934898
141.57020436282318
156.65750081579148
53.580678391773894
33.647268959919806
30.218748962275235
20.09209888801432
127.74000698979924
143.9450541039584
146.68196647577466
132.9519982366732
50.968837510086274
