124.35985808940816
86.1930037494373
173.94262095077835
160.3708105090672
92.95245544744681
74.87612196769096
43.36580617997316
51.66682043027443
88.67525427951881
95.86743232389928
113.83638530730299
161.89812147353257
66.16828698763533
60.44265123123996
35.258973837591505
39.919574462044686
134.09402209355105
153.5350291733624
169.68721923288984
152.23806567646938
50.569436065053665
125.94823459670963
81.19866526565882
173.99247231001962
165.11869665648683
93.3017879052014
76.23171896814446
43.67336388014866
50.69419123537204
86.54057962139376
94.50855198342917
121.09127358146277
161.20955152599754
64.82375159828317
61.7724817764516
35.37885551330706
38.02844584399585
133.89872095961135
154.570894261336
173.10893714172715
143.235589351255
49.03740730416859
127.84057705906275
76.83952574438365
163.66974988689088
172.38221774317987
88.07410567966024
76.05599063748012
43.62233548895392
52.668555398738114
91.10628391044963
94.4060314887929
116.21907748894785
162.96552250659687
64.4869971088041
60.61722637434358
34.481027432967984
41.890448482790276
135.17912784332088
159.2135283024312
171.4441732519035
145.50488855863975
48.9111470856365
124.53532728816458
93.49134300054247
145.15659090891552
158.53865930837435
101.68821842648158
93.3558401302321
14.861940672814384
35.141853622144374
89.89368598528631
80.09066522133774
72.23906902928343
160.10317387804696
59.37430958917759
38.72056708879464
35.710752068267816
25.967325652107274
132.9230708456995
150.36351140233606
150.3333573871077
158.43277484915384
48.799903660223066
120.86744897419665
124.75023799549531
149.41426888109117
148.4579648464537
99.06290356905549
89.11328300564381
9.149144261652333
29.57807705494073
91.93784187939272
80.15952618732354
85.51257533756778
160.72785241031067
58.61394672026979
40.93200570378046
35.73345835128152
25.539389301090573
132.53871525505483
148.9569859505179
150.55125557535257
160.67004425044294
49.20302727469525
123.9133822811782
90.11519170963703
148.44845237470102
157.2093573151234
96.84161776768765
74.75048656196304
13.748759572570698
37.66124001751811
87.97140147481254
81.16965463178553
96.79667238338405
159.70346999256554
60.54386568786027
44.66027847339317
34.59024826985615
29.37173229429111
132.26501287954434
151.26603912550522
153.16569783290046
156.2254150186384
48.92766534164339
