94.01814735168549
121.30332615925667
170.75264099097066
136.76789233851497
91.9190456854786
95.987991600999
11.419788045436682
28.62863839389203
84.041019296715
83.63891629470379
57.187352771066095
160.55446029666166
52.577152458229335
27.643838812537133
29.454948396083232
25.281177744180795
132.1506927227445
151.16403669614255
156.23407657838257
151.8758589700865
47.861924444831175
136.5450757470966
132.75138250340046
169.69185465673337
156.94575510113947
96.26241203120067
82.09439383239473
9.24846113728713
29.01705335094583
66.36938121739554
90.39100240684449
47.1067613341202
160.39952909672698
43.78164538552298
25.34833728304403
29.051554233281454
13.288422389838166
131.9482258744792
134.34529551117646
158.35721542194398
176.74102568076398
47.37992763563704
119.56308474918933
87.74223041619908
168.8436870892779
163.86125472419076
87.64064191644493
108.34092307000198
13.877208677734531
33.60379865253809
82.53897081419176
102.82370960778385
25.809539924087456
159.60426666109834
51.81274775431702
21.697981868974164
28.0709512672952
25.48872921260511
131.9059462466657
150.86175799692163
152.06272408726073
129.91058861216072
48.03116886958095
124.35985808940816
86.1930037494373
173.94262095077835
160.3708105090672
92.95245544744681
74.87612196769096
43.36580617997316
51.66682043027443
88.67525427951881
95.86743232389928
113.83638530730299
161.89812147353257
66.16828698763533
60.44265123123996
35.258973837591505
39.919574462044686
134.09402209355105
153.5350291733624
169.68721923288984
152.23806567646938
50.569436065053665
125.94823459670963
81.19866526565882
173.99247231001962
165.11869665648683
93.3017879052014
76.23171896814446
43.67336388014866
50.69419123537204
86.54057962139376
94.50855198342917
121.09127358146277
161.20955152599754
64.82375159828317
61.7724817764516
35.37885551330706
38.02844584399585
133.89872095961135
154.570894261336
173.10893714172715
143.235589351255
49.03740730416859
127.84057705906275
76.83952574438365
163.66974988689088
172.38221774317987
88.07410567966024
76.05599063748012
43.62233548895392
52.668555398738114
91.10628391044963
94.4060314887929
116.21907748894785
162.96552250659687
64.4869971088041
60.61722637434358
34.481027432967984
41.890448482790276
135.17912784332088
159.2135283024312
171.4441732519035
145.50488855863975
48.9111470856365
