127.66052988904188
159.02766434849553
157.4516197861885
139.93463787999994
92.50606781148109
124.1000645774257
12.187603906844947
47.30373211727338
92.66522368246197
80.73805590073503
71.35115925622004
152.09116064053018
56.57290302293029
20.12232987090291
27.14813804071428
34.3335652098067
133.2609847100577
143.26020508922178
160.53956045758693
112.15320280235467
51.67306919421552
101.24511418247275
146.92974108180314
167.10294345972622
149.48072039382936
84.92800793261888
82.12613136967106
5.9328445527292715
32.51057622665983
90.20404344533345
83.69058935686408
110.70201791840091
156.94809575666537
57.26607422985568
20.71210890284879
25.947634619974664
35.64072361899168
133.29697467154534
143.04163855353283
162.68413522165832
112.16361018636314
52.17489769613685
140.12603064018418
133.91761922959108
157.94358952092716
143.46909123600096
92.22030897623425
67.41363406186562
13.73666777808099
36.0899471880564
81.69463927991288
92.75964195937826
143.11948580041442
156.2085296780233
58.180118364320826
18.148153409751664
31.18397929720233
28.588750610662906
132.97216816412214
141.99506002008818
164.44717344978915
98.22450659907275
51.75216393566616
137.2637745737356
130.50900528045952
161.27133728191276
168.44497180180278
97.61707007005413
129.55629605317597
45.598085986718104
52.96400045941191
73.09654118523324
126.46235191573496
67.85471343773762
154.64033828222142
52.85312468247441
32.892877723923185
28.922312837541483
25.13819094050473
121.9089525848146
144.16083910588534
135.97720369397757
123.57879392398168
51.352776334652646
134.79058133836216
141.19945389310587
157.8102597007989
170.95444406804899
101.40887760581369
125.53829788057291
47.170799742004434
53.1919818141646
72.2439373402171
127.30779432029058
103.41234020572409
149.75761861198643
53.839903970365114
32.13770260711852
28.935010899376824
23.22457805968306
124.8913704112914
143.95595417530504
129.49917031364382
116.08577266902813
51.69443155291317
71.13525580561677
144.09687703147128
158.81955852281607
167.82094091318825
103.78696918022523
125.56748301208509
46.452991490179414
55.23215308605651
71.90898367247635
121.94326215182258
108.79355473049168
152.9403079499015
53.51634995240931
30.241111375016843
29.27671302512222
23.893777561122903
124.65062734166884
143.7695452344051
135.8303013964221
115.27155163491081
51.17445368388773
