128.4677028967402
135.69710416106724
161.65626455974294
164.06821796038724
96.69449458635258
119.01703378541701
40.89348321147959
48.891908247574285
25.337238217126014
114.26866601859794
83.36608559781793
158.08758571145657
27.859198186613153
21.178540412918277
27.629242565123945
20.96261104544232
128.70888444448877
95.8589190209473
146.81896610556325
165.73504710599354
52.25042606297351
130.24864123698092
131.0828282490832
161.34370225764104
164.25291297229205
96.83280601294074
120.13326918785843
44.56842858258817
48.89789694647023
26.736207616040105
115.5119081145417
82.27225709427428
156.25623029880092
27.977510793734545
24.19566432196794
28.48589817227692
20.28238332741414
129.22420071671024
95.72314922857436
148.22152074090772
166.8374411309732
52.31600506348246
132.1137985061993
133.76759623308675
160.59825734397043
164.80006218862235
98.90627397625883
115.19139335989748
45.26727906103278
49.53099437542885
26.37188476195245
119.35563775462208
83.1662746546298
158.6876899628364
29.209690350469828
22.588920525143052
28.61707722165695
20.002228492361283
131.62338209814126
95.58177945609974
142.65144480119682
166.5679194119095
51.855128414594354
135.0353544490852
73.41949118586926
170.81809178612983
143.63179907942225
96.17527194883502
94.73773640935201
12.461278733479189
31.956732115242286
78.67653857333435
83.65093702499348
99.65666014509722
157.2368334018437
60.097368016870035
41.86372160327855
36.53864341739401
22.251984477648932
134.3270030066816
138.4856439812102
156.13714379171444
174.6988166595735
54.14464781495991
135.53841861608473
129.42901327891354
168.66188504195148
154.9174921796231
98.5225285925513
88.83939433948527
10.590056684452481
32.84915105195187
73.44653695209266
79.81322019628817
65.43871587625796
157.1244845813466
59.82235271272914
21.773614931218425
35.51260404923111
21.153073303670748
134.6313429631896
138.61254690228202
155.29978151632668
138.19534985490696
53.27379290742354
122.92586205916952
134.99275643424258
167.5106766101557
151.76085154346433
91.95258055252492
110.91649571400534
15.092524726895956
39.125672684839756
28.840610823716382
87.45069700059936
63.28852315855267
157.8049892466524
27.155135598309517
12.320853989028517
30.253725085971066
19.75155703905244
131.84483524177438
96.58513661698454
156.24397359250653
162.32127833495682
52.62089842286095
