137.26491434320775
155.6757123772191
175.8149222620899
168.04914493165035
92.42715737308836
79.51494342086443
17.31068681798204
32.324649647598385
89.75510510124035
84.31228608808442
87.0214676638009
158.6763087631096
55.294555020805646
43.17765401939445
32.60550904108527
26.950638941631375
133.72043966769797
148.12924994576915
165.30326774756526
171.2397841837424
48.109666784705446
138.1829426363352
103.95950412990906
174.05473059013366
140.73480418745902
90.96604698272319
107.50643809287669
12.707821882480458
29.370444445027292
85.8291723557156
85.35629367691446
79.55826098434687
158.92512901141697
54.97663385916665
38.635576080618755
30.51517023725274
28.11266739439056
134.3074174133283
147.4356526702817
161.99704730614945
172.58520298014056
47.65460937330666
135.4069170507474
136.1843064063423
173.9259018904265
150.8853707580769
89.36247382685144
109.70756753913741
12.751582583514447
33.231279928623486
84.08882829104498
86.56741947714893
77.38653476470968
159.208237208999
53.95591383265582
36.583207645498156
29.049624726987
28.27438501713182
134.84978016909065
147.78924569997685
158.51335126964835
171.47537037730865
46.914404490371204
119.90864464550012
80.99770581647732
174.7110343333832
166.63822894556813
92.05598545144326
86.33458991417625
44.65230560483876
53.0300786711303
93.29508024750633
93.7914992194423
115.07863671742695
161.94944990753808
66.53252797503085
63.978944610600735
34.314989372004995
45.12419000629322
133.36280187851398
150.50421940023605
167.255789278775
145.53396146233712
51.37057008839923
126.76773268072279
133.6013112294909
175.12284065028018
177.9277671647873
89.99879001264327
86.56634716445267
46.00088078500369
51.70534027604102
93.83981336004716
92.39943829453999
121.20156533409804
162.01774473935535
66.53351801443972
63.636158298777026
36.328632494300955
43.13344096810308
134.3818009618199
150.38829938371546
168.7520732059137
148.37784208965212
50.965336969856615
130.53599040358276
73.25421526093328
175.43215409574162
171.73310194533215
89.64492541526228
81.18081896785117
45.33534653226852
51.052744079549505
91.04855078789046
93.44816654699692
119.58636105667507
161.45843235361474
64.69080123222666
63.06836796343191
35.65491843337969
40.64014258527635
132.78157545934684
150.1023970314239
167.8238162654226
143.5308652502558
50.64801056453869
