119.90864464550012
80.99770581647732
174.7110343333832
166.63822894556813
92.05598545144326
86.33458991417625
44.65230560483876
53.0300786711303
93.29508024750633
93.7914992194423
115.07863671742695
161.94944990753808
66.53252797503085
63.978944610600735
34.314989372004995
45.12419000629322
133.36280187851398
150.50421940023605
167.255789278775
145.53396146233712
51.37057008839923
126.76773268072279
133.6013112294909
175.12284065028018
177.9277671647873
89.99879001264327
86.56634716445267
46.00088078500369
51.70534027604102
93.83981336004716
92.39943829453999
121.20156533409804
162.01774473935535
66.53351801443972
63.636158298777026
36.328632494300955
43.13344096810308
134.3818009618199
150.38829938371546
168.7520732059137
148.37784208965212
50.965336969856615
130.53599040358276
73.25421526093328
175.43215409574162
171.73310194533215
89.64492541526228
81.18081896785117
45.33534653226852
51.052744079549505
91.04855078789046
93.44816654699692
119.58636105667507
161.45843235361474
64.69080123222666
63.06836796343191
35.65491843337969
40.64014258527635
132.78157545934684
150.1023970314239
167.8238162654226
143.5308652502558
50.64801056453869
130.97212471076386
120.70606109463219
143.4396728988293
170.9466550924584
101.57369970406852
80.45395343599918
14.621635361701491
28.30263604220013
85.05915723816373
76.27190012725906
82.20076156627162
152.61002233318382
55.15116930672458
37.52927808276876
34.07998984938865
20.930820377512628
130.38205170431934
142.7757170931787
150.26692300208063
164.00386807335872
49.825432436103256
122.45211066515593
131.17967988206138
147.91017896339332
161.37826197212965
98.30529752973575
81.3418724323052
7.544895727767968
26.639249489421715
84.6484284822969
75.36397800935036
97.79799891349755
158.8057571435511
56.27678221854197
41.555205388398505
32.771276660033834
23.206172122741176
129.9940816992481
141.63606783114355
155.11941517829015
159.5828522566712
50.4332166367564
135.08180003087003
115.04957906205465
143.28437117103095
156.56022716906168
98.00995493248651
78.67048737335855
13.6820391122192
40.52835824049244
85.26767501782419
77.11374169073169
102.8752740271777
156.66184120925064
59.58457241050111
46.01148734365251
31.962402309410095
28.869352152501428
128.69846235936137
144.07538063861563
156.69125566742682
159.33657977586859
50.17046638721214
