137.06565629122693
105.80161744539193
150.51112123574123
161.2441811232052
101.1335442661202
66.39506736594575
13.688333116465131
32.03932662794703
88.27848118308597
76.89499549808016
76.01571074837719
158.47165826278123
55.866775340740396
40.91342936675638
30.981439955969762
23.51371707863906
132.8531629652701
128.22033720829978
159.08301750233224
162.2931890654677
54.88280281167447
96.48913297625371
120.23084060617285
159.38052563058625
139.37418452241477
109.43899967384269
64.87854643111352
11.267421963906003
32.767345921494766
78.69569737803573
79.73471041120942
88.18496601466705
155.545113435479
56.22963322912011
43.16742880732257
33.425096564108834
20.39370745435682
133.28789035218054
127.77815043483817
158.0724676070721
159.82505397995482
54.864400800328184
140.42110348864597
107.11631601544352
159.3967988978541
140.39643321598368
103.37896595106302
62.726766574192105
18.789114126906565
30.553273125157872
79.64521070970048
84.0251906291541
83.4408338822362
157.67783903773
57.09693095706694
45.43375992603424
33.08704578499674
22.32457924464782
133.8248950182763
127.13497992876422
157.2710348985349
155.78226987732234
54.914515451262325
133.28099562831198
132.91888035845344
162.51482843005576
166.7949793549969
98.37214661363447
112.05861000535774
47.98808515003872
49.91732278827137
70.5438602481351
117.8822862963899
105.33542844592733
154.6502855461215
54.46602060056864
32.26555526080906
32.29803159855108
17.653061768307953
124.19328712364461
128.59893928789216
148.9837541795415
127.11778423620251
54.145597415754914
135.41336630223952
141.7813397803806
159.636864717536
167.09348149934218
100.38197410827132
111.80922618253061
49.29318476368915
50.13646115960325
73.17051048926838
119.13406928521395
112.23999010424632
157.5950158353066
55.874612057195854
29.325334523098174
32.14199778708036
18.943804883266452
126.11037078338714
128.5649292842841
144.77107266387836
119.98501654118853
54.95347049551421
68.21599060089254
142.52757198813117
163.1223643314003
173.4393153777664
103.22253300960801
111.61709787969086
49.74357663027085
51.61280019566191
71.70225387675008
113.90204325469986
121.51688956118439
154.855611352172
55.06427662857396
26.276152992605684
31.23110465350228
17.580339164011395
129.12603505440782
128.4775648491785
140.31796434925755
112.88539684493163
54.43098917234858
