74.5913966483312
96.82582409406463
150.2402901940367
147.34444791981923
99.13625281062765
106.67371971685488
18.150088817617007
47.61876169026108
67.1018919916486
79.5408669657134
91.6680370528409
160.74715112349395
59.95208283883804
41.61467809723865
35.251599797834416
17.284596388721617
129.26564167523856
132.65273300468297
162.0746084777201
158.9081062324761
52.71251747758219
125.84906099706242
97.13112202151261
142.50423671800328
137.219334107453
95.8496499590768
112.518519521697
15.11368682411257
53.174358584856215
70.46782731439328
85.17595293170487
96.57118453294828
158.69095131295305
61.686904071062585
44.95288627725383
35.956594417057055
19.405245839849787
128.7591596399946
133.76347781363802
161.50776080646142
163.52740563595472
52.93315451359233
128.54862625038876
122.31463858480723
142.4410414368014
130.97307753023222
94.40825923526765
109.21536479536081
14.789579082426753
54.439139900392796
76.38077776037109
86.38307229063649
108.43792010038453
160.47040254785995
64.45852553243733
48.25757749337727
37.380218869998494
23.623669513230993
132.01920421634532
134.32983043391178
161.23438408331202
161.0313119872528
53.659358856447845
79.57294533928287
124.89331951173033
163.99729410863378
166.4976946131904
91.61485893488212
115.2843769303905
47.89486277624316
56.72501996974331
59.32022434732575
117.80898745069395
68.11657671037783
163.2572045292764
64.08148020618148
38.40852432874785
38.098613341824404
18.15925221371212
134.85372428159354
132.87551842975188
132.27496766004037
168.53724345848408
49.32398057839573
76.54280814129288
126.15520953046324
162.16293925452155
166.68033007629398
94.33744930677085
110.20907086096886
51.60662785667701
58.98666426919156
61.27378695999991
120.35789132347104
67.9246538895846
163.0117280111769
66.48490640781584
39.48472566815537
40.21652825742279
18.64750224990693
135.64503101786423
133.32347591917534
124.47219875632639
168.5132056083518
50.96148584501475
74.45875718582862
121.21968910399923
162.61585708890024
170.83844492521254
96.10158674708197
111.37816507424782
51.759313573203485
60.484641293024445
61.737684943174536
115.4639669629403
143.86404915837673
163.15303950467398
62.03889429435999
30.51679861135202
36.85250066807255
17.97558359330064
133.46678491610407
133.56740184647876
135.19434527840508
137.6178134517746
50.6545486129366
