136.6844644279845
139.01927113176475
142.61583485929793
144.60530774712745
103.45768174094174
91.20316784728008
14.473644237561912
39.60234434319652
66.13551086734486
86.40101692828424
91.12506227139231
162.17303371922762
47.229191283921715
44.020690123978106
37.714956717897216
7.411641563695648
131.75690229461273
129.52569813511812
150.65304579623498
140.86974890814977
49.543725370436796
124.6430536688639
122.91344092428781
143.4749959243259
144.7041583136255
101.58820055348346
92.24727007482369
11.04925202740953
36.920225903321125
89.81968999530426
85.77519229341397
91.34268795490571
159.88151342041743
58.7520575625584
45.92564860731663
37.38350924074586
23.459298757376203
131.69499250894407
146.4162195377632
150.34804393153945
159.56635465592197
49.3042618330215
130.9726951214988
101.35247138506924
149.636916557946
150.52727982245204
101.37399558157331
71.44465112920011
17.904926713756435
42.075544571916495
86.71870923097767
84.9063395681399
92.82454924540367
161.8993337514627
60.529544749513214
48.55010745439542
36.5559152383114
26.425415288216577
132.7078952881887
148.06616570171593
152.72761722233292
152.8439337397913
48.70596769692391
75.50603860033777
126.47740798479049
167.31768015724586
168.3374812870537
90.67172034810699
123.95203394316313
52.430651406749284
54.287967816621055
59.524332410100484
108.6348061693578
55.28587080256104
159.6977310834862
56.14650830285605
37.58970906190305
39.03269863971748
15.492698611082876
132.14691735282395
117.18082788826756
131.48815540099255
169.0211623993798
54.999074180522754
73.08630595235617
117.01472742890806
165.38358662604708
171.93127416620734
92.53047879989809
119.60905896880887
53.06666001148808
60.60937261615005
57.58927850509266
110.43858719713823
54.57788508633223
162.81865790828644
54.395200379157934
35.9003809276976
40.43058854844063
14.601073259208917
133.94087088113915
123.73285511105877
134.04850823528164
169.01566217635767
52.15276420550392
70.19561049011796
114.54656733398794
169.8065544704598
172.23441755265904
91.38979661172311
122.25665588577633
50.62430629448404
57.04775313318598
56.60165090317412
109.59615378898457
54.30192084141494
161.91359925989462
52.76314138136888
35.22039674741823
38.580556267054924
13.220546017423375
132.54169697005773
126.69327839200784
136.92254436410394
169.01390696662818
50.39833090935528
