138.67136061073168
88.39512984423392
172.4306122977159
150.68601748080354
94.62881254690781
68.55389033180383
43.17376414611715
53.3704108905665
87.69127616259654
94.62305739411322
112.4012164412476
164.1975099883956
64.63833236580315
58.671705133424815
36.704544898913845
35.29168034425408
133.7542461133428
153.1734551354887
163.21338113277463
147.9796392737897
49.584365413692005
133.71100728300868
78.66506664422937
172.20257976022862
164.80542577198125
92.594935949469
69.13635366054594
43.92575895295991
50.99017132927011
85.68976527609428
95.12638866404029
114.45552245246053
165.55166407993468
64.88716780718727
59.03147855652696
36.78171116274637
35.31710730920942
134.87319321958648
152.86427734121534
163.2193463332396
149.80795618231733
48.485822022460134
130.2463346817772
77.04188763911674
166.5851702325177
162.72322430174475
90.54854673259246
70.70305041891741
43.57087097540786
53.726109315368085
85.35661771087076
93.28216321407105
115.79779229339312
164.3908492645732
63.36954302180493
58.49768196151261
36.31602462151433
33.965603226715075
135.5168006163892
152.46986006320128
168.2920087767992
150.90621666675133
47.998239050707554
136.6844644279845
139.01927113176475
142.61583485929793
144.60530774712745
103.45768174094174
91.20316784728008
14.473644237561912
39.60234434319652
66.13551086734486
86.40101692828424
91.12506227139231
162.17303371922762
47.229191283921715
44.020690123978106
37.714956717897216
7.411641563695648
131.75690229461273
129.52569813511812
150.65304579623498
140.86974890814977
49.543725370436796
124.6430536688639
122.91344092428781
143.4749959243259
144.7041583136255
101.58820055348346
92.24727007482369
11.04925202740953
36.920225903321125
89.81968999530426
85.77519229341397
91.34268795490571
159.88151342041743
58.7520575625584
45.92564860731663
37.38350924074586
23.459298757376203
131.69499250894407
146.4162195377632
150.34804393153945
159.56635465592197
49.3042618330215
130.9726951214988
101.35247138506924
149.636916557946
150.52727982245204
101.37399558157331
71.44465112920011
17.904926713756435
42.075544571916495
86.71870923097767
84.9063395681399
92.82454924540367
161.8993337514627
60.529544749513214
48.55010745439542
36.5559152383114
26.425415288216577
132.7078952881887
148.06616570171593
152.72761722233292
152.8439337397913
48.70596769692391
