79.70171002270317
126.29961716728758
161.05662896695918
162.20046437551218
95.83531212413817
126.80086879323349
48.10298852174045
54.298434301562
73.73493482344081
107.30101502709445
86.9732243981133
157.45093814845364
51.1892224096688
26.89835739118531
33.12576090847322
14.928311344800594
127.31933176164377
134.2325572971487
151.77939561742176
128.35094704170723
52.21036310604722
78.15204759016129
84.8974123448436
161.1162849137981
163.16326043315865
95.05956330728984
128.66791857731963
52.982897213756125
58.70952818997895
75.31507565089166
109.80860507433954
75.51445083711117
157.8539343648675
51.53754303897166
32.58806898434033
32.83607476865594
16.501400176909517
128.66865100581893
134.37080440076627
143.62103005802504
133.61618550650692
52.635582425660374
73.2500443436871
142.10837679168677
161.53150220465605
130.64760343877134
100.05427146856258
99.01254885747198
57.26396998850653
43.09806583691078
73.28087011972698
111.56584912549694
89.5454001750052
157.8448978268781
51.232050198268894
34.01115168960132
31.70266659955975
15.739505566116826
123.1334320827843
134.06230225606853
145.97913009318248
131.86280899109488
53.48873459435409
93.47513900232165
122.90313212525699
171.71499346792072
134.20505348302777
96.81033385548739
93.50989643250892
17.242159646747673
30.337034187091827
80.88307614846786
91.05033644696907
55.3117965755172
159.59725424093642
52.80957393620064
37.041767787103474
34.52942981671422
16.960957546207307
136.1812884844372
134.2576583888385
164.95562783154875
174.44104432580374
51.3203678933527
138.88739378618814
113.06828564280003
168.60084047656267
141.58616535835125
96.9016537805585
92.1745551962792
11.366219362713016
30.73219490541242
80.32067800789774
86.83056827959135
52.98220626433899
158.47976238628735
50.95094659380441
32.52469943108042
32.459994174767054
16.561048219798455
132.77830886013888
134.1501575958607
156.1220078776114
173.86183867973693
51.73207037487495
135.92237114771487
124.24292735785039
166.53793452599487
156.39054770247643
94.79677105560764
103.38954346373005
12.455977321398553
35.16245060965559
75.1012673958963
92.6508391355359
49.3848746575627
159.13101686130432
51.315781734218724
32.62377810836611
32.04936183247798
15.52207871991211
134.21911265771564
133.97119151509168
157.60511436286973
174.21660382392793
51.1779816411025
