81.26842872232051
132.56244181594946
164.53043428912721
139.06870265497287
90.91510069007498
122.53943412515082
42.794233491423576
34.6838075818041
76.90937678180121
104.36926312010117
56.1857760395067
155.84288491388426
52.13685660743654
28.93080514546452
32.18744553964067
19.150084922025787
132.10753275387452
144.33265083119852
146.2016568935613
133.01120598778218
48.39596892385391
137.4649583758689
137.51277119812846
162.528008828184
129.9321809883268
93.58920727479935
114.62066527553058
46.920907206106996
36.10500935267519
73.15406737324544
115.27624357945025
72.73660177937364
155.08722089903918
53.044844898906355
30.33266146963429
31.659453920391844
19.179172598336592
132.70726874406307
143.83957716430868
142.9488226149429
131.85475492985208
48.68432819923604
75.44384469339114
128.1765545183891
152.33620681779587
166.62693983476595
107.36109250620942
130.52299705410223
47.87493548486873
58.58805842602837
73.16717447448546
108.97011441269163
80.75231268670245
155.24239475248027
53.09003174214788
30.77905424171914
31.67925516654855
18.99414563646921
132.0430664636244
143.77119336424735
140.47229068128453
129.75512750358592
48.81164515361186
135.06497834945006
140.76900887619328
176.24328834585472
130.60521578447805
88.97001521653569
99.97016646368014
17.05462717917997
29.068401125988455
87.39061060927247
87.30818548191522
76.16674894873925
158.42511085947106
50.83825251826366
38.48341360050847
30.810874353266435
22.781728749035402
138.67282337521246
143.95270345496704
167.80156958797406
170.93646982178646
47.565600283718354
133.0569246909266
77.27914230679106
174.92133693673807
151.48648992653773
89.6534704549104
101.32609748674786
10.641304801422734
28.901482089616877
81.30802578378514
77.15184305498813
51.169354010590034
156.21036652517412
51.49697909997634
30.1249312103756
33.04118499200326
19.550969098113093
135.66589893625522
144.05145232845723
160.71434977777017
154.53575265555386
47.83801563318334
133.2505006402757
131.61312633628887
174.10602604471234
154.7686421067009
91.96844017846668
94.46416367941401
11.250122845058293
31.64043040860827
80.94017958964635
83.06472604150439
46.054682878469784
156.56501943552573
50.31694558222248
26.68322156444505
28.95125311637771
21.160538476871697
134.64604733980363
143.94044314218596
157.83227432108018
155.20401277183896
47.92486455303259
