93.47513900232165
122.90313212525699
171.71499346792072
134.20505348302777
96.81033385548739
93.50989643250892
17.242159646747673
30.337034187091827
80.88307614846786
91.05033644696907
55.3117965755172
159.59725424093642
52.80957393620064
37.041767787103474
34.52942981671422
16.960957546207307
136.1812884844372
134.2576583888385
164.95562783154875
174.44104432580374
51.3203678933527
138.88739378618814
113.06828564280003
168.60084047656267
141.58616535835125
96.9016537805585
92.1745551962792
11.366219362713016
30.73219490541242
80.32067800789774
86.83056827959135
52.98220626433899
158.47976238628735
50.95094659380441
32.52469943108042
32.459994174767054
16.561048219798455
132.77830886013888
134.1501575958607
156.1220078776114
173.86183867973693
51.73207037487495
135.92237114771487
124.24292735785039
166.53793452599487
156.39054770247643
94.79677105560764
103.38954346373005
12.455977321398553
35.16245060965559
75.1012673958963
92.6508391355359
49.3848746575627
159.13101686130432
51.315781734218724
32.62377810836611
32.04936183247798
15.52207871991211
134.21911265771564
133.97119151509168
157.60511436286973
174.21660382392793
51.1779816411025
122.3272445875841
130.47927092352865
173.45436625343572
179.25438450168627
96.32468919605691
78.07959246618826
45.340199997149135
47.38994690239836
81.83265693574982
87.19411636309226
110.55250921316772
162.41751122581772
58.33858082606124
47.919612363954904
35.574522528089076
20.972426807957007
133.0536216522341
132.1845238523266
164.26858154852738
149.86059676017
54.73183545584696
122.15519838070341
129.63939055708113
173.49419342102493
174.7298505164865
96.52785641630723
73.75001412195319
46.834159632573424
47.382067601940754
82.71444593336119
86.23370198459729
114.06876319853497
161.54042440840644
58.392034489022514
49.21773526797377
35.5949434278339
21.530656575151653
133.21645168531967
132.31711393131818
164.80283347167884
150.36620726537518
54.32800253376251
130.55853583498623
73.37824551177599
174.8838263722814
172.752385166137
95.27493266813913
71.47681676549186
47.83176700525625
49.76487202245498
85.00879426517244
90.29337372227377
108.45274637026877
163.01153905261162
57.50540461369293
49.94471792574621
36.44668373475648
21.14141547286493
134.9715504001169
131.43921308322135
169.38634066781012
153.46574368297416
52.995584064135436
