127.66797553031849
137.46798309965428
165.14677709806338
163.43471356665904
88.72338702030846
92.48419269657757
7.367867180870264
13.158481982994651
94.29282675606387
80.11384278670494
117.37950429219947
154.10445517078625
57.70623311193657
16.850891061784946
31.022659917047005
29.193142191172686
134.04080415319868
138.65288828710095
157.94774227627357
104.42163703445783
50.293361313297844
138.12290380535595
151.71459609220477
166.11780361204399
162.21000647099154
88.67547975832044
98.78092125065369
3.4534550354753915
27.74730968946754
94.64369019352833
83.89844571176015
121.70757323767424
155.09693979542197
58.03401706784082
18.93199213593284
32.11748977587529
29.453575434032558
135.41748452673568
138.35893538512448
159.38647476296
104.44544144836952
50.4140917938713
131.3715713739575
109.61950579322942
166.99330593488247
150.53475162567145
81.21265467753885
95.13685378856897
12.380768017686433
30.85348857861683
91.24391727320072
89.85397042161439
134.0877748758211
156.84087167751744
58.77510896154032
20.582571330753108
28.301559140711927
33.130762573733215
135.82326971520823
137.5371180292903
165.63831307099122
104.45420709777834
51.076358217147586
135.23977222917242
135.8450429966046
161.81673806763774
162.9003125682301
94.94019446556784
115.04496334998383
45.7361222362743
44.993032264567596
75.11304615600835
113.5404883736055
57.32389533608131
159.22573695577253
54.44596007538246
35.65066787921162
33.76008106852806
21.229204134414744
126.69309924003772
139.7445596810057
146.29481638555433
131.5758777451956
50.76599268410204
136.91823696728625
136.14260031923598
162.0243895382262
162.94705418826567
96.78754304138522
114.60659913657213
49.19808195728702
49.595961803453555
74.27003722450834
116.43003193619137
67.65592358896262
156.84964405435494
55.32813162453731
34.28460875983163
35.027771163181555
21.06750173874865
127.1345246739469
139.49246091871672
150.41334835794078
129.5458450830315
49.93939457264811
69.39355696347258
134.10693439023973
160.89179662710714
166.1628258850593
99.66661168184316
113.47104981621312
49.07384852288899
49.2262525498497
74.67271359370363
111.56939710089284
95.17611594985192
157.33275005123798
55.64553851450836
33.39930205938399
33.79566561368805
21.19384222446483
127.19727449734431
139.41937357851702
143.82558882912213
120.9137352364353
50.16707664688911
