139.02042285481164
84.28319230478859
159.6360614873379
162.39397618344972
95.5530467119149
83.42363993197772
41.37556447763838
42.43255492070154
87.19037548504478
90.05417030868146
111.23484304752562
162.30684057364215
63.95042143268573
56.26935160390997
38.48135849677206
24.4238592862521
133.51959135568057
131.04104949288168
163.7514416224799
136.8411786155104
56.70932102105313
137.53738219518348
119.40384518418881
160.74973000171065
175.35887911702574
94.54254811562582
82.61873395007065
44.38985318130265
43.854447909270796
86.0295448539741
93.76798559504456
121.79111996206264
160.533478261821
65.16685876098491
57.84062324490243
41.06795956136351
24.26074514512508
133.3073052203603
131.19847143724266
159.62084083522993
138.64166474622112
56.21526497793376
136.90878226645447
78.03760708930274
161.64942571127736
166.47053923955883
94.33708064732079
81.67850056925427
44.37777033438075
45.575282271360294
88.30816046232428
91.31881531202927
116.45490435996784
159.61257915867407
63.71967611753706
58.24908883774132
39.03433438036948
25.570111633246626
134.2237993920312
131.44478719547013
167.90243748382503
141.33044092113957
56.26818769768254
121.21617431138694
93.04543283699338
147.57268757990008
164.12416121890942
102.16151331027794
98.21466264744487
17.246167632437153
35.88471168435749
81.84710283793393
79.13708153655583
64.1248996008623
158.36639197641603
59.27268737629811
36.917318473720655
37.826999368923836
19.282297174384844
128.95825454068492
134.69342713397697
150.80940816256347
147.30863931433487
53.19796012843082
124.87488761990255
128.3774145911028
146.42026073932144
151.84773516076248
101.59190266198168
95.119046715669
10.826484619967493
32.136599552574246
83.36371327011864
78.65971072769719
87.89213843160681
159.4225347547862
57.848051503458365
39.00719866497488
37.59734572347728
18.277564377718523
129.70387263537353
136.82143372466587
152.66567181131677
158.77338856666105
52.2609985337185
110.32099798353532
106.28937715644611
148.77094112142962
152.1414315593768
98.09223725600127
102.8514373492558
10.642429655374551
32.28604144400782
88.49802641969764
79.07706121562973
87.60111699453631
158.90643275284927
58.81478286934072
42.987710881546164
36.13405264674464
20.219535714805772
129.38616291464226
129.66836336671557
153.7317824022337
149.11921696358073
56.40077413690696
