133.95398734046012
132.26834041307774
177.5026919605011
173.9360036250499
87.3462115103514
82.35450401108568
43.18901849707955
50.96644980823284
77.89236592619373
97.60061557503242
118.22137272396344
163.11999251623794
71.17532711900627
58.226697271274595
40.08027189128046
29.15998540316393
133.99008334836694
134.8334979464692
164.17079537513962
152.46500238807104
55.05339103084786
141.82093637334012
129.02992220572682
177.0445899985806
176.4122296162304
86.52920676734048
82.29069813276345
45.90682920422775
49.71764444831893
78.22987308748053
99.11887214169506
116.68277591611194
164.08764561588154
71.63220523865124
59.922872864804916
39.31463134856809
29.81039120738462
131.90624862991174
130.8343318532763
166.24861239678106
153.85104535174293
55.96744906981157
140.97240366225313
74.77311412069234
168.92701321109664
170.30863210913793
87.49576604562426
78.97433424628971
44.83003101233144
43.029223562080794
78.57067590545395
98.00490936731505
118.24864998963814
163.8083251014716
69.78495671923544
58.76382256651888
39.88518170771315
27.566478930409193
134.54597725588832
132.56438215701306
166.97554915873016
152.55004533154244
55.00089110076911
74.5913966483312
96.82582409406463
150.2402901940367
147.34444791981923
99.13625281062765
106.67371971685488
18.150088817617007
47.61876169026108
67.1018919916486
79.5408669657134
91.6680370528409
160.74715112349395
59.95208283883804
41.61467809723865
35.251599797834416
17.284596388721617
129.26564167523856
132.65273300468297
162.0746084777201
158.9081062324761
52.71251747758219
125.84906099706242
97.13112202151261
142.50423671800328
137.219334107453
95.8496499590768
112.518519521697
15.11368682411257
53.174358584856215
70.46782731439328
85.17595293170487
96.57118453294828
158.69095131295305
61.686904071062585
44.95288627725383
35.956594417057055
19.405245839849787
128.7591596399946
133.76347781363802
161.50776080646142
163.52740563595472
52.93315451359233
128.54862625038876
122.31463858480723
142.4410414368014
130.97307753023222
94.40825923526765
109.21536479536081
14.789579082426753
54.439139900392796
76.38077776037109
86.38307229063649
108.43792010038453
160.47040254785995
64.45852553243733
48.25757749337727
37.380218869998494
23.623669513230993
132.01920421634532
134.32983043391178
161.23438408331202
161.0313119872528
53.659358856447845
