130.70902803803705
83.02373533915956
171.85424023846576
160.55168074564497
87.56890827560666
87.03747703789602
42.58514655724076
47.08970562253437
82.9758024232085
95.58685771331021
103.15703717534613
162.42962358663425
61.80327644072072
53.846988451639746
36.22401138073368
24.94600255699722
130.52508692508394
137.58887412234856
171.36412322353343
149.49111758385848
52.99035353264423
126.11813186364098
80.20119070995736
173.1864309207373
160.62024863897844
86.71834845762501
86.0089523770597
46.13427501661989
50.81298684045834
87.70704513744259
97.27277510253542
106.2521926299946
161.7990430808115
63.57871676597897
55.80389344741184
36.814323645240606
28.977596612231583
129.26858999091363
139.5409570535524
169.09567740624254
150.88118231398596
52.88711341586647
128.16271378578747
76.28174381950116
176.93029666868694
163.94317540742563
84.90486371108285
85.18244050011644
46.452398107008
52.76927229683761
86.48730613454174
98.59549258302394
107.99659685887231
163.20557722550805
64.26577453960539
57.06535249692048
38.735492815952256
27.987348311103002
131.6560126756105
138.93238719673064
169.4514540570306
148.35361636405608
52.95910080926041
120.08301615823548
137.81996276829298
148.35297544202493
147.76253034142553
97.86381117899253
102.80785753672194
14.830601049171948
36.13934410912094
80.82519552777121
85.01178566551418
75.81495943967164
158.312301725676
60.49422939621522
39.907095284600544
37.0066095574039
24.90760929986336
129.9130603600273
141.26766114406485
146.77370199224947
157.87113140423983
52.08021515816771
112.03497284673365
124.06222822534615
147.46527970568206
145.452263547025
97.291844651294
102.81194624025737
8.322536929650626
34.47625960794395
83.88284031501588
82.41667086092131
94.15064688323892
157.66265423778464
62.967963371274394
38.34388562099002
37.0820127294487
25.148273137344365
130.24982946188342
135.03029989478907
151.1411706761998
144.14221607213173
55.76600065756089
112.83708525789427
127.62717902965319
148.00707269283322
145.2479512939159
92.8594834731345
108.60385066772842
7.057646900622129
33.57970020370579
86.05124999518713
85.3103730501594
88.40795636970732
160.03228993809796
57.93769756846116
41.07161557574162
35.01706577664365
21.397412866083915
129.99908203596058
133.91164383445744
152.68214480410003
165.24076825242588
53.076553639423246
