77.87790945786045
126.74495384889772
163.08971248413746
163.23211738481822
95.24559226264019
122.47550755349869
48.12467271192398
52.851628169437056
74.63600426138527
110.02108041413268
75.69245770585174
159.100195347464
54.881006130707966
42.97267793562724
32.32012491564099
19.431192656114387
126.34500009199907
136.82541416168317
149.01008486800194
172.80753402045846
50.57377769911695
74.43094375028136
126.79610827499391
161.89007489687188
163.4711897517386
96.95035900219222
123.39715459433064
52.463116853299695
54.71873840928052
75.62881687052635
112.73770054450263
74.9420676026719
157.39123162605225
55.72370783751123
44.63476201311548
32.686031885919554
20.26931767429475
128.26190346471418
136.765140565383
144.8687381644888
172.99176354031533
50.6223728021396
71.15916448985372
136.70553711924612
157.1799867363755
169.23647532687784
104.00946294822778
117.69492015457692
55.213635334708606
58.87441025975897
73.4929584276666
111.11754691346111
77.02458729776696
156.39255243625033
56.51435433751653
45.57777867389512
33.85697333287554
19.333064802250618
124.93939503674794
136.7849653071905
146.97345476978037
172.82227719280792
51.13380638409447
88.94759813573319
135.81381957703013
172.54968363918354
135.3620416650655
86.26495888938503
115.19942824404829
11.783627731952976
30.409212865813807
78.06013354854883
85.08458041421147
87.17234748509037
158.44362717193675
55.97625560648226
41.216379603276685
34.02478607199466
20.37116384604469
133.28844537369173
136.7270913255659
161.35137987574836
172.1546530327425
49.793290032959774
125.40011823719635
123.87162132478771
166.86820275491954
153.38402050425069
91.459781200407
106.23272861310538
9.726553668347005
33.46466998680931
75.15068111110214
93.12009073579075
82.24176071769595
158.82225804274736
55.85316301893573
39.46668029999241
33.383914244844334
19.19009450833103
133.10380016413936
137.02803722828537
158.52552433892188
173.49551937264755
50.03107285685231
128.46379829997184
134.13984125282903
162.6752039862542
146.5714474426128
95.74097707141752
110.58778695617468
16.017858664283754
40.86622237956658
79.34328754813825
90.73427237150571
81.29057013276316
159.5512930188968
51.66062777845567
37.77382366023507
29.639230884701053
19.87178977528984
131.36449435271703
136.95502909806945
160.9929913697044
172.52687035400402
49.42565615178902
