90.44951338808491
128.8893016544041
173.0543150463959
141.89736351713202
93.80647680543544
92.84889927896404
9.631749554801045
26.822362519368497
80.24908537908175
82.01312024702268
84.43214676947524
161.99987531506903
55.39025924374828
41.70082283347542
34.262204918257225
20.034897874248234
139.18650574345543
132.39601266137316
162.98170046146666
175.0865282095452
49.85075589199526
132.9678950948458
131.01712141620777
169.37594896912245
159.20937107845336
97.01372031369203
87.16109711994034
7.10439929988908
29.21659647397446
27.25510201110902
88.62635018915013
76.14294895771027
161.22135492376154
27.036425954442564
13.19566957810735
32.80374884481091
20.670031739761857
138.3187623502987
93.60770812372793
164.63092647998076
167.35029029712211
49.45649001098915
109.82366276791757
141.3084317113581
164.98094086418246
151.02445219864214
96.64244727023267
99.5167392366411
13.080115721162489
35.86416552608411
29.73202872671029
92.59356529378807
73.30664968835129
159.38229760576567
24.502477437860954
14.584077695975987
31.3642318121964
20.75006719297223
136.77591845466307
93.46701192539851
166.06925223430994
164.3943105854221
49.3897797827684
132.6894078036319
77.61804556064995
168.99418808144623
169.27719552584495
96.02676311133851
70.92841067047786
44.82002246192671
43.75594256657393
90.39943925290864
91.12758566294319
101.21687960671835
164.45215734149784
61.5942196360543
52.68926126862369
38.243831904698574
23.026894672337963
132.60364026701794
128.24444959660053
158.3621536932486
155.503073596115
55.36496043127715
126.52221046201323
75.46747288162568
174.05242326987377
171.11529240815102
93.65823763049367
66.48650657057304
44.91392227842538
45.7982231699014
86.25011471832654
91.35156624510442
105.58930391890327
163.4333742178233
61.121032385999904
53.437814436342
39.09058048769707
21.3622126218273
130.5900211765726
132.39851991698762
155.34702791260023
148.25407670727265
53.26876467651769
129.76085366077916
70.98186254701075
167.38092573133207
178.24048875276173
91.5430987922554
72.21615489096251
43.90344499707378
45.32560582300291
85.84682851488988
89.10987377258786
104.5095979600991
163.77693706534436
61.57850815279939
53.303758364139725
39.542482425578434
21.251666237335723
133.26875276280137
131.21144327426296
154.44536474214394
155.4542033191124
53.415352756765955
