74.78508436964185
130.68444009285935
162.01968732886615
164.02017272875113
99.58837576342292
122.11105274102978
52.668189508453004
54.34433625737568
28.12437999567798
108.2693892710135
82.43389311225131
155.88115207477077
32.92672607528804
29.556435826114665
34.6503393423812
19.888871028804452
126.39868018559528
93.30548958460236
148.04256185511298
169.78425296804582
56.19624456937904
72.32096360567813
137.906060736861
161.45089222565394
172.39613272733635
100.29060110430238
120.51811670409121
52.87107815005785
56.286476675703
32.04559881638921
107.4208769330675
85.31575089534618
154.47659938131167
33.97556173356462
30.699515558657936
35.91244736206143
19.392238582788956
122.9708705081355
93.39763967815891
156.65313113447164
168.78620949381448
56.128571224073596
69.39151590576537
123.15123696834321
162.3432252391398
166.37596690944554
97.433550175984
134.34917447060795
53.53219653861764
55.516523861748475
32.058795533164435
108.13396825309351
85.58186356750977
156.29998998639098
33.928070897363845
30.709318480366335
35.41000621814157
19.486955758638487
120.08274720479646
93.15239666454478
154.9819573620346
168.3957232455338
56.2530856001522
136.25244066054628
79.34938339160526
169.5361389876557
163.20575652038656
93.50168207676946
101.46227891368898
13.144057543072346
30.60511386918214
79.16231943469054
86.02001470841789
40.88468127969133
156.98316626706102
53.38903184858661
31.125747787712914
34.845794543629836
15.506395144506607
133.8967040760697
127.95828226621887
156.8840467228713
166.44706951006103
54.67649152652997
126.26158166100109
116.81845236564502
163.53788971294955
153.35404833226906
95.15139649919695
104.15070063033863
11.578582438012365
33.73125087198038
28.696200343343182
91.11181296194846
71.41372810099283
156.7455702853259
28.890422595437364
25.36301883283944
34.14076654188578
21.882971883342414
134.9568541767936
92.68717574893155
154.53562218038059
132.67624540295182
54.10513255095159
116.05003340101155
93.93566793570704
161.5487359461893
159.24433204319357
96.7885471617739
109.2347029084943
17.879371698644228
40.82149437139754
28.926943002106977
97.92028046994591
56.80983052539823
156.74648923446347
28.580847448393513
25.44678527836754
32.2047850796994
21.39562854246898
131.1645095347978
92.97407514734346
154.24132993637414
132.3566819049268
54.95269399871895
