125.97291216165677
123.65789624356822
153.53483670805494
147.94213684148158
102.05272724997599
89.27523338785866
1.2006947100518666
9.36249415463669
78.41784638319446
95.03839863113872
74.52405683317254
166.11042037486615
58.81888555009805
49.93290545415614
32.17365508752115
22.722562396001383
125.19971459116223
129.5462549676149
172.4911590676831
155.08861269249837
53.44032264912828
124.9046557196371
121.87177184099284
152.96039887919744
147.5655265702644
101.08798610557456
89.38083666042637
1.1503358426830408
9.897403478968249
78.81557511839236
95.2315033953592
77.29213349485683
166.44670268812644
59.08124579519136
50.508792518745366
32.06489133335119
23.171994543841286
125.89973975655109
129.75636898999198
174.50831596480444
155.934033710407
53.88080848815091
118.68762814398117
117.15885424409728
156.71102015481682
152.79787116538816
107.36819706911479
94.01341755512333
2.350961878019748
13.81105266322304
79.14678662067219
89.18179314186324
77.69340811278573
166.95281840924628
61.126523056867754
51.34245541434932
32.70603146564748
24.097203129898123
125.96911425254682
126.6873231833386
166.43521500958502
154.41564747005322
54.10385552057123
124.75327173023905
82.27304568460104
153.12787287539774
153.25705372190384
103.5546897799661
105.05264664593852
33.515236755227214
48.54122279433485
88.41944573067516
78.39343710098696
82.58794105566405
165.47027328139922
56.26272508807936
37.83117643649619
33.131783783840746
23.107776978994806
127.82757655198144
132.92569048633683
127.96075755864995
159.2396044553071
52.71783771822067
133.40895774953344
83.20035301976694
142.12341499950327
152.03114636545263
97.94874952156106
105.08882600615067
35.05407814972931
44.06914633674403
82.03163157521126
91.0062852166258
89.17801243749679
165.29897916019354
58.595492381540836
47.77832000157665
32.036616024689295
24.239630389439043
125.10176278099698
130.47398270688603
167.8107754628257
163.0288355474584
53.47870485492273
125.97291216165677
123.65789624356822
153.53483670805494
147.94213684148158
102.05272724997599
89.27523338785866
1.2006947100518666
9.36249415463669
78.41784638319446
95.03839863113872
74.52405683317254
166.11042037486615
58.81888555009805
49.93290545415614
32.17365508752115
22.722562396001383
125.19971459116223
129.5462549676149
172.4911590676831
155.08861269249837
53.44032264912828
