140.70366327696397
84.48265995705319
170.58586570589796
168.48275493039756
96.21935467420136
87.65297228100737
11.748912410645785
28.097008657083897
85.23204430709364
86.30494865135323
67.09138916987786
159.8445251578129
54.729261725306245
40.86886620186233
34.99640111025831
18.452087726809378
133.62197265397938
132.0657096701087
161.89466688230064
171.1142093739457
53.72147608800142
139.74615646921052
116.06587367199306
168.6119307453673
150.3359949423077
96.93080996986376
91.66585978402884
9.348166149821324
32.199936128503296
80.90163856693599
82.19908616966502
43.54972631185699
158.60454416066577
53.9103106414849
28.976964599254114
32.48333919080572
17.991922509125228
130.69994337557551
132.1255261704412
158.82698147357482
158.94561981175613
53.346953007874866
137.22500890200558
88.45998260864877
165.7776221772725
153.46690495612822
94.27755922959942
116.12584136795645
15.830479366997032
40.03020632753804
77.58213312494038
93.232666760175
39.864096243576626
159.39741101123636
53.44449894396077
28.85390953002181
30.375617782333524
19.23935623411108
130.6866065472039
131.59432882431406
159.24740229039472
159.37399213793748
53.23259452457482
135.82344606682128
78.25035576467205
157.2509101423232
168.50673688076353
97.28093080591343
74.84908329642377
44.40268256658749
39.48584856258321
87.97800913898865
91.1603559965149
110.24942718212331
162.7335644234004
66.7407336858101
58.440699272761094
38.95539445354498
29.369140506519955
130.8227590206971
134.04579116045446
167.25129227730147
149.73064695997397
55.31374110440222
138.36846328167204
77.66295246604776
156.00617154845585
168.58978173995595
97.35135051004454
74.62659323644442
46.51606347237212
41.92307006995983
87.46320205168145
93.44723196420357
111.80676626295119
164.41875158134488
66.94172333841115
60.59198188630295
39.679171115969375
28.30709810118442
131.9429470351534
135.08059923161787
167.42639419745237
143.8254471612191
55.2224807839552
130.04741269009168
72.44247928967035
175.24800432458292
174.25090815969892
92.96161971901411
73.88113807482806
46.15096156544196
47.83834294652128
88.31235157040071
94.28376046454748
112.38722980572487
162.25852022521295
65.77396452164145
59.6407965141262
40.125610048533595
28.035686333269727
133.85535164298517
134.9018515351118
172.15368380052095
151.1511218809975
54.3189756005048
