129.27671856598104
121.22716973910579
143.8896201051851
145.63960159767979
95.5257281609795
99.94159477221318
13.845003883951309
28.98240132578861
69.02794407491439
87.69168230481476
104.53472238131424
158.67710685531438
59.612451418642515
44.55778154370234
32.46125935337717
23.951478601845267
128.75901750163598
146.83023409319884
164.9429245567281
162.01764183898055
48.8518628529339
120.85788216080817
113.91399721612173
143.89585566924455
146.77413876118217
95.5851788715731
101.8030863752738
13.22370557680842
27.79762003091662
71.13814073496194
89.72276735255582
100.62377569372998
159.4751251045553
62.11414613013588
47.86417937482725
32.679421686226505
28.14288064394228
128.61463714358186
148.8981509100046
165.16236532822708
157.2512802474169
49.18577479806964
130.78790849554628
97.94666397776078
149.79966431905922
159.46579843628004
95.99843615578601
81.19367681588592
19.386162974620536
39.94502084139569
72.36871732741257
92.25836633933294
105.95981014263674
160.0955855413915
63.833791513701264
52.2623908029235
34.86535416308774
28.623071225678455
128.93837413792116
150.67843026182177
163.81139151644197
150.66896053479218
48.9200328266626
76.07232021220953
130.26904315240023
161.09588253599438
163.3640312738632
97.95197575360933
120.17195424492884
54.99499569688561
61.360131346715
70.20007649132519
110.62669896447962
84.84495247787993
161.1346298856179
69.58346638676895
44.488365029968044
38.69197707903495
32.73437242315235
138.30984534598926
147.2847926739133
124.39363967616688
147.46639135799597
47.1819911208648
71.19540109468879
123.63333836781754
167.90847234000972
169.27169602316084
95.91494085724884
121.5305466655663
56.12171367855573
60.71090018861879
70.40231387737684
108.09513223547695
86.82979046199104
162.18932409779333
67.40076494070512
43.78785022990819
34.64114611305767
32.911715182042926
133.01245882269762
147.2763288657582
132.41352279870998
147.48803198919933
47.706324506074516
70.46947526185726
116.67256656782394
171.41961620554
171.6198705291334
97.20460052238447
118.17359878557063
53.22477583989687
58.305049137245234
70.97852779178407
103.31809401572208
87.34168824144247
161.83107468259567
67.0282836238353
42.94055567639855
33.93646167097176
32.891525209099555
131.676924633507
146.98149959643325
134.27216196001277
147.4754976059456
48.75601134231463
