130.26256799133844
93.97170080714434
144.07805916462164
164.00655378176407
106.0298992529061
84.60430231722657
14.953697235641163
36.2794837099798
85.77878956415917
81.88919311152797
73.74492119722761
161.6948547581755
56.92182264318835
38.680873979465986
36.543078079712224
21.24940117113661
129.56465618671626
148.06766133183422
149.3494865594731
158.51178146503162
47.76931370432296
125.69950465313995
132.73262330309055
145.3384141834698
153.35670176542413
104.04967332914755
86.14896450883204
10.894135560033726
34.80139890244112
85.28807130420878
80.9460052604634
93.58002887356359
160.08973840424287
58.83471224404764
42.10610703890078
36.975478421011616
20.828393964707413
130.35875526932048
136.40548137875626
150.58869249610052
153.0015684267905
52.775911858817764
89.40657724188272
125.34260149919388
158.94566610814204
162.25395866402002
100.06042192320866
73.90079963696988
16.419896032841457
37.84528189962771
85.91757370506363
80.10527672376033
98.97344963742343
163.1012023849094
60.402521342642
46.15569106163204
35.67517190690884
23.355084847259597
129.60915911797963
134.5593687477508
151.08696891134574
145.81575044549393
54.1981725727798
79.86586556057462
129.62073106665358
160.91698878193273
161.1487420131036
99.34667923538784
104.19920742796053
49.0267074495694
50.63627128572949
60.41475686027017
102.37174159145087
56.81035867230778
162.3429997888197
49.7799290677187
34.45116534764823
35.38023779249276
14.115016354968022
126.94793289269239
121.2141938173806
137.1735840594872
169.66485504479363
52.53902720673502
77.97250585602157
124.50008091753527
165.3358372198873
165.00999222919435
92.71306465132453
109.76059127639967
50.46760276432408
55.3601641098064
59.68171997477317
110.76494090693798
57.46075379567563
164.59406717128888
48.11879317854969
34.24623930152367
33.483421189882286
14.464429061418194
126.12334191991506
124.68628829610367
137.09301747702034
168.9107538902718
49.86712325959694
73.67702645245808
119.33633062920096
170.56167358890912
170.46282936704446
90.54602882725851
112.9650570999948
50.538561606475724
53.673504234195285
55.72948829087697
109.46689763750217
59.073159827258074
163.22494884463873
42.78715666666918
33.09850268612419
31.365422990552375
15.040127319077303
124.78117707029624
126.59285128376854
138.41242635517872
168.91028169064677
48.658069009321096
