64.98427417392442
100.54696843019603
131.47109669789862
154.88128178611288
100.54965584986105
99.17737564534329
27.553386105149833
35.251412300624125
69.09082025208953
80.51415187921751
86.49596397045389
167.94604479437908
52.35612120630022
44.21447779523321
34.49173785868793
13.458019908603342
127.27305404240319
119.44347864571475
161.51819649043546
157.55595822197506
51.91150739389929
66.80351589326678
99.87516528721888
135.60938977477716
151.62708979064436
101.65584326548576
94.71402588449068
29.462786366124977
34.54212238273162
65.33479331782259
77.3122403321687
78.61763555684533
166.33944974908943
50.15003496976153
40.225360900007395
35.59459480522153
11.135859152559654
129.06100124271887
121.91666626870318
163.39478010931833
158.85006988196452
50.681129822365804
90.69126381524741
127.2621659745727
154.62203470051602
151.69808140195764
101.94713231084987
95.60922013460905
7.649181053514472
36.175662704999965
58.728581388725544
80.77908671754057
72.882482951664
164.51164122719416
50.18303516400944
37.88051724141007
37.05164724682263
10.03233572188759
130.19798125886095
122.12988242940808
161.01184817899173
158.97831068175034
48.645393996191345
140.9889801614312
117.83129796873231
138.5683422044485
129.47524583103504
115.17929716647355
69.93350150053715
5.78134447414158
13.395338464958533
74.11822939998153
80.93522486660878
77.78957984825131
164.40238508209936
61.28998805394365
53.937906642077
41.62808124106375
16.02859065833154
123.50218902552844
127.47501988515496
168.65399126953204
141.86516047620043
52.588661715224866
162.0667466151898
107.711438227576
147.1370792042566
153.6287465325729
102.067499573101
81.2717538809015
4.00068550978709
20.03366237325924
82.4378585533331
85.38537482518532
81.80380896292014
166.91847513628002
57.338298046718414
51.11255597137303
35.839685655605685
18.850845109301236
127.57848382401926
129.00352512276027
167.79330780880923
153.56433624339215
51.18944306060065
100.8437034652493
153.37478355832684
162.0057711422146
158.76643196944823
103.15488517289462
98.71475290010412
4.109393840238093
34.44338789900098
76.39844897288266
76.30176615632139
88.34278713128715
167.23369478979572
54.68373034733366
47.88979742984081
36.54178915858618
15.341035975034908
127.87305471579762
122.52962461955778
161.93422774244692
158.20289328606833
52.483971731630554
