122.83982717564399
136.97930986713558
146.6409127405784
134.25303181161362
94.26746509439651
121.40960251127932
17.518440101284334
42.723183265589164
81.95864640563029
89.9814791369325
67.83580764240506
158.1206417047824
54.121658166963805
32.88771746276393
30.658817018608705
22.20902384540873
136.38326819590813
135.11682201482745
148.89027658653248
161.22062946136194
49.76575055570903
119.99880466414622
92.91482473220427
148.20174829482372
149.7820406893198
93.67765941855274
114.86332549310968
13.24199959636248
38.21023776034331
85.46061472032494
83.81639057901833
61.95079864565735
158.9714488764128
54.75517440730961
32.96838542975101
30.578539421058043
24.151747640754653
137.12147328382324
135.06709045561337
150.72533410201822
161.2187815075192
50.0041965215819
116.42564383006109
113.48664673448191
154.21843943020673
159.79278577165147
95.01107337022701
82.21710045654835
14.361286338843831
34.351868864264254
86.71346263910884
79.42017877077336
76.37251226587185
158.54407522570648
55.00667308675552
41.795931015766264
32.55270511128997
23.68602100848388
137.07431036740908
135.34956723571372
153.42505271998292
171.28266088459716
50.15174262166028
135.33516475750895
131.98382512384876
155.3840661721736
169.20337965252122
98.26765519400482
118.33689106397286
43.27044795497661
48.72882435812012
70.18833191886253
117.26991176503722
47.413611502580295
159.45417572374782
54.72842923810055
38.81541288271337
34.7808412564579
19.11113784091025
132.05462247306045
135.967313624939
141.5221349725208
161.22071103535896
49.72023030679506
134.657050471031
138.55946656184273
156.02655405696558
171.93784807707513
100.34671547128005
120.84021620383749
44.486291937146106
52.421844190676225
69.89001006111684
118.80649566230984
50.00192561883005
158.22702841170516
54.750315939849486
39.29882659604302
34.270248249459954
18.578817608589123
131.74794296370226
135.93213517622604
141.1682906031652
161.22167701326686
49.943991321541475
133.54372678119097
135.9333024831669
155.87124034208816
165.10087031778815
100.01727455134773
123.60106286907198
44.107488443056
52.58190882874745
71.61346647889425
118.08261825947191
51.903743644890575
159.7822865073191
54.79709777028128
39.5566032635592
33.428694150065766
18.886061718915204
130.14447497075804
135.91489654607076
137.53567869526734
161.22289748609847
50.33036346589998
