73.96490747177712
120.89484347243939
163.3230444280781
170.82226905668622
87.45736883915424
138.29065070056194
53.50939806703863
61.41487087203175
52.482007442634355
112.32535407171794
69.05320391966798
163.98301981388786
54.86134934883843
38.825399949264806
39.363386161319745
12.860851825632636
132.27936944665356
130.2147397047397
133.8727811835751
168.64166257365116
48.54197323726234
69.61372974103149
115.69322819172741
167.99658711405715
172.85894526866488
96.34523183939827
114.47785967575123
51.858435761863305
56.234382130098105
55.22047149653795
111.55743308591252
67.9670796059329
163.28975958467743
53.827874499911175
37.95402901267201
38.836273828469956
13.272749627084973
133.18652692930627
130.04801622224971
136.03928080085217
168.72076799518388
48.51269757782043
67.40794653041661
108.00878006659474
166.86421913759082
170.39911141599802
97.47369797359674
118.4535753789049
47.763434227149844
55.764932036765984
55.48875213756287
109.21421194797384
73.31080651170357
161.55834378742617
52.692950920513006
37.97032012944568
38.534827914743616
10.570574257958805
133.43468198674586
130.85581816992524
132.8696239520253
168.71388098586124
47.73086835692161
66.80351589326678
99.87516528721888
135.60938977477716
151.62708979064436
101.65584326548576
94.71402588449068
29.462786366124977
34.54212238273162
65.33479331782259
77.3122403321687
78.61763555684533
166.33944974908943
50.15003496976153
40.225360900007395
35.59459480522153
11.135859152559654
129.06100124271887
121.91666626870318
163.39478010931833
158.85006988196452
50.681129822365804
90.69126381524741
127.2621659745727
154.62203470051602
151.69808140195764
101.94713231084987
95.60922013460905
7.649181053514472
36.175662704999965
58.728581388725544
80.77908671754057
72.882482951664
164.51164122719416
50.18303516400944
37.88051724141007
37.05164724682263
10.03233572188759
130.19798125886095
122.12988242940808
161.01184817899173
158.97831068175034
48.645393996191345
90.78802689823408
89.25320726447987
156.85807739080784
162.86091808735873
101.32554016459112
99.97860046675035
14.62901591369418
41.78303638108705
56.497277806700154
86.0821255456727
64.11377086412703
163.62021631816634
49.21512912182817
33.056605500454765
37.57721143900175
10.596553517233843
131.651244641856
126.52015288715971
158.1870594468797
167.63771756956228
47.79417368880822
