130.27768078381257
131.56794627112998
157.05881486879457
150.71035904558875
95.57464657770869
71.80032109489603
11.407656181362608
35.10167550157913
45.49749882415613
85.66533376352304
82.94801202178179
154.0999148201982
35.04946016125936
14.111713761894432
27.7701191654937
10.40583872196394
130.6438196828697
106.78860766949843
163.29334326658892
165.08448432131894
48.70686385435879
125.28609393461942
130.53597124801973
160.04563026924265
146.14683768852964
98.26705295447286
69.53105770452058
11.165509152318064
34.41057781605975
45.55204505153078
86.72183146412004
80.89062576901176
152.93764653800355
35.41444995786515
13.97760276836091
29.010062819970184
10.63682142195692
130.85733540717584
107.01426697946326
163.0947306649723
165.08936030177497
48.6912210704596
130.18968108221887
107.0707974265462
159.24795362448023
146.9457142121034
89.42652868490939
84.75807092968827
14.188629214210357
33.77701903348498
45.258490046654096
90.58020802894531
103.82174377663218
153.4010116673818
36.016552701562986
7.3093310323768295
28.43011353050434
10.553319084379629
131.90649471265425
106.54776052855006
166.4324544480937
149.75338090082641
48.29219912019767
139.13516977853652
131.69288704746754
153.9910780517728
167.52545451063125
106.55176302658315
109.51113183479082
46.071289863685564
60.44896635890123
26.188247635632603
123.90220792623929
103.46952521042235
151.9620513945703
33.277344385809485
30.54914089917579
33.874275744240904
16.20076877266532
126.28246029225001
107.36803187262697
143.05716127553285
165.40407578566055
48.15281899044171
136.60699942333508
142.0043278073404
151.6409374985184
165.9617006330729
106.47620782806548
106.99735564949361
47.29816727542912
58.782276291300626
27.667340372585855
125.9466759150117
109.08476739233048
152.43575356364676
33.530288682517714
32.527342653034836
33.22085522859595
14.72554493130994
125.0165963896937
106.96427790934871
143.33476162546623
163.5413769396471
48.209940973146765
137.37117530094406
141.5513513015096
161.5058918472422
174.03279329998293
96.45460223189058
115.51194886680298
42.60946878983833
48.44085330714226
32.251200706658324
118.61408679394548
88.51531920497341
150.5011873897037
33.55361149870728
30.15772109941317
33.866715285716914
12.803177230262522
127.07641616964433
108.75983697935432
146.11405437730434
162.83534864863447
48.27270942720795
