132.15165803600772
79.85180859721298
171.31135351133406
163.9749658870319
94.25859201410894
82.83288292790044
46.51876483292515
49.34572191216891
82.60507544068601
91.83663815110202
109.11657535004531
161.74425940374084
64.50965458296064
58.802018644821146
37.443950597417476
31.883277066816515
132.6842148442232
152.44108942380825
167.25483528272287
146.39511040209942
49.84536782381338
130.77982292002346
74.60468347138688
174.48985905526084
165.4578092543837
94.17890385634497
76.84761065474383
48.54403779870066
53.43089168385331
84.51192958320226
91.88741764968736
113.65171668861913
162.73654349155095
64.21549743373241
59.82818460435915
37.158628737357816
33.09836944145739
132.28433822201876
151.62505257116254
170.00332811505803
149.80820300244508
49.21367521762533
125.4391334565851
130.24319019588174
167.13826015542256
171.30668126079215
94.69623086318408
78.55411079131727
48.38768904675405
54.12870639629824
84.63705667599386
90.71867112266622
119.57882684811344
162.19176574016006
64.35479243058914
59.47404116558356
38.58720705733901
32.51845170671148
134.97410305412924
152.60810862524895
167.83226552181583
150.10994688121016
48.07925166003001
143.49301936792546
84.65982319786139
143.33786733798695
160.0256976881047
94.8933249522719
103.11324827758396
16.44181182273112
30.42274822239831
89.30410613752973
80.89685749758085
70.45886285921885
160.398975459565
58.81454131367875
39.98889445725195
37.17862514825129
22.503248269315094
130.79326578893497
145.3462099008874
156.7969737607643
158.7792912283191
51.76557968167181
124.44920034757146
106.66433190884635
145.93827870644586
143.1218830822331
92.89516453496617
104.45373318908801
13.735795698209932
28.270443986767006
88.62886133054027
80.83494505265242
86.10830694487726
159.79525041466403
57.78813855908077
43.10344255244097
36.38491893927837
21.98382993278686
130.0733759211964
142.35097677310173
157.01261094715363
162.52049999405205
52.097297776296394
131.56591496378473
107.29404749398482
146.75960197500814
155.11686877000568
92.4741662277436
88.54295091395079
18.0198497288548
41.24877712508556
85.12621871810396
82.58222022518564
93.07611675578043
161.3254814872089
58.88977802411373
46.246878638084105
35.24373618770742
24.21494053541624
129.2015170081213
143.62611838790951
160.08334753532185
158.9585464751138
51.991131100886705
