143.49301936792546
84.65982319786139
143.33786733798695
160.0256976881047
94.8933249522719
103.11324827758396
16.44181182273112
30.42274822239831
89.30410613752973
80.89685749758085
70.45886285921885
160.398975459565
58.81454131367875
39.98889445725195
37.17862514825129
22.503248269315094
130.79326578893497
145.3462099008874
156.7969737607643
158.7792912283191
51.76557968167181
124.44920034757146
106.66433190884635
145.93827870644586
143.1218830822331
92.89516453496617
104.45373318908801
13.735795698209932
28.270443986767006
88.62886133054027
80.83494505265242
86.10830694487726
159.79525041466403
57.78813855908077
43.10344255244097
36.38491893927837
21.98382993278686
130.0733759211964
142.35097677310173
157.01261094715363
162.52049999405205
52.097297776296394
131.56591496378473
107.29404749398482
146.75960197500814
155.11686877000568
92.4741662277436
88.54295091395079
18.0198497288548
41.24877712508556
85.12621871810396
82.58222022518564
93.07611675578043
161.3254814872089
58.88977802411373
46.246878638084105
35.24373618770742
24.21494053541624
129.2015170081213
143.62611838790951
160.08334753532185
158.9585464751138
51.991131100886705
77.05251955122392
125.47408736694068
168.1101265143229
169.09738184707996
95.53404926161193
113.35951189708528
49.83651178012979
53.715100767323406
71.0138884752824
100.72177536427286
31.761791108646097
163.5853401307215
62.40832890870974
32.130039261953215
38.41878462853342
20.43211104221547
131.68181428612348
137.9986739586317
134.41357704518884
146.95091377157487
49.98347026225292
74.49270297638724
120.1954163785205
168.92562952279502
171.24324497777621
96.96560727239209
109.23882085087814
50.6767163636723
55.042795969464684
71.02894951329006
102.0702057347476
29.029349754655662
162.05400034947368
60.67196697619807
31.283992869728902
38.269523512035704
20.208746688679195
131.73682395075136
143.69679939068953
137.17548611096942
147.00915946970284
48.139072944156574
70.54700906714564
115.92878784960908
165.79403939449566
175.54874681365632
99.57947002688786
110.1956778516463
50.90724880826405
57.475926363060495
72.51457006587046
100.34326744232871
31.626495321218282
161.70848401541744
61.096760685580705
31.929128376789688
36.788051841371825
20.993818630620755
129.6169861057424
142.25915357034748
143.78338556593258
147.00879583478005
51.11548970582718
