130.97534515018936
102.95048659158499
165.11861560653355
150.58962392274037
94.7249210886532
129.23277527707282
16.05341792457516
46.528095331075676
87.00888937094668
77.495991658045
45.73394275670433
157.97459695899448
56.31607111277813
28.11006675927688
29.36850708721292
29.256815720589714
132.88656399714066
147.2160615185366
161.71927723247487
137.7715446008225
46.493608553476875
138.14288112884108
82.89386811936541
166.59519534633887
155.12439900233088
96.39808033804866
90.33529219825792
5.985793618207491
9.382734719363313
87.46604551486023
77.24919574370084
51.3348108252414
157.9643742876766
56.32123433025612
28.433628986329317
30.252080006371376
28.59306548430992
132.6789194097633
147.21859252104642
163.4986380978927
137.77102912280859
46.71110319114287
148.43936660302668
149.78412040092596
163.32949294667554
134.11011852364354
98.13168170740374
98.4729662754815
16.510903448993723
8.942272288091058
79.49755645680541
83.61603558662378
58.5614168902064
157.40140398567232
56.533547974098326
28.601522189372616
30.07861782181504
27.536737264602426
132.06425840273803
146.63740523464142
162.65682938299727
137.77899080361988
46.2330959048748
77.91400599102695
137.3933660095512
158.2419900301998
125.47568714463381
100.77325887225213
93.61747779315672
47.07927673015861
33.195253708274805
72.23512422504153
106.48956980932104
95.12364728890208
155.61596059205385
56.340222137917216
32.42153342186113
32.91133192909036
21.257546462754274
128.00800695132733
148.65157201357087
139.57872089300727
122.81622342762718
46.84897581103152
75.65072502532476
136.5711595339275
160.24043196628668
169.1856102784467
100.70436462499673
123.68984409675686
49.875878715395054
55.536120797561765
72.76325880271891
109.58549359804051
90.62921026717062
155.41671358017473
56.67548868615797
33.93368540588877
34.739016349615234
22.658749494919153
132.00887754591596
148.6334590241502
142.0635901457645
123.23737945628206
45.86606832563637
130.78746556996956
122.96565871362054
159.05042991269963
163.48307396363865
103.24663726836296
116.2532207836765
49.6580609381131
55.59019179851627
73.4517384245404
112.78496204709926
97.6753859904641
156.93542355114454
57.483111597323386
33.34460961272431
34.67257977904885
22.43275752112504
133.3365771997487
148.19925182397026
137.55876614754754
123.78023307231565
45.58782414357822
