126.64286960776228
137.2846825725666
147.42595792422475
134.2415398138081
94.4938666840488
112.55469016162483
16.593292816316453
47.271827552906764
73.13180369959977
79.87253636402909
106.73292615083055
158.83595416834655
59.27921927543239
44.12557174361907
33.34142545079256
23.325266902156162
127.68840624425137
143.37233864558888
159.1780990845468
163.97053156312094
50.72099182200607
124.38616921849761
110.0966172808113
142.08918311246225
157.9477729763287
91.49225229910056
85.88397754232342
13.98090028163653
38.854575753462086
73.9913784061712
84.24202281903295
108.80089956212466
162.72118050801333
60.25747603712642
47.084531525047716
33.24941998199488
25.230567555584273
129.8607542584574
143.49237564943365
158.86682426413918
154.59070899201623
49.760582060588035
100.634720520322
98.71047263393592
168.03055379724208
153.1372521647442
91.8333697759342
83.55976444461137
21.57117699780037
39.094231709057716
73.03833642017746
86.99301742429168
112.37003150412741
162.22330143457938
62.49526049597934
50.00290070589769
33.127284141841464
28.644470387832133
129.6815340916603
145.23383357577256
163.35395947816366
156.1315651103879
49.80569811488581
80.48428758934821
132.32727348557273
163.49187769617362
156.55853495076437
94.60744626594803
118.85346006385224
51.095187963363564
55.435775631390165
63.920302924026174
110.75877718511374
71.26771553421874
159.14192895272748
63.23809716075162
43.53410900803771
40.10013973187726
18.02072134850933
139.14282161502197
135.27232893291364
134.5148820072037
171.686708113579
50.003778684077695
74.7915514216507
127.90295448218744
166.7395600771
164.4870895185586
92.82889846957463
123.41170703474279
52.21447887613166
55.608931104086594
65.28894545087036
110.35009983675573
70.03923351084731
159.48944906621662
61.87307942253392
44.21968288935109
38.065996504577726
18.646012729987838
137.34168337560422
135.22079558625344
133.90161124902625
171.6626868111863
49.958032837204094
72.32573588077999
121.84046142802016
167.22765037108314
167.88756641326586
96.411715274451
123.78760032203789
53.767385408156805
59.08048246700071
65.01585766265275
106.02314027376306
73.80028128285367
161.3632635605241
62.0048620332076
43.60029293978241
39.594228359122624
17.632946397443895
137.78026801843552
135.41705640868415
142.5421084804967
171.6489706620844
50.17759274786233
