126.60156186456265
93.9440213960882
139.71313748284814
140.2267527143562
104.95329855826053
105.65567799241684
16.711966406322006
48.51858012507399
79.00017749057422
81.18486549687223
53.787911088078204
157.54928304252454
57.86771556131569
36.55968875949596
39.6134080702029
19.621672531810756
133.35853738625934
141.62732541520472
154.18600700350805
158.01473472228645
49.845575345525795
119.89790089010414
97.77967595311708
143.9930516540721
139.40111615544888
106.38685171190849
103.02158486962536
10.165940349439195
45.50040673133611
79.24798394477385
80.6203425510414
65.39757523565922
159.7321148136102
57.07282480273389
38.61322974691299
39.276592327708286
18.880058264550097
130.94088691619731
141.72710698920477
155.67898738107135
141.30342431836704
49.7053003885007
90.03395212822696
122.96236177757538
158.66042174967396
139.57237921177605
106.60222968947183
95.54366889456269
17.410412381644566
41.19532390274055
84.58266634912114
81.37931982085455
89.1177709836478
160.6479353614218
59.443807354204594
46.29313496550024
40.31485434985962
20.680139766512738
131.78274722886863
141.08241624977245
158.63760881804515
169.93599101965404
49.4322996024278
80.46015316617567
128.9784868962557
160.32630313264198
160.35885733154348
98.0099691066998
103.73116585544946
45.07874570486646
48.6330068792751
78.5314124661024
104.75122334523002
49.78868091065581
157.76597656559056
66.34822578944978
42.18819817286999
41.34173143769033
22.289414552068276
133.9781470169921
136.50095477302924
133.8302358863565
158.18616520524265
53.539764317333656
76.20507773026245
140.05100519361923
165.17247965950995
168.90182559753586
82.40893597228958
137.58719850699748
49.84952735585856
53.83310670851848
68.24274495753
110.77607045283705
53.86143244702329
156.02081866845012
65.00222996855433
40.05151126300517
41.52432782294849
19.187198123207924
134.08124249281633
139.52535582660923
130.62554521661747
158.02474345500147
50.29041496653476
74.09912114651976
137.31721741416865
164.85154408199688
167.9256910844032
82.57580062512551
144.27090450892527
49.94367294864582
58.46303144761549
66.85289572221271
111.1907307011227
58.725912101050234
156.20226594420907
62.96349172591127
40.34671697244774
39.00842113208355
19.18449660054539
132.3552627597532
140.8143423590629
135.94326378698503
158.0244110649455
49.919057872355275
