136.373227320311
137.2588175251939
160.93323941374956
167.77825349727422
94.09128403656523
133.7737800444004
43.121656088890774
50.487718613769395
69.66754177500411
108.44597640369093
83.85735729495819
158.61268472065285
52.66977757331233
43.88133840619332
31.700033943165504
18.32813465908427
133.40465814096456
142.1870054430906
145.6795931750979
175.72434484569985
45.43041574099405
137.54709524142874
138.0677616454151
161.5602603784698
162.2524709590494
96.35592948483085
117.7687572404964
47.426478680843495
47.17955052559139
70.08445037239139
111.64565763928927
85.18299658853827
158.63504374213105
53.15834761903128
44.91630833177123
31.983375173638866
18.281740234239166
129.7741756741534
142.22799099645852
147.04613283381372
175.66128787782014
46.35007499554149
72.00667462511798
130.18190930676124
159.5249558982631
156.66157323605933
98.71048351678212
119.28842658382821
48.654354684512086
46.66867487734017
70.79477631889308
107.86593162696452
82.57172480665679
158.55259560350265
53.1168464919119
45.10982596954623
31.259400376862782
19.54373955576584
129.81514997343973
142.00279088147795
148.68616098035386
175.69718420101407
46.8772610488922
138.657984654452
70.19593366067059
170.29012772409507
142.72110445406926
96.6648443174247
91.81977457421178
14.83461007532861
32.69165061779337
80.0039439732537
87.03662884160943
90.01373391364902
160.0692952081049
56.800705593347026
45.38518007957324
37.59995440000912
20.617727695274585
135.74264795295
141.99353951637227
160.22536335858487
176.1779026759868
47.29722012968534
136.50560636575509
137.76025150289098
168.10984278295402
151.93743117639798
99.39574075395576
86.17194063452777
12.568100941633043
33.7169203241174
77.64189192954335
87.61674907775371
87.11065013632202
159.6279345602871
55.778530923524016
44.090695637272496
36.76964101978608
19.181532211861654
137.35682437157308
142.36174515364618
162.10807702264174
175.44786267353243
46.30703731308752
133.35737634397887
86.89902597942681
164.27823957052493
157.18852197583956
97.37615516974513
105.66453549891851
16.32234816638492
39.60777853526733
72.97623274015922
87.79066824192113
86.25919160562336
158.548558703304
54.69245277168107
41.18599805603751
34.78439794775404
18.596009505544824
135.56347097457493
142.30920756543264
155.12390853643848
175.86812890753197
46.33326609327368
