133.58051384565115
71.33391998257089
168.17159263674583
147.7946093173969
87.2544878601286
118.16454268023291
11.81188916688858
28.41975855392153
81.97388703884629
83.7364773401526
84.10523164947128
156.8366841977888
55.767955275455044
39.75078759270357
35.108622194520045
21.137963893546473
136.64552524319268
135.3096268415765
160.95011153073762
174.65612884490722
50.63259804704838
132.56656952361433
104.00830026254837
166.62528130631736
147.67228580953565
87.5729685010312
117.8131648522257
10.86101302227081
30.50552659382803
77.35189560487682
88.1616188466066
87.70774416288253
156.49029225476818
56.41020274088861
37.15419604458702
32.406619675026725
21.84156986151526
135.1962696076387
134.95313101283853
155.43324488252983
174.66676569981226
50.970271454241285
107.78923247522438
134.74720554625543
160.44418368618778
150.16165601548803
89.69751948103342
119.58337498083591
12.98983584630831
36.34767395300649
81.90023973205416
88.44343335880093
83.13073621173805
155.1980728386483
54.25181567812734
37.05821881610308
33.59398385082973
19.440880681648256
134.8326116159208
135.4792459178752
157.94164999808072
174.66090130408352
50.78300599187945
124.58012426613072
79.48595789808347
167.90815021699458
161.49207827230688
89.0355722421446
84.96523575259289
45.1009452387349
49.82850035219112
85.43752994871522
96.95201732837866
110.32441063759813
158.8546117417663
62.297392580961386
56.38382181374815
35.12897783256715
30.335927699648536
132.40609785919278
139.28169481872965
171.3719546602024
153.24851239119076
53.567855593710824
130.49630860088203
74.07961533736497
170.07790777655487
168.87780173614308
84.99072310396512
86.58483856722826
45.514632772652796
46.211537219107356
84.82095590388343
98.45774772700115
110.88823677028296
160.97470771232028
62.032315741280684
56.33607322220634
35.10814860322974
30.41696357848934
133.48486844982045
138.08506515760618
170.73561505064745
155.50358777829032
52.62517370355903
132.67602151808114
77.645722202398
173.28953478364363
158.50529285964984
83.35669188788637
86.38787313202542
44.13427209057787
55.92894084639905
92.26802823511859
97.07790260864624
102.100462858199
159.51156938398813
60.360603232656686
54.27327288616049
34.72839979777661
30.26303710904197
129.54332255477175
136.82933730600703
172.00611206550207
160.80987749596852
53.40447648231218
