143.14200604534017
150.10764142013363
152.32029271010907
150.2106056156804
94.68306598129683
71.26265467958486
6.929217185139103
37.521310827176876
79.40288537933237
82.83276761640568
98.18481510678805
158.05800883946844
57.5288205841322
43.59296727592401
31.307462580064293
26.458612130995633
134.18800350332117
132.84104389015826
160.99503588847674
174.65167461575604
51.74766853571064
130.42511204181972
154.44026111738745
154.03268246640584
145.5116011576488
87.91935446507239
78.33036369664651
4.492697060285553
36.22388991588081
78.86543130706981
94.17280390015539
101.2975558718823
159.02550528129962
58.667294524295805
44.67702258275301
31.380656894655075
26.618377795553982
135.1622858117375
132.77267233415785
164.9415091075279
166.82762328214335
51.62296800699648
146.60223867975222
124.81865938240576
156.81668055494583
128.29247186487103
91.33171861460117
75.53158695583997
2.5868921926691657
34.538459160455965
78.26733432259371
95.4167943621314
107.21072130041242
159.21179704946442
58.93947885304298
46.264725599451985
32.8923441500727
25.800188460382138
135.2949065781071
132.76526624067768
163.53535525861653
174.6487390719541
51.51634641958963
72.7524633455222
130.67698323264366
161.07073648165277
162.3851621047707
96.36482001021194
127.92225809413023
50.14418151862024
49.55544465481972
75.02207497631788
110.60419879760107
81.40091145937943
155.67130092527267
55.921964926533086
42.94109323450663
32.72675522911213
20.303358747757887
130.37281639996655
135.17238683695803
142.23739954940422
174.66766379836014
51.290439132068805
68.96195835366939
128.17544725289483
161.93161577666467
166.730775152943
98.63826167989336
119.4912320084828
51.34537176041695
50.16599473456201
72.67393915848922
112.56921070349392
86.92541902079464
154.2959581948139
55.33116467538547
42.82293566644286
31.776493425188708
19.32221639242281
131.71987335226245
134.97546485853024
142.73027976979816
174.668071771935
50.88681079910085
67.89449488130354
138.02453361641489
157.2541473238367
163.3743542255531
103.58384502434332
110.30413099585897
52.22510029242387
51.14760042061902
72.19159857164829
115.17962675567314
91.08109265861759
155.56520827060336
55.40622529518646
42.71974656734888
30.459657775392902
20.00574528346551
127.98708968158533
134.41629053429742
143.9335163063196
174.66904926072453
51.4212603875321
