125.05224453068894
81.40268505373764
174.58388231090902
159.63475631038145
81.5025804234497
86.07052362383916
43.500652197002275
51.85914787239872
86.79684804177913
97.73776030824573
116.03373811047813
162.9393413854339
68.23884026213818
63.09087661440436
40.10757541266099
31.156128972741904
133.9188901931752
139.293917788549
168.5566543656332
145.43537892908242
54.11149095954983
130.0653863655837
75.79780803573732
168.71229945987028
165.6686430595052
81.72201098054893
85.8562911862173
44.07450373186444
52.092701276278
87.1934450238742
97.3818287344816
116.64937539771512
161.49686628696156
68.56978880646491
63.2461847022936
40.61347806288725
30.995052202502205
128.6728117618545
140.41502596933924
169.21138825057926
145.97290928649974
53.247700405373514
133.4481214274535
69.29177291738826
166.69703999505833
174.80837810303845
84.09908495284351
82.99158947691924
42.66248373440909
44.872726192768226
86.67636272902135
96.49836586205217
115.08485958148648
161.88902236220648
66.10123693543416
61.04202645166267
38.88941474861904
30.095789547362315
132.33062420944268
140.40599545839586
171.70503620715095
148.7829314586208
52.733212655881594
125.4314711868227
115.22441968697063
147.00197288135405
145.65602259637438
94.57119510701449
91.82297690291587
14.61578797089086
15.641260028486208
82.92156024041286
79.11278458345186
92.79051970818482
159.8735137382024
57.45257821284522
41.796149582333726
37.0263281515044
18.124819862425195
128.74436361062382
135.43600248828116
153.73250173173605
146.89045622856193
53.75756112804976
122.49290185058128
99.36576914473801
145.5448513948019
153.5285475915265
93.99642140150526
95.92482323642976
12.848764719747713
13.51220068731326
83.42621162981094
77.79143480241669
95.38914017249888
159.25189841004632
59.49790037940307
44.60051900625328
36.19743362334221
19.340995959806477
128.90095849261996
124.51155110867415
155.82046079879171
157.4552439504183
57.551400083040384
135.7255087886783
115.58344552527163
147.24455323275836
160.0985052344524
92.95049917409989
87.11426109359056
18.33150556811271
39.5555439922799
85.41028304233558
82.68841165929017
97.00990637773978
161.42095703884675
60.56948994865178
48.46044825422352
37.15399226273419
20.992019092137827
131.3102083315631
125.41500364289676
156.17218584322993
149.84589383672986
58.84316727901922
