76.63240467780749
128.21031891478214
160.87607343117514
167.36940530694963
102.10880448881922
103.57956917427772
49.733011766775
51.769561928935175
77.711254121838
103.32454935620679
66.581652249168
158.2799836662623
67.26006002536477
35.54764595377202
39.83304331057221
22.87042906303317
130.20393278990304
136.11070945211517
128.42029080584732
128.6543525758637
53.73718272145507
72.30066092581133
123.86611352041315
167.10968500243973
168.5703685701058
96.45855313383178
106.10195055867885
50.02399703553658
50.28939976335889
75.997530399417
105.53818106483466
72.35317029551055
159.59160949979446
66.6501024359515
35.22875768244997
39.57619741224724
22.63270386474942
128.87375155921137
137.5641004715786
137.1009075780043
129.13263119381693
53.726480623360786
69.40683083064673
115.35317943791105
162.7420966237108
177.15350404815462
100.3240510211449
109.51523751923676
49.430261608277995
53.02286777723065
75.68156600452731
103.59394761760846
70.26031748541968
157.52167946137396
66.03806976389802
33.910053123839674
41.33865542636514
21.307224494789956
132.02086743880767
139.93244338683007
134.26201203688748
128.610769891165
52.01658204174008
97.94630683572798
89.47097092437566
158.64574538615065
120.34089170687892
95.53825488818953
103.56484363450191
32.82807582258495
35.18672219521559
80.13273613303959
83.97508230867928
83.73966108038015
163.95461000273647
66.71516761353394
45.33765527120209
37.800645388010366
24.61594866073374
133.25513169478583
131.48456737826058
164.7369686839844
165.35526251106302
54.39435639181991
93.67920113641807
129.50732661994226
155.66745991247154
150.8715064724983
97.57213819415892
98.52177822490795
8.379056364814618
35.384711412963895
84.61381133289773
81.22148329312996
83.96362183613704
163.00630870328447
64.44097550821535
43.98554818749734
35.78334558457412
25.053490421853585
129.65966511193224
130.6713251554744
163.09171736861282
165.3021266139049
54.78898790107015
91.14658908931898
135.53215687427786
159.10232227769052
148.54629814323542
98.50288113765676
100.68459230689263
10.929745664717998
39.481477252898834
79.71453523936897
86.7641295296891
104.57678374869452
162.25158670277108
64.72555068187636
32.766962663573985
36.190298053146435
23.88432249514479
129.49598246068723
132.04812337724135
155.84219601637727
125.05238504247463
53.34030027101092
