122.86094097228523
118.43203880688601
145.215576436511
153.75123278304358
101.91564395537048
90.94957287983082
13.9565820091544
26.016947731489275
86.20859946794891
78.08681201532266
91.3852011489971
157.4560626767375
57.751152832656146
41.26112219482108
34.84648668624996
24.781060877389734
126.47520281473005
140.91284571424717
158.05326978660503
135.01764017809202
53.93491473911586
125.47183594804076
138.8925840634524
148.8550850208251
158.13988102183475
95.73181166727214
91.78760266136625
8.29948250138012
20.65663984418308
90.45338931379115
77.6596255741575
89.95629680283389
156.83772532391336
57.579706407134616
43.82372044607238
34.62801024049174
23.188948076991263
129.36737560825546
137.1172898236865
154.84576320489623
165.20867429895156
53.6234451986691
124.15136604846452
121.85294357974071
148.4220076255922
156.41332071341608
93.7367550567759
86.51535474151096
15.787765406541418
41.159044183038084
92.02780883255745
80.6760512045529
91.40581909260106
160.19963136647016
58.35822161084094
46.86872588457918
33.17159875549995
25.6437998730323
129.31363682671196
137.0463894675677
158.6642680197564
155.4421144828687
54.366148942185006
76.63240467780749
128.21031891478214
160.87607343117514
167.36940530694963
102.10880448881922
103.57956917427772
49.733011766775
51.769561928935175
77.711254121838
103.32454935620679
66.581652249168
158.2799836662623
67.26006002536477
35.54764595377202
39.83304331057221
22.87042906303317
130.20393278990304
136.11070945211517
128.42029080584732
128.6543525758637
53.73718272145507
72.30066092581133
123.86611352041315
167.10968500243973
168.5703685701058
96.45855313383178
106.10195055867885
50.02399703553658
50.28939976335889
75.997530399417
105.53818106483466
72.35317029551055
159.59160949979446
66.6501024359515
35.22875768244997
39.57619741224724
22.63270386474942
128.87375155921137
137.5641004715786
137.1009075780043
129.13263119381693
53.726480623360786
69.40683083064673
115.35317943791105
162.7420966237108
177.15350404815462
100.3240510211449
109.51523751923676
49.430261608277995
53.02286777723065
75.68156600452731
103.59394761760846
70.26031748541968
157.52167946137396
66.03806976389802
33.910053123839674
41.33865542636514
21.307224494789956
132.02086743880767
139.93244338683007
134.26201203688748
128.610769891165
52.01658204174008
