138.24737042337904
135.4493587025893
168.97090439209666
133.07355438304418
91.6323181740455
108.1784224961194
13.492166451947003
31.22613184169651
73.15493026872927
80.98407628202374
87.89585309459076
156.85253025998412
59.43879679542982
39.590718934545066
35.228391977410325
21.546473445686555
133.03753960912283
138.34200895056972
151.78222469715985
170.27643002733123
51.13895993681146
134.6941665443383
128.8968133201702
167.46657630067847
154.6317809171898
93.812244618762
100.6823471537513
11.495926600535883
32.42595405476755
71.49028366781968
93.54453655630454
85.18040181194411
157.07414597683677
58.42240116770754
39.66933995594457
33.02384013131925
21.58531148364925
134.21617608366677
138.2090050689261
152.87492718123536
170.24215465972196
50.349210653233484
102.56650916591168
116.95753975458173
161.53583541373644
149.02148022361078
96.42048613606354
101.25908180391701
14.750543632101385
37.62229407885039
77.26367999165173
98.62386112905659
58.61897982553727
155.88503255720747
55.64366777586091
29.669116605290554
30.493350963014226
23.042677052012273
134.05224887091626
138.36847465986838
151.15850904084888
153.25146211244146
50.507322802204534
125.05224453068894
81.40268505373764
174.58388231090902
159.63475631038145
81.5025804234497
86.07052362383916
43.500652197002275
51.85914787239872
86.79684804177913
97.73776030824573
116.03373811047813
162.9393413854339
68.23884026213818
63.09087661440436
40.10757541266099
31.156128972741904
133.9188901931752
139.293917788549
168.5566543656332
145.43537892908242
54.11149095954983
130.0653863655837
75.79780803573732
168.71229945987028
165.6686430595052
81.72201098054893
85.8562911862173
44.07450373186444
52.092701276278
87.1934450238742
97.3818287344816
116.64937539771512
161.49686628696156
68.56978880646491
63.2461847022936
40.61347806288725
30.995052202502205
128.6728117618545
140.41502596933924
169.21138825057926
145.97290928649974
53.247700405373514
133.4481214274535
69.29177291738826
166.69703999505833
174.80837810303845
84.09908495284351
82.99158947691924
42.66248373440909
44.872726192768226
86.67636272902135
96.49836586205217
115.08485958148648
161.88902236220648
66.10123693543416
61.04202645166267
38.88941474861904
30.095789547362315
132.33062420944268
140.40599545839586
171.70503620715095
148.7829314586208
52.733212655881594
