137.47765204630025
138.35553990771425
161.85416093877333
165.16736067892208
98.70654057337988
114.725379064272
47.87595589808532
49.86974492322769
66.32084258296264
114.8097008951267
89.64396010530028
158.24113556361687
53.35581803858081
33.82040526982351
31.42351779133362
18.169591312997337
128.20407512339287
132.18635336583543
146.3771021411992
132.25969430638875
49.407263642534424
124.6589230988849
141.00073702077134
162.70313714783637
170.44261660671432
100.2392501133228
112.61147780982988
48.25783667552928
52.202904433546486
67.84002244502584
115.8302107243576
94.39614948806017
160.06901616081774
53.73258295534939
34.49857977595281
31.1196838344168
18.529779936325525
124.23120604379424
132.02628631864852
144.60541293285547
131.43647047557187
50.02550597083675
69.07116600410862
136.57067585218184
165.96676808778128
169.02140480467946
99.07092808404252
116.5220449695102
45.392698667139975
50.63929014898082
69.53630137826039
108.76302985198168
91.48208605226098
158.27020660357496
54.51101588459423
34.48906673815686
31.68792397791809
18.759633270493772
129.14241139469326
131.94654771455038
143.4770493866216
131.90833650223928
49.795233922441746
146.06629755968913
139.2629713707048
167.83006391187698
137.70570089318713
91.41433587049814
104.97651022056888
13.513059910074602
28.881563572292585
74.62412541044284
83.3654611917318
78.28878427383289
162.4199203508098
52.590011257004385
35.59593369539432
31.982760746689692
17.305632708283568
131.54714448885173
132.66949555968088
161.35028141996125
169.62748567429747
48.50271853345712
136.63578259503774
133.27889177514288
169.01652787680734
150.72873473423954
92.68310400368175
101.88732420212216
6.416602487035183
29.05527192337298
69.25939842724932
88.66589285727382
75.86276672919256
161.12632077533777
54.004775998446505
34.46822691624098
33.20785765639922
16.683755315101852
134.90284028234603
132.66625256095176
159.3312368455803
169.62921674129754
47.5375970374106
116.56951284901551
135.47679868025074
161.18458903982417
153.9643706681439
98.0518776711767
95.19477606097584
10.626291624956139
33.85042246581423
67.38297362288864
91.04110372868965
75.41616315639413
161.1205677306403
53.38978792027972
33.661846345366286
32.210407129208434
16.04916025787715
134.83675092361293
132.53024361633115
159.314130049613
169.6327230053275
47.7371717435246
