126.94259176534057
104.33419884683335
150.15137121424598
154.82925447786596
98.15077447226597
87.06777459558016
13.842471050530618
16.402935977975726
80.30450521560424
74.440801318527
93.19861450157578
161.71941978076177
55.4301301516662
37.71224882976619
33.727226733015854
18.977703831403087
129.44812081319625
131.02728963966962
154.82265070842655
162.86625410403917
51.74677800250178
124.82364328076028
87.75436618556219
149.96025401552888
158.83110539675192
96.14636120638374
89.62809949885528
13.530817028819673
18.669604343887915
81.34745717374331
75.85251489608665
95.01018086345726
163.10246287540184
56.78333769155237
40.113150906283266
34.53588671443586
20.25609797286836
129.99943726906358
130.63221457442032
153.1154100910961
161.30152472526242
51.66089316072716
138.18172066275613
99.09902442383479
153.3312761516435
152.69393765601492
96.06216175571238
80.51455980536016
21.21677004308746
41.078548046908395
83.45519469238938
78.57031737317766
96.33310533623145
163.33985327165254
56.392593402844184
43.59409345210633
34.068379138865495
20.30187211115929
129.65196742226547
129.8334198770237
155.2901854464229
145.62213296731787
52.10111822256755
78.97897084797908
138.1101294737734
163.68787866414996
169.10263819943134
97.49340219609353
117.39589390637803
48.202963721322945
54.39563658241094
20.61466171112824
106.7160727648647
73.82652079976485
164.1939092630709
33.755414215315106
32.39891382486911
40.581933347117
20.68317342514296
134.93128674669924
102.27666714838612
128.99596996721425
167.5661798231419
48.37185458830222
76.02254397392261
124.23343059945874
164.5096963128187
162.96435018338002
98.25932040975219
117.77295729902653
49.46282471469916
53.36484986505962
23.181216455440246
107.59936281089743
74.56027236855304
164.3464638231041
36.30800030538838
33.7403789729264
42.68698866551756
19.24394005175179
134.3267744210426
98.6250768340566
133.27767995416704
166.99529449499352
50.94486948864989
72.60851726009028
117.05995693199046
165.82828845571422
168.5038186746471
101.39930478606219
112.3240125078867
48.955736883965706
54.459376588839625
22.451417629362833
107.7557351941745
78.1731005390137
163.6711462721051
35.410211840198954
32.25332437488505
41.90696830355018
20.10136043944588
136.34836117471968
97.18053988181647
129.84375538788615
166.65898853773788
50.21620878784974
