146.06629755968913
139.2629713707048
167.83006391187698
137.70570089318713
91.41433587049814
104.97651022056888
13.513059910074602
28.881563572292585
74.62412541044284
83.3654611917318
78.28878427383289
162.4199203508098
52.590011257004385
35.59593369539432
31.982760746689692
17.305632708283568
131.54714448885173
132.66949555968088
161.35028141996125
169.62748567429747
48.50271853345712
136.63578259503774
133.27889177514288
169.01652787680734
150.72873473423954
92.68310400368175
101.88732420212216
6.416602487035183
29.05527192337298
69.25939842724932
88.66589285727382
75.86276672919256
161.12632077533777
54.004775998446505
34.46822691624098
33.20785765639922
16.683755315101852
134.90284028234603
132.66625256095176
159.3312368455803
169.62921674129754
47.5375970374106
116.56951284901551
135.47679868025074
161.18458903982417
153.9643706681439
98.0518776711767
95.19477606097584
10.626291624956139
33.85042246581423
67.38297362288864
91.04110372868965
75.41616315639413
161.1205677306403
53.38978792027972
33.661846345366286
32.210407129208434
16.04916025787715
134.83675092361293
132.53024361633115
159.314130049613
169.6327230053275
47.7371717435246
125.11286356045564
87.02592603292574
174.77078668948892
155.91994887611986
90.3591608540659
81.60035689413473
40.45311696407784
48.1277445361941
87.257681061711
92.09312975703816
108.97158690876087
163.2207665673993
59.38894118819797
53.102825657889625
36.56351407765852
22.901476944127566
132.1874443895575
132.61916332919716
168.50434769384484
136.9286343622827
51.89917591710574
120.54370267084768
134.87281320514975
175.2543447665151
170.27043471613544
88.13459321343876
77.4656424470921
44.401773482147604
52.7814125347188
84.6272913878772
96.10808072530637
118.56577950439453
163.9293451929836
59.88731032349543
54.20406479969806
37.13839278252827
22.827136922619232
132.6772795047603
132.87654494288873
174.86552789451136
144.83876838894403
50.638074538873006
131.4976279402012
80.25435427797551
166.6559263202416
161.06388995530153
90.58824811863965
74.77825768983848
45.06378354647485
46.37336396142477
84.34260364445834
96.81727335598359
115.35672732523064
163.78378172150462
60.47166104270356
54.59734524954678
37.609208983467624
23.562261524837474
133.31560753999727
133.483313627259
171.69827603206468
143.31735862889664
50.06604111166528
