82.06391839900759
140.76819540241044
159.2833980753286
165.5534393980118
97.61818231359818
111.69263818162399
42.59805402656663
47.807702079585006
66.112341876938
111.2856375724613
94.64190091191499
159.98139139599508
55.314633199598816
30.968054497735366
32.74634884038515
22.000120825049613
127.50415268514068
147.49399978526682
145.62173032364754
124.57486313287053
44.29437468460827
78.39397117436454
138.60588266884656
162.2772800971875
168.01002547673278
96.73207356364823
114.03922328590511
44.69376102011283
48.420937604427884
66.31417298933324
112.0704679712763
99.01345653003429
160.35852448018517
56.01264657766818
34.122290986689414
34.02878145254075
22.29751886965318
130.19053245050677
147.44105471372356
141.48218999101127
123.56307155802669
43.60391361454967
74.72724121057104
137.0167772126538
158.13801638350134
168.66591627930399
103.88389173589316
113.34780389619401
45.25094106252403
53.148467337681275
65.32364713611028
111.90315117673212
104.3368820980869
158.27439244058843
54.755371453006305
33.147825268853985
31.78375524104279
20.60102436727436
132.93421370316037
147.1251575648421
135.29476727987225
124.07421272016633
43.131049845642906
96.33848253770219
86.01373040610649
169.30781663086543
153.19789469987757
89.08616601167486
75.17846792113063
18.750442401047422
26.899971269119213
72.86390208296633
88.72763089840923
89.00487010462744
161.30146233102414
54.04015138184081
40.90239206124272
32.51967055909675
20.647091984750833
132.69501746673504
147.91174831047564
162.39530837509477
171.93399246531058
42.14934165803854
133.10432272041007
98.80650073481188
172.14402400843107
144.42708114481076
89.44129333021408
75.8956926863285
10.825408232268009
25.224271534560827
71.37704537573858
92.90326554656181
85.1591715947738
160.77372909956628
53.375413036897825
38.90734593383671
30.978635008481454
21.497928580799375
133.3637996384434
147.83676961841465
162.70835411366198
171.633795383815
42.16950447051019
135.6459195283228
81.96625424333567
172.82903792835089
158.00182339644982
91.84258755348024
98.2114709001976
9.149786553174904
29.901936789095345
69.46801553703624
98.70789491411269
80.09164371463649
161.32495025822678
54.06962732281304
37.56805369581137
30.077833799815803
22.75333429769097
134.6515934040705
147.2750057375611
156.60072389767382
171.44828690119795
41.71318203785645
