109.90177219789608
93.54543464984305
143.49777072404657
144.78038728480104
100.20779448546554
106.07689019446663
17.14110971001189
43.1755812304146
73.34858382780614
91.27124618584351
162.5177382084602
161.6518485597833
65.67088733069792
27.83518825949579
32.91630603608606
33.0167458451238
128.1699848453143
150.90763916331258
153.02226870050634
116.71740690444852
49.22177689688662
122.08205830870169
94.06357091725967
148.56579578021552
135.19385522371508
96.76702498531282
115.30046335886003
16.085236371648897
53.44931111834105
77.38078433022591
84.18964809101789
140.26667122640075
160.21063188384719
67.61361150829462
29.6070956924498
34.5435360095094
35.03778986642859
128.50532040666187
145.24705113164137
158.49113714983412
118.01324694687527
53.564951740096056
119.13736992714179
121.24327030594162
144.75261975441606
122.81167330596635
99.1749078939119
116.47910711737154
15.858266684766807
52.25989539815311
69.50337630748064
83.3131767953496
87.73872136982428
160.6792628585311
55.140062143835955
38.878326244399446
34.440123954039805
13.307674927625387
128.29169930936865
128.809839526448
162.7226299734887
160.40204336133405
52.805462981461
80.98682878344907
129.89305334672153
160.0680049784571
163.64296774342512
89.70047419391194
115.87095044656431
48.33120196819144
54.66821263092582
65.69807624354132
119.15214226722874
145.05646276764807
164.27724030411412
73.03890497733052
40.11606381121604
34.51082562067502
35.3968339051329
129.94146896852212
147.02625364650294
127.81920740555056
116.22379441826224
49.021704263473275
77.71879153940858
129.45598450492656
162.40487291336314
163.82877076934523
90.28768518639072
115.11552352443454
50.71812897674306
55.17060765932733
66.95819038135994
122.54109865484779
143.84479894464
164.90257036178687
68.78470144797205
39.65139784360838
29.3842481080433
35.48528713156333
123.08484269677179
148.30775183964042
112.92414332057334
116.3096277570276
49.128383547477455
128.99026507855575
121.81622087775021
167.1949360076466
168.0451538281548
90.80565916933192
117.1010040263086
50.415845486783205
56.993031943688145
63.96230161799514
129.08059344216042
143.70611038071476
164.19692517797878
70.74523233298859
38.22357045833039
32.959311251259706
34.648964131694214
127.1239478827618
147.64411042098772
132.3730627765993
116.30494459642512
48.037019237863035
