124.31805351996131
130.3496907079098
156.91269869799595
166.86665113852033
101.23324289192865
71.61742762619811
35.74394291980024
41.22220338606138
78.44924649396717
89.84780131087679
98.2959525418432
149.27818468498302
62.82389189627165
48.07172896595989
39.89015685527378
20.71446085650565
133.6716091422219
134.39107482442205
161.8113623274438
176.55685530790976
55.27253653083982
125.21245131153547
130.51779224989735
166.8449689012556
161.16169400032274
88.8755321023893
53.87031296399693
41.538058357031844
48.165866710604256
75.19960476787642
98.18488080726566
98.04737014996036
151.06344502389805
62.79908653216327
48.17385875136212
36.71819046206061
22.17864466917676
132.58276793070158
133.94319222276178
164.7109937401255
173.32922876160706
54.904586807370166
118.4989948988631
135.38020351176587
168.52003808541215
162.82356939504672
95.22305746270484
51.2574161104819
39.76614812693478
54.0780142761499
73.36364657027711
96.78464049742904
98.84027329422094
154.2928671908995
62.229474653290296
47.13945998986518
35.89121828881608
21.77534733824198
131.38951877895056
133.7953856476906
163.20491032089964
176.64744363705142
53.61772529237009
121.16114401725343
90.72030401077637
142.29912764988958
151.43097959300374
97.98269896149655
100.09106805234076
18.85700480394266
38.63306793220252
76.9142757002646
80.116382317835
88.86625365555602
156.32240805362574
55.736592422559326
23.24766086967803
31.77795335647013
19.001225280327706
130.13158498320774
132.81356416597183
161.0855933072526
137.74705791223656
52.88411411415535
125.4650458777923
134.56110180736425
141.9426723569743
169.52841114710685
94.60773897836188
90.39879076780795
12.777703930283744
40.12295464091378
78.16113788524727
77.78684198979113
78.26884459195189
154.486647701278
56.66148237258963
26.064865361574153
32.35618069510465
20.265690088668638
131.51821373670066
132.6368996272305
160.67109856173448
143.2232801225212
53.45723639801329
119.66669846820335
127.29478232495543
151.54839670388907
173.19659048158158
93.73237220217037
87.629673997868
16.250566266320547
39.28050362065411
79.92202729397593
77.33571939638219
89.42347380453032
153.42494955516608
57.95482938199479
41.65312089276289
34.107052228237826
20.664456897502717
133.24145233561754
132.64317782348527
163.0934391098429
161.5027360267052
53.90211834481403
