136.72367458163075
128.7008143763714
176.4417076813244
177.1200025538232
89.220488271513
80.28926789732223
45.153277270734726
51.41477495971033
78.4260744236405
98.09334546093312
118.15157686493409
165.20482258678908
63.924280877513176
57.374966942768914
36.678216347754116
31.362890129406317
132.65275014027216
152.98060361132318
173.40718660604398
148.5270636075007
46.352847772990806
134.48948042788362
71.8729089214843
178.8626551788684
172.33933263516232
87.76969603343717
77.94152741899866
46.80972186195272
41.31541911163287
82.89036549662823
99.43336057161794
114.99467775563251
165.30361701997185
63.26198271559056
58.01868240287195
36.06844580518137
32.68559319349834
133.64872477648558
154.4233275038907
171.11980030371836
145.24636937477675
45.97375924680673
129.7343616297598
69.34564395804355
170.57839109971746
172.455141909981
88.1152800682583
70.91564820284934
46.17906650328737
46.74336766703531
80.50572763052526
99.43587293540803
118.32562630837012
164.58237361503112
62.29398962981878
56.93300883623501
37.19042829631082
30.42033521570736
133.70633953585389
153.35761061451365
172.2158625549435
144.5630754447701
45.083886776329976
109.90177219789608
93.54543464984305
143.49777072404657
144.78038728480104
100.20779448546554
106.07689019446663
17.14110971001189
43.1755812304146
73.34858382780614
91.27124618584351
162.5177382084602
161.6518485597833
65.67088733069792
27.83518825949579
32.91630603608606
33.0167458451238
128.1699848453143
150.90763916331258
153.02226870050634
116.71740690444852
49.22177689688662
122.08205830870169
94.06357091725967
148.56579578021552
135.19385522371508
96.76702498531282
115.30046335886003
16.085236371648897
53.44931111834105
77.38078433022591
84.18964809101789
140.26667122640075
160.21063188384719
67.61361150829462
29.6070956924498
34.5435360095094
35.03778986642859
128.50532040666187
145.24705113164137
158.49113714983412
118.01324694687527
53.564951740096056
119.13736992714179
121.24327030594162
144.75261975441606
122.81167330596635
99.1749078939119
116.47910711737154
15.858266684766807
52.25989539815311
69.50337630748064
83.3131767953496
87.73872136982428
160.6792628585311
55.140062143835955
38.878326244399446
34.440123954039805
13.307674927625387
128.29169930936865
128.809839526448
162.7226299734887
160.40204336133405
52.805462981461
