80.1111100568216
131.57244773581547
158.96354184535193
165.13685789759182
96.8514842667756
126.78360020216851
41.545190966663846
59.09722618024128
26.65580161832264
120.76359921377987
91.5506675642704
164.17956244412744
32.383826535913926
28.823747283984186
29.371692706138948
14.656546187158163
126.61867027244598
118.58296434436942
140.02846488910052
164.02696273066573
45.035368097487584
76.90846842640455
120.8792974910521
167.07819024263853
165.99254921054228
90.26846956246482
127.65793230309832
42.04358845677713
55.49959163809854
27.154750427879268
127.62253068758417
96.31582957895056
161.77895678772157
31.16973955457771
28.68889149518798
26.988069575247334
13.683754597817403
125.17035109390217
118.31972120204134
140.2759527728231
163.42520230062667
45.35495584747873
74.9902926458689
143.2877334344433
162.8567829194083
169.2530394017319
96.03833513799643
133.6461345821433
42.93985502892642
56.760460760569714
26.92181859655107
126.69277201163798
95.24150491013593
164.58966184445555
31.730995979304023
27.51621516756569
27.34299043519225
14.016093130135058
128.06009377813982
117.71569680667105
137.5681765475561
166.49044070006718
44.376736719143665
128.473597160971
115.19004390754205
175.02152755237483
134.07636042069868
83.77357025892465
111.31893812907359
19.82454674573804
33.5364108951542
17.714265873951803
94.40594042045136
91.34937066257196
163.45984774580253
23.73682795596614
7.873406081832395
31.95006702278318
30.143179884820164
135.76487400457833
102.04820108130812
159.05052194931727
157.063327502
43.06137868575737
126.81945386187759
151.4701089740031
173.89564201783463
140.4745855863511
83.26853778690068
113.36357823138236
7.604195873125718
33.8326140224387
17.58113856982485
97.2165603822833
94.5406801666206
164.73306763877036
22.36678069564773
5.294097065166343
29.400322400215675
29.97304475285849
134.69382175079215
101.61345335117323
157.9037053883391
157.05383000056653
43.24896494805486
129.3866732865344
129.6585105101304
171.32661803475204
152.27937264298038
85.14766378435567
114.57857701913939
11.18272409062601
37.318621757877494
16.59582485527023
103.45547650549528
97.16267687102619
163.999773065042
18.03429497525376
6.738519559418675
25.626959637768326
30.234466780731854
131.05193205593875
101.7940937042158
165.04659872696425
157.1263900247378
43.331668567804854
