129.71094024593788
81.20152780399351
176.90833567780305
161.80210267150093
90.2089588727662
72.76386272237811
48.52033562361559
57.541256430222525
76.56089244609434
103.78703004002935
122.49495623611924
161.3641178353484
66.19146562744042
57.44295870036446
31.555435938538253
40.31833146727856
132.46115636025027
149.8150435932299
170.45793474807442
155.24962457234528
47.59008578404019
144.42405915632898
75.22493706681487
175.50120045866308
169.77778946181203
90.90436586841864
73.96981871794131
49.57468769813865
52.348178302085486
76.9631601599633
100.42706521862497
124.03648197653617
161.045710802561
63.43530078653508
55.522666691372955
30.740567007043552
37.49549598983027
131.73276834512237
148.16296838899288
173.9633946174589
156.640739148616
47.45089463344221
132.52923632166164
78.12585753074738
151.3406149526788
167.04836650769266
82.21793576357958
82.99987286256086
47.52625450985164
37.86168304824747
73.38556030316627
99.17056741615126
120.44238012795988
163.26083448913533
62.36737233578677
54.213465611777025
26.765904483230297
38.91504468383604
129.84590843992783
149.52296848111482
171.44237438441735
155.1609732216337
47.48476357465152
135.1415325927474
92.37501371486412
140.0761295345002
145.99495201841742
100.08054715626012
110.50769708048206
18.707558855399547
44.28249087335258
63.06806641379762
87.16777662563204
99.73512177721885
154.12998369868646
52.131392724574134
37.29677233316786
31.761604475401256
14.541951409159553
128.8363866260074
137.57119913569085
152.84897462890555
152.4825050219528
50.529217630377374
127.88631044053315
130.15594492171556
142.77890156562512
132.6952760146459
96.54713568690079
113.87144528113112
15.667911672713958
42.79931939526595
67.48895706388032
82.58812265917425
103.754452355602
155.0804135452805
52.01457234105979
40.17007692675486
30.867355117566035
16.548106486516392
129.74431794652898
137.5358220750647
156.76310726979878
142.5655941612276
50.75026811845131
126.73083271238711
96.62547293023023
148.0958105302499
155.6372000645846
93.86296676820628
77.75135047914843
18.596000084147356
39.66195129816326
75.75726364861478
82.14217929442513
103.48135460992161
154.59920664455737
57.49384461594929
42.99395365210479
30.89722821404607
25.8130526713751
131.4696059798842
145.18757270861735
159.18056161309485
164.10160521759718
50.165517304713006
