128.9214708407075
90.04129394004056
168.09867578425406
154.07587310486898
89.49244087434263
79.03366278264446
41.93748645605075
46.596245062945606
77.47757022722946
99.61283936767195
109.98260485248346
163.47911012329203
65.49449065067577
56.95542396267481
35.99179382691905
29.02211751948227
128.7818727189205
144.25984303511004
168.08385511626028
147.23170550836193
50.12101009494656
127.39984543944206
129.1346801534418
171.26608617922412
171.25456056615195
89.214564080254
77.34920859137408
43.58032929199281
48.46711847230041
80.19962392325219
100.84672277039544
118.39832505295962
163.67744715447526
64.7316894668945
56.96560935255064
35.74329985317016
30.631586231016836
130.85285066431751
148.74172438230923
171.28124576665627
148.02335216618116
48.72492168745246
135.2560060403787
81.89933500670521
172.08545902734062
155.92991160637354
86.99352614103113
78.04454230480327
43.54600813367937
48.93542463787039
79.08023302118634
98.86965867854029
116.53731576224865
164.96443786724495
65.09014603152634
54.75727825364592
35.38481924845915
30.485403059142772
129.1226443493779
146.41302848945503
166.73864337010568
147.6941229290573
50.399503459749326
113.14237511087198
139.8211043961114
144.36508153896753
147.16029031579083
99.30809514670389
106.46600591734202
18.215453979774622
42.56074732289033
71.09505388461623
85.12810165288194
93.12546966320272
160.00964084828382
63.613331104175394
40.11255088504449
38.205341270272335
21.68960844458985
132.3727502050049
134.91781514648738
154.82424544617103
150.25741705184612
53.09298148622208
126.1579763804989
136.5331749757418
146.66966747860735
137.1946388998192
97.0102264695205
111.16008813976433
11.108300746987629
44.800985531806944
74.49765207315929
85.0427393153168
96.81317645851674
161.09697112583294
59.27338170063859
41.84754445059042
36.95771239950595
16.466122763496518
130.9539896074755
126.96677231292716
159.31093062279294
166.24307141738285
55.84167198162912
126.75646749026791
122.04850095738718
145.90930206215293
128.82769715063503
95.83209555058261
117.93388083274033
12.97868863924668
48.50716408769598
78.63027561623505
86.18545521284577
102.02003317906005
162.1987503956418
59.46706540901357
44.4348176616081
36.49581620023944
20.302656601391877
130.93622639465792
135.56202993810217
158.02661932904772
158.169103604071
53.330246920785896
