140.72861796153128
134.55996728459112
173.43803946846447
139.51008810010404
87.00970797545861
102.54373721952759
11.319803744091818
29.291094154305583
71.2657579479185
97.03622334523283
103.77454443224778
158.9857347664999
53.2409435008474
38.21710782287552
32.50954945923185
19.506882157512326
131.59885897025853
151.75213839031244
154.0626588627408
165.58400872590244
45.273194150065464
93.73463881109944
147.38976577072225
169.1818790210721
153.42504124624284
89.10811466006191
102.24635446190229
7.96022987124804
31.971852652073228
69.11155428357408
93.19777169404637
97.85200350014573
160.63877906572182
50.99728795623715
18.85887625378385
28.18944684199793
19.701978046926502
126.12825043547592
151.40136966380484
155.58515480431083
129.38080699414925
45.97374956940603
119.71143371504043
90.0841757844023
166.52731642844762
157.77322176110678
90.41770052787881
106.37517643448639
14.083118240869844
41.32157723284445
68.03227687809527
103.46081223448897
106.26744170220101
159.30276797666187
51.03783090073284
18.930763746040377
28.605364571700633
19.928241903865246
130.15176197002015
151.19018622462065
146.6346454796516
129.08174032965567
45.05491166885969
127.83519600854574
88.90664251829563
169.30571720314606
154.5348885481757
84.54024463457772
88.71105976629552
42.93073107022777
47.380741589512894
76.56623166843757
96.86721934604594
113.00306155918776
165.78551156067266
64.72606020439812
54.252226798247975
34.68260822739709
30.227860399193272
127.25776794831154
147.855677567247
165.7582541671951
149.53736996501132
49.78434666187134
127.97570405752116
128.6771854606642
177.48771101947378
174.70168698140014
83.20879577690246
81.14573346560988
44.98994754964241
48.064932051815646
80.00779103599614
98.69546066959569
116.5457500319178
165.19247993017856
64.37315646514679
56.20890616713546
34.85489113681951
32.21776989896506
130.59767779159597
149.6696509824158
168.53527765186263
148.5341191943586
47.32059941724435
134.15556913022903
76.9584842600545
171.12925895039723
167.7659966516919
84.96865569744831
76.4113766108673
45.46097737694789
40.20119862054025
77.38624266202879
99.1552991278038
118.38138511989062
164.5626180588956
64.2131603404351
55.54624598112988
35.328794945718414
31.105319982570418
130.3592495514546
150.65445628430675
165.30784210943665
146.84286671822247
46.315193761440774
