136.46736182846874
134.45171427607968
158.01435868209717
165.83952861942956
97.02972056424898
118.04871381060671
46.145710873777695
55.46613719776145
65.80648673205678
120.35142751256274
104.69330509957072
157.35012488160743
51.31309066702015
24.174767975564336
27.294578532558663
20.24910992882261
124.20302505533678
151.0038326446742
147.55644746171353
132.06837276595508
46.93897042328414
71.90246608982105
138.50035982210107
160.9305724619653
167.93065785853665
97.87624386109195
116.47535719220167
47.80409612348283
56.01487737156471
65.85202687602887
116.66165423798797
116.83502368901551
156.75584456012405
53.76171540362941
25.712835997878084
28.96605125964897
20.40325133213414
128.53726779281325
150.95288070109348
137.71569039790845
131.0045998293023
46.4347586054689
70.95648237139697
140.11715239082554
163.3310275631736
170.23713140425102
95.86959884570835
121.84271128931863
46.48148106517422
58.720834479024155
64.5826025491156
114.50722149018722
118.18326514150482
155.203439576923
54.43783599755575
24.079971235165623
28.52263675803681
20.809188872180158
127.3482983778282
150.6985178217272
141.36118604735813
131.84624118163265
47.15409008918819
140.72861796153128
134.55996728459112
173.43803946846447
139.51008810010404
87.00970797545861
102.54373721952759
11.319803744091818
29.291094154305583
71.2657579479185
97.03622334523283
103.77454443224778
158.9857347664999
53.2409435008474
38.21710782287552
32.50954945923185
19.506882157512326
131.59885897025853
151.75213839031244
154.0626588627408
165.58400872590244
45.273194150065464
93.73463881109944
147.38976577072225
169.1818790210721
153.42504124624284
89.10811466006191
102.24635446190229
7.96022987124804
31.971852652073228
69.11155428357408
93.19777169404637
97.85200350014573
160.63877906572182
50.99728795623715
18.85887625378385
28.18944684199793
19.701978046926502
126.12825043547592
151.40136966380484
155.58515480431083
129.38080699414925
45.97374956940603
119.71143371504043
90.0841757844023
166.52731642844762
157.77322176110678
90.41770052787881
106.37517643448639
14.083118240869844
41.32157723284445
68.03227687809527
103.46081223448897
106.26744170220101
159.30276797666187
51.03783090073284
18.930763746040377
28.605364571700633
19.928241903865246
130.15176197002015
151.19018622462065
146.6346454796516
129.08174032965567
45.05491166885969
