125.27197498229117
96.80006524622455
139.226030023474
147.78031039326046
100.08034418361471
107.34358807452257
16.645518700869182
46.482320623621746
61.30404607446347
81.1176950313679
127.27216084031538
161.2682676443293
58.875389762962065
25.284711860910242
37.38280363160856
10.272474113575102
129.22600264105677
126.62422088140983
155.27544608153457
154.64667888479917
52.652864506188095
127.41834653732877
137.21566096394648
143.3535974361007
135.7417391138267
99.34144954682169
110.35308769669005
10.465032515490671
47.369864555560746
68.6544871144536
80.51108916471233
101.46899477799518
161.80667627191343
58.34439855331755
40.5434706673665
37.713689654092484
12.622542302053333
128.67704728960157
125.61889405160298
155.2013621581675
166.99952702243786
54.56100168088403
124.51505714712087
110.8125478777403
146.8381341834931
141.8989077825445
90.61518483114722
109.96788095738974
15.887455093350944
39.70131529016721
78.20930410917954
84.56343990235054
97.55732738060108
164.00178459856448
61.147216828840776
43.89335366033764
35.69373936905017
20.10223443780436
129.4825546351003
127.23116349442661
157.74084922135953
162.2004382777373
55.88206424737243
75.40428066998315
142.56931511174372
164.88070498962657
167.72735711223157
90.81789283202717
120.78288281317971
51.19789968096403
57.026686069511626
53.11987356390608
114.50457384812235
95.61405593685944
163.37936272113387
56.77746902840446
30.95822398235935
34.562309021332716
10.420492977928847
131.7913740362457
114.23034662424602
126.64377856725665
164.40527231836904
52.947320036008804
133.72095837692459
121.67602693766487
164.06883426562672
168.22043348864113
89.71676841803243
125.21678458524535
51.59575076764251
58.22022840909236
52.22545411896365
122.05136444723074
95.9746387290142
167.26448516678926
62.08237468610735
32.612686550362106
36.65684129683886
11.347001613847006
133.912082328025
111.98867920906031
132.15454778962462
164.75891906684527
55.16164495861504
70.13787618631474
116.53238216379803
167.44274762957005
169.19703399651374
92.4909947914707
120.38634806844004
48.568592924267186
54.42315455755147
51.58701927060367
111.55655855476807
97.22979714248606
163.2488044780507
58.39106253580499
30.057935730894762
34.51385996939908
11.572436980495974
131.14227006559864
113.2733998397872
136.0238346752609
167.88572651484316
54.13865718764347
