132.39054970902572
133.32294929148463
173.6812166625893
136.34367023113904
88.59255974810644
103.59026312779046
17.246484578851902
31.527081836720004
70.55643182372998
89.35856650330638
105.019656640883
160.40198385832653
57.17815619778771
41.102619691296695
33.94975426037692
15.820974570207966
132.78969887076317
125.58704178018735
160.53061817014907
161.6662215363181
54.60377849935234
132.42279697975246
146.83487274775118
172.72175007238332
149.3053056252868
90.21111819655559
100.39778354170349
5.407515417989095
33.490152352148904
70.47601228254075
93.56751781736953
87.47179886522245
159.24544596231564
54.54330879580098
35.47881642955576
31.790105296971916
15.727982476780149
132.52394747473204
125.4826532996793
156.25330402335837
167.02388810042495
54.087226218449636
128.18615334798352
124.12181862020252
165.88917746007655
149.1157950199027
93.18054624777389
106.52866791204977
12.109064349871456
41.65687988486637
68.91764841729305
100.00782801945037
117.93380568864042
158.77261558348692
54.36371388623052
24.292499136137057
31.59156059145921
15.653399817861391
132.4502983738906
125.14276903827697
157.72908889903948
140.50407783238904
54.04502441998586
128.56980033788867
88.86702135989898
173.4864403207305
158.987715588387
90.64021322173295
80.53832760825551
40.64054475610322
46.47274982931206
77.0304348135387
91.10062424800883
113.49558571884491
164.45099711423097
66.99164511088347
55.53470309362384
35.56369567172652
31.86719065022328
128.4663242321138
137.55167430753164
164.10624387448178
158.94468184174607
53.73543892595413
127.40042004922886
131.73666228435312
171.2663719515046
172.6834275511514
89.1054337635808
83.09003964422199
43.36396785517814
48.410770454937264
76.83284499118444
92.10013041716
117.98560702844988
163.87117937982293
66.7467100481409
57.20193621374477
35.654116641341666
29.44405285361742
129.3070852253285
136.72347057729675
166.42936719994026
148.5529320489206
54.774079806145224
129.95318883793112
129.50447319510394
172.38585957556688
167.20451576426544
87.95009123225367
77.44052515926239
43.55767213062696
37.34274235878929
77.71138100857485
94.10921591222386
120.60671021559598
164.5016056570058
66.75012175992315
57.13693848319207
35.11923310625133
31.565197762487966
131.71489161756088
138.615369549836
166.5270750089375
150.60308712125047
53.512677839720546
