135.08922091426365
95.7291751534205
172.6100770472974
151.64384230808798
89.49488558330943
98.44702025216634
11.2619218441456
29.08935238857339
67.57963602567568
93.71615312918522
75.80525437606131
162.01908573013563
54.444373347123225
27.983564729473443
32.69060101025017
16.517376833947672
133.48300872683444
137.17260318525393
156.2767199499121
155.5601687062101
48.79309979822948
132.3209443290225
126.61167675877411
167.91283842619552
146.25183431838505
92.12123955273702
106.33663138644462
9.676479595362238
38.525131821242105
67.82660926346004
100.82414553174557
63.91440734586493
160.57452934705975
52.49807362485501
29.17614038295175
30.27140305916336
17.467462569563207
132.5154054635214
136.95128124897568
154.48746337710955
158.86418567236262
48.946483750060736
123.55393496065474
136.08997619113788
165.4899780637598
146.56460687573423
88.38222058822383
114.76433595959931
16.195604964607032
43.913250130549
67.84259783064769
108.7827813860349
60.68158245452607
162.44950842813162
52.98154319223055
30.12465448437149
29.73277246649727
18.64714689283545
132.29712852828098
136.76608812963102
150.72726113419597
159.1316140092692
48.57733188026307
126.57083492808673
133.60551192910296
172.8303376434601
169.34368834039898
91.50949761317693
76.48373072346604
40.51242073197534
48.0356555874173
81.03530000436086
96.03796100794187
108.06062824809202
164.01724286190245
70.08554201243277
59.919241584333925
37.76596138685418
30.763387187955882
129.49621322199968
131.48141898145204
167.67191683839397
160.21266003418827
56.31528059980002
134.25432179647274
130.03215674834556
165.23881060077477
175.3430990187147
92.30074875281524
77.4643716153254
44.01836537845913
45.903253349483144
81.07417851215631
97.82304728674208
112.36235914720436
162.93705080319376
71.04723202343912
61.305504727433004
39.99867785218795
30.566078054597433
132.16191182567925
135.6999104091411
169.0965283598496
157.76045172179343
54.960914725368326
128.77993676823505
78.11196441949843
173.18802193090798
161.39938481927686
88.41044478073007
80.14362387368641
44.37211417232545
46.913117956584095
80.28275209737832
98.88483730643152
111.207929168357
163.54334627259166
69.58252511582614
60.93768178091601
37.37958110400634
32.70885447833747
131.86455097547787
137.47838285299574
171.20165004450303
161.68030428733945
54.33052117874119
