134.25212393628306
130.9456116357678
160.22780922757906
163.16000255197406
93.33400659879014
111.63996504363546
41.01789980318766
49.357233972107664
65.81867357220594
116.10622102773704
45.4454575131269
161.52363718296735
51.89571700217527
33.306075487986156
30.879429696238955
18.084594671282712
124.65695148459503
136.82590810101684
147.77137931643685
159.1189838745528
50.09982963909761
136.64577027306782
136.29490133342114
162.96114924738197
165.1943797608004
91.74848811392765
109.82704892625026
42.599947647381526
48.16306284273757
64.82630942855702
119.03740583264162
49.685604369911154
161.26843479387134
53.26507534559806
33.6315533448455
29.967746232233054
18.04543029366419
125.34674871380693
136.6366538429908
143.73007422352927
159.11198131038293
50.49260240370052
76.98539420363025
137.8578084329662
164.71099377828293
171.832951188714
91.65609241997967
111.79838144830389
43.074994572055076
50.59748639755323
65.2633498499867
117.96165117357548
52.617588816025645
161.50549828331995
54.66788595217365
33.49528083095571
30.017419362560773
18.99591137868393
125.4652948207559
136.4209948526009
142.46526025153682
159.11739336695007
50.87649501759401
135.08922091426365
95.7291751534205
172.6100770472974
151.64384230808798
89.49488558330943
98.44702025216634
11.2619218441456
29.08935238857339
67.57963602567568
93.71615312918522
75.80525437606131
162.01908573013563
54.444373347123225
27.983564729473443
32.69060101025017
16.517376833947672
133.48300872683444
137.17260318525393
156.2767199499121
155.5601687062101
48.79309979822948
132.3209443290225
126.61167675877411
167.91283842619552
146.25183431838505
92.12123955273702
106.33663138644462
9.676479595362238
38.525131821242105
67.82660926346004
100.82414553174557
63.91440734586493
160.57452934705975
52.49807362485501
29.17614038295175
30.27140305916336
17.467462569563207
132.5154054635214
136.95128124897568
154.48746337710955
158.86418567236262
48.946483750060736
123.55393496065474
136.08997619113788
165.4899780637598
146.56460687573423
88.38222058822383
114.76433595959931
16.195604964607032
43.913250130549
67.84259783064769
108.7827813860349
60.68158245452607
162.44950842813162
52.98154319223055
30.12465448437149
29.73277246649727
18.64714689283545
132.29712852828098
136.76608812963102
150.72726113419597
159.1316140092692
48.57733188026307
