130.69134115006963
134.39598325592544
146.72734854610636
146.35985658372735
105.94434152361134
94.3113969733192
10.74924467910328
37.603668532042
63.70970257650903
81.50747907630884
75.00180455325317
160.59450006117422
58.96044633369903
26.94572156005453
38.29004957699063
11.379198334786517
129.02771381190954
126.18897839117066
154.89935540689177
151.127050639119
54.22531924696302
119.74488545526809
94.40638329017631
153.2197321146933
143.30220457905955
98.14361091811064
105.51906059990614
7.981579375032993
42.89337422166637
75.68157131002272
80.24733125758434
85.43492785238674
159.54670898915919
61.6140961252866
41.25107791489078
38.50404583406658
18.042361991052093
131.10565636791418
131.30421332657602
154.83315774758097
164.4796053181599
54.70129610962097
113.58166813616631
127.39819568559882
151.6832259163341
135.68860688711953
93.58160239290572
112.11034667232018
6.193080140085699
41.67586696735167
79.84127831145797
82.42571707861009
100.3338474504438
162.76313301990515
62.64692770199702
43.907614876438714
38.39229649907939
21.071480262828864
133.22298573449098
130.1191134269704
153.0874412734831
165.28998298026863
54.59070727657736
73.50768394252931
123.42850418425765
165.98748395921
166.36359640433542
92.74819558909056
120.09485953663676
49.3533948473278
53.353416194776635
46.23670924125817
117.43481183857847
44.466115322101466
164.44950254332065
49.59903933425957
26.29256829278523
36.15417883669227
11.733416408165468
132.58083322217692
126.08867930603184
130.37466463076743
168.17721811949957
46.888237571555614
133.72003891967637
118.43427158619868
163.18749302243262
168.6406721042832
90.98622268393981
120.75051375144389
48.82428649905172
54.944935510499505
49.59838660040494
121.82558816922341
46.62934402751961
165.14161458984836
48.95593568424561
25.447667505075696
34.61995668180093
11.829024393426137
131.7411111585208
127.13780510901107
126.88190164490761
168.1595507215302
46.636026927294445
70.17927313952512
114.42135756157052
169.87038012676095
169.21161330957486
91.22520398193596
120.94624624995755
45.51127541588921
50.68074115165116
47.05673106717264
112.91753842606339
47.6807379251034
164.47753819267123
49.11006424840855
25.257417758609034
34.502701415041216
10.821659439734
130.88615340840656
126.790565826886
138.40355523954955
168.14827038724863
47.13223859640707
