117.81069519070965
90.04747950211033
149.06626217375765
139.88058558622387
97.28608698954916
104.8033229844242
16.764526935121378
47.36568195357136
80.88017299190109
87.5399466204466
64.73685512160756
156.2703155046309
54.61616316889699
24.26273517407506
31.806624123213236
20.63514531931621
129.03532487011825
141.2299944329083
159.95826710513143
134.72472644302505
51.01090710561129
125.24082269624216
120.52843338216532
146.0614412733054
162.5251693878742
97.66599886689632
91.14103710316783
11.469998853491914
41.4344418146141
83.5109978310668
83.59040871707661
64.04935240398524
156.0270113748005
55.71941303456568
24.96659519150664
33.15967731928876
21.48126546795678
130.8253647447533
141.1690256052978
162.75492181354417
134.9388452884475
51.279035294627334
129.65088409728784
128.54935104012836
154.04816477078103
165.22052915145048
97.0321458531511
91.57898302236173
16.192016630633166
41.814604862792145
83.32731067385996
84.25829929338065
82.8081499008211
155.0852655931622
56.3831989023542
42.07953263801586
34.38694548612585
21.25259159220506
131.63469678927535
141.15694429786853
162.3698630997552
159.40583985207846
51.68438288510613
134.93898239907233
138.24445417983122
156.5527734466152
163.84522232239294
95.88371872692204
117.99522338417842
43.64954842528052
51.55669394174888
68.88978212142312
115.2867314633186
74.07449177240193
157.9701853949314
53.374579377931006
31.714897456322717
33.761616238494156
18.280809842616243
125.31494238601313
141.48083801028955
148.67525688556503
135.7866837905243
49.466682488582634
135.68594023760735
132.787137115922
157.05154422144787
163.661597796253
95.85444050430118
114.61257644215183
45.66372855672055
52.511117703901256
69.01978693787038
118.22170274113208
89.71277511036958
157.2188527702818
53.74914010772223
33.36373395120357
33.300322388631464
18.196692660133607
121.99936247020464
141.36815254467945
148.33052640762543
134.70647844287822
50.5447627784577
75.66230543524708
139.51677844986423
158.49776038530842
169.15893102182392
96.51665842954185
117.69824741207299
46.06484313457704
53.02696069410589
70.19900287449133
114.71220092709788
86.66381269925898
158.36524564752807
53.51452857558768
32.66238556311646
32.31228142983517
18.661096028483694
122.85715366493163
141.38535799877363
148.56084024783178
133.90207584131062
50.4829300560252
