137.65713519811428
90.477291047344
162.404718619504
150.6296029268619
91.05565458497206
68.10989363779076
36.50050364830082
43.693009516400735
77.08675482729704
102.36357517135492
106.44343847408312
155.64858712213916
63.32092208537418
50.92802230802188
36.947827779013
25.880374161297603
132.676383285725
141.7511635885377
163.7618623099463
162.97404683599743
52.5678884941796
127.70762915075329
125.48440499050227
161.19568414558816
169.20360095665512
90.26607651697861
71.8561674520244
40.518399300219
42.26271573637396
75.76245269617195
104.0862268764499
107.71196224362261
155.68451038992092
64.06517858474201
51.694987025727016
37.40933693882967
26.03949831092356
133.08338363474428
141.02263674960446
162.82956900576772
165.9765115704258
52.504690251416044
129.33333257499305
127.25655477329597
151.8441810975958
173.12281308202836
81.18409495461847
89.84898808880133
40.1846719755274
35.867408679432096
76.74642073789236
105.15259211537735
105.183102748609
155.95470791800122
64.23334606154026
51.509777593792386
37.252534016327225
27.562792390000574
135.3128774273727
140.7743113509135
162.4192840666889
173.26184190004034
51.460576716675014
117.81069519070965
90.04747950211033
149.06626217375765
139.88058558622387
97.28608698954916
104.8033229844242
16.764526935121378
47.36568195357136
80.88017299190109
87.5399466204466
64.73685512160756
156.2703155046309
54.61616316889699
24.26273517407506
31.806624123213236
20.63514531931621
129.03532487011825
141.2299944329083
159.95826710513143
134.72472644302505
51.01090710561129
125.24082269624216
120.52843338216532
146.0614412733054
162.5251693878742
97.66599886689632
91.14103710316783
11.469998853491914
41.4344418146141
83.5109978310668
83.59040871707661
64.04935240398524
156.0270113748005
55.71941303456568
24.96659519150664
33.15967731928876
21.48126546795678
130.8253647447533
141.1690256052978
162.75492181354417
134.9388452884475
51.279035294627334
129.65088409728784
128.54935104012836
154.04816477078103
165.22052915145048
97.0321458531511
91.57898302236173
16.192016630633166
41.814604862792145
83.32731067385996
84.25829929338065
82.8081499008211
155.0852655931622
56.3831989023542
42.07953263801586
34.38694548612585
21.25259159220506
131.63469678927535
141.15694429786853
162.3698630997552
159.40583985207846
51.68438288510613
