110.07642647508938
58.32351701011444
136.98697016472693
125.96951344623544
68.01844811167807
103.26493140368352
19.238863542434615
29.47105873156784
101.18953420308448
76.5131554467469
93.45504173347385
159.57715502536198
66.52793119147172
56.62208666903125
33.1761538462286
40.04861460236459
127.22166457947824
151.77998653415693
169.61591009717506
146.99918206349324
53.11765758329723
56.47732492720618
56.10715759500404
158.26902111258457
123.51788733391875
67.98248312348046
110.60619271271663
14.331351685164151
23.137817362777966
100.76607873500373
79.95501947391789
95.0255831261734
160.57942695164203
66.95917641609223
57.02864324825431
34.547528632346975
39.564950256632805
125.62376913774703
151.92384289505083
167.85007585305655
145.5579719027256
54.403152407142365
66.28027084957216
54.34946852502938
150.7629472092763
121.32714035782459
75.09512939482813
109.2720460910446
11.481772919026783
16.23085864432708
98.73806539399739
78.75797458765132
96.29172694993466
159.89673704113636
65.20673715579143
54.80125780421799
32.94356408966249
42.94672654339895
127.67107603085695
162.3713289462599
171.8695232448325
146.85000799324638
51.84667329366821
126.13623817644599
81.63522556780799
168.4615526859772
145.46870016743162
90.81722569251905
100.02731483849062
22.53345010941953
13.110957221178541
105.27511370557497
71.32465211740178
78.39669452919746
158.93451169372304
64.37953143004101
49.1410515186926
34.30752178848986
35.57406061485734
127.59423564492741
144.66742006161647
159.62793683848784
150.3432045005394
55.24315170799687
124.64007399120413
69.11261674592065
176.99660865118483
136.94149137930657
78.28902318015636
111.4584142041047
33.60538898433309
7.073035663427928
102.8451206052461
77.77611489052262
87.08173265141312
160.2472315372291
65.94263824275465
52.419699641393734
32.64593976407186
37.28782310059562
126.17682733930762
137.39624514064528
164.8827415161139
152.6630083725643
58.57889275726195
129.4731782403019
59.815558383360795
176.93343342913192
123.83377151445421
81.23922964079168
109.73736814697894
35.96520598139361
5.004776726214536
102.95119936068222
77.94871122059001
90.66953389085882
161.22254552903624
66.60125046193917
54.68872889052326
33.23266095415245
37.848230484268505
125.56652222098907
141.11026872234012
163.56710382733445
147.8657713941088
56.190974048033674
