126.13623817644599
81.63522556780799
168.4615526859772
145.46870016743162
90.81722569251905
100.02731483849062
22.53345010941953
13.110957221178541
105.27511370557497
71.32465211740178
78.39669452919746
158.93451169372304
64.37953143004101
49.1410515186926
34.30752178848986
35.57406061485734
127.59423564492741
144.66742006161647
159.62793683848784
150.3432045005394
55.24315170799687
124.64007399120413
69.11261674592065
176.99660865118483
136.94149137930657
78.28902318015636
111.4584142041047
33.60538898433309
7.073035663427928
102.8451206052461
77.77611489052262
87.08173265141312
160.2472315372291
65.94263824275465
52.419699641393734
32.64593976407186
37.28782310059562
126.17682733930762
137.39624514064528
164.8827415161139
152.6630083725643
58.57889275726195
129.4731782403019
59.815558383360795
176.93343342913192
123.83377151445421
81.23922964079168
109.73736814697894
35.96520598139361
5.004776726214536
102.95119936068222
77.94871122059001
90.66953389085882
161.22254552903624
66.60125046193917
54.68872889052326
33.23266095415245
37.848230484268505
125.56652222098907
141.11026872234012
163.56710382733445
147.8657713941088
56.190974048033674
109.67294862125806
95.07815791362366
149.6078172608837
149.03387659598343
99.14316948961059
104.22509035319636
12.25533238087978
34.81754075651114
88.64385791871486
74.42604303750434
158.8046962333919
154.49686408122741
82.74755889970946
27.64666560340227
39.90636559461078
50.122130078852244
126.47705066660674
159.7896980660088
155.20465749248186
85.75503948279719
58.96807499618567
118.25182121618036
97.69725218224613
154.3999033101762
149.86956973868627
90.40828481598479
111.32211828972623
8.292053022572787
27.997000281760492
105.24773560523488
70.17794249912373
57.11317049206325
157.05897308246168
63.064299037132336
40.48429738596843
37.69775127914243
25.269038938037742
127.15875806945877
127.86081173810874
153.60505075262444
166.23844186176143
61.01536795680957
108.58158976998405
85.82602560504577
155.1502867348785
154.79256620340456
93.47562833455677
95.14095053248371
10.482917248255784
14.751661930525572
111.82633967769127
66.50220426307747
62.11719928798378
157.16462664742426
59.85298083574148
42.766478644639626
35.17832837442688
27.121843827420513
125.78698802382127
128.90550367472883
161.3023184124591
161.4363618463408
60.90705433829812
