117.4401517035542
93.91652298858043
147.87191086134263
134.36080180657603
89.717205653604
147.44977640100728
18.773964605872386
52.10082707894975
73.02474222083204
105.52620777207582
73.6199351926854
155.68263052582347
57.469953819194735
31.789683160709096
33.066642476428385
20.64677993304929
133.87192919022831
136.73651929811064
141.15644304586874
151.05252025214924
49.32996958978243
129.63017452829186
103.97415374325661
150.08036475601403
156.69450107000714
87.9938167297172
106.62815595859382
11.986296870926406
27.589339066066707
73.0681946365847
99.15582134361016
75.37077145319003
155.47573812596923
58.05797518672931
31.384975547273303
33.81698634573031
20.914295575347072
134.9936341584273
136.6521938895164
143.97146237415888
150.90691909451323
49.40201114321624
124.76948329544204
105.02219020606435
149.60816516745803
169.4946794278648
91.88180235345396
87.0210613182615
17.02946334422159
38.16302841966556
76.50720179741467
91.90028573547362
61.45399014525868
155.2680272815975
57.91769379700918
30.702006690027424
35.36768423947267
20.85388046133665
135.70489537615143
137.17190937061136
144.31545044175195
150.9677921737297
49.515910472922926
78.4902313082047
139.85267973897476
159.39232479864728
173.86075636429834
95.62644615859274
108.28918753143974
44.924784604065906
54.47381729177075
63.800811115881274
117.12184660776516
88.26472308038997
155.4185265896323
55.8158085895676
40.22810575548152
34.67991113213369
16.832018868292234
124.71950334568709
137.6243661632825
143.82914477076193
150.2843730839979
49.7045033556079
128.52806407511582
118.93754681962616
163.16363939128067
172.11707079532766
94.21549780323477
108.07969614049722
45.39162470179839
51.407186084076564
63.49339810474159
123.53394279538647
96.78474187997254
156.29898206521636
57.14523222243439
39.92530203374029
35.420973712791834
15.819449631771542
126.55856919543761
137.86230772731696
146.05257913486176
149.26045210287526
48.938181988260304
71.59541445908744
138.1939773189664
160.05793536085204
172.99160440016354
101.15548358883967
106.12366960416573
43.44983014586867
52.29455779527643
61.248046049905184
118.6174670971856
104.5180391252561
154.7884428631085
58.18553073406337
39.10931906054439
34.95992110007457
15.645570355061881
123.8358879379856
137.4619582137971
149.9638761984043
147.9267210482124
50.087493073834814
