130.47873493163667
126.2118452979792
171.63007506590094
176.62524696876088
86.60233289899274
85.26381817531639
41.25576525453694
39.74986611565461
92.13913632421365
93.06068901792067
102.16880004381918
165.9369461092466
62.18963341311228
51.957558578849046
34.949014814631646
32.79472695270028
132.92246468935795
146.08193380854007
161.28990908618695
153.6807470987293
51.528622325272494
129.5277659799383
126.60989484629624
169.419488112342
175.98635547960117
86.15271150283749
81.17855435266834
45.70976213118717
43.95075022691694
92.1173441616483
91.18429723152593
104.4394826184291
164.96678499390856
60.4013084794685
53.42211584804481
32.52835356021877
31.656054928689745
129.8600561039286
145.6520253230081
164.68707636928954
149.1669530102512
51.95789585989313
126.97352381145235
127.81574990126843
172.01853247164308
162.7794088335339
88.09132652279558
78.93668306865426
45.68031105153452
33.84438553327745
91.5157563191453
87.73086729432127
107.85512685207806
164.54293854721385
61.35844047014634
54.39189762845208
34.6351808195375
29.70666844339464
132.1149094534924
142.18062683260732
165.17460105252908
145.41254172379095
52.19292358375891
66.75052011356064
135.28078048373064
150.25940527932087
150.8443506865924
97.81724638306088
109.88013590796668
19.793185604628793
37.05468528088469
83.27409451819987
75.7443896416917
79.65036411902433
160.6399198689559
58.65106594760018
26.371633856323232
37.4220911978948
19.82367603654188
134.17226287993904
134.97056960372254
150.42915395777624
132.2093034663189
51.760907978848955
120.86520726549605
94.05041405441648
145.23567367876495
150.36521480924122
97.22067912742273
109.80362278541472
13.417929887140609
37.79419493606355
84.36993894655835
77.8126658736804
73.0089441443091
161.79193610944716
57.46927141380405
27.18352647696306
38.045010807556594
18.746098753571015
133.8892509905227
137.36604602865535
152.21215815300366
132.21313358103166
51.45701838666768
86.78688779448764
94.58791092132688
147.80390780215626
133.00889603522143
99.81542285542801
114.1126115194268
12.28735593919607
48.259534894643686
88.03102578759487
75.89423691370395
89.94807838297814
159.72220962867488
58.69663798559494
29.37835362841128
38.94254530262709
19.73567371510471
132.22943229756524
133.4150136096856
151.24889176318874
120.92570750913694
53.69903388198928
