145.30290826124508
136.55818050369416
160.12133064339685
156.23495908887054
96.605146799569
61.23907452865041
37.78446933311726
49.30005018365756
66.52029837803714
103.89382441929205
113.32878001982661
151.232017467062
59.25803867887349
51.098040186081306
42.34810986803314
16.39050857494608
135.28352026610102
136.48559057986225
154.00634584683135
149.90507536203296
50.31074341496477
120.95443826029639
136.69701111562833
166.09985716322686
158.1375966569958
89.75638854547651
67.9697907300057
38.92453974605295
52.93309335403467
65.74141375924867
104.16600384707844
110.81842266302748
151.6830867829714
59.44862335613237
52.7946791124875
42.50063064117486
15.886271602297176
134.80777111187717
136.4133191869657
155.43889859618048
148.95762215596454
50.10710915122911
120.72202137091408
87.7573863379533
162.893325292436
152.14609840717213
89.13284622441824
74.09424528473264
38.22134936722865
46.76740650768204
64.74690247009161
103.4736890596769
110.93209765129193
153.83772935300635
60.16783801270444
52.65196365715031
44.0432778408338
15.05657961194774
134.75740009200754
136.63242610587776
156.71869994692264
150.4704199805893
49.774652810490025
117.4401517035542
93.91652298858043
147.87191086134263
134.36080180657603
89.717205653604
147.44977640100728
18.773964605872386
52.10082707894975
73.02474222083204
105.52620777207582
73.6199351926854
155.68263052582347
57.469953819194735
31.789683160709096
33.066642476428385
20.64677993304929
133.87192919022831
136.73651929811064
141.15644304586874
151.05252025214924
49.32996958978243
129.63017452829186
103.97415374325661
150.08036475601403
156.69450107000714
87.9938167297172
106.62815595859382
11.986296870926406
27.589339066066707
73.0681946365847
99.15582134361016
75.37077145319003
155.47573812596923
58.05797518672931
31.384975547273303
33.81698634573031
20.914295575347072
134.9936341584273
136.6521938895164
143.97146237415888
150.90691909451323
49.40201114321624
124.76948329544204
105.02219020606435
149.60816516745803
169.4946794278648
91.88180235345396
87.0210613182615
17.02946334422159
38.16302841966556
76.50720179741467
91.90028573547362
61.45399014525868
155.2680272815975
57.91769379700918
30.702006690027424
35.36768423947267
20.85388046133665
135.70489537615143
137.17190937061136
144.31545044175195
150.9677921737297
49.515910472922926
