121.30500655280731
54.134151701249
150.0431911212614
125.04353480154363
85.53140734231616
80.58106110733554
33.620518703670776
12.363016231837394
84.39633226790495
99.16761456356039
109.07766619659031
164.39046517769106
65.16538748072038
58.92203356786346
38.09704840969724
30.45865482335312
132.65094598375768
147.526100828193
170.86625536523042
149.15773700465635
49.362062625114355
126.2803198380044
95.43537164239254
124.9760197299803
165.26572795868876
79.38846438546732
81.32828035555177
6.589707426538187
33.58185068836621
82.5740955386118
95.73658990611719
100.27688197232092
163.0970063781453
64.10144314148695
56.24855607873043
37.96176629141638
28.936082779459966
131.5499128327641
146.5441495660906
168.1159387442475
151.72397759081224
49.41101987158113
122.86355126051242
54.34984205462292
123.13472053318061
131.1260401185068
80.64077356903712
84.41468455201031
28.072907907439593
36.986065019309635
80.5039387658811
91.90436558177014
106.31872054849691
162.32726083408102
61.970002738418
52.62317150246509
37.320701409772546
26.052639964276832
134.06330391389898
144.9270411610225
169.37314068628905
165.37430230072283
48.39763784424595
131.7100182014878
132.1346211058089
164.2268408588405
173.2761627666091
83.7925454020252
83.38641333160874
44.608320257684014
42.30764908947675
81.62933118435909
105.43904013244014
116.39615118076189
163.45357985777176
70.75115255539619
62.451133689280226
40.57169986316908
34.82168926270487
133.02484955113616
148.34740424949666
164.4940718458547
150.48691182932558
49.89083006676396
137.3469586606954
133.94727308355868
173.28843550650933
174.6968876522926
87.05113149588583
77.41158778674931
45.195738826904076
44.432281150511585
80.159358464656
104.80748369671369
117.6805805287267
165.69304128035935
68.47792369207727
63.25016882101509
40.697457044408985
31.29560969640261
133.4389164718192
147.94405001076433
168.72282501513962
142.54836179252035
49.10417705832216
120.85842163918394
71.51046106277269
158.34919901451735
165.4395167388601
85.80631068596168
78.03273666134862
42.72879998367517
34.44691095685828
85.62269202781388
102.04985529120783
111.25618699059221
162.41545191095884
67.72272982098664
60.835442372282614
39.98966443872699
32.73896117724566
133.06943865516408
147.63832242257274
169.8370081117999
154.0346981856807
49.83883513747746
