140.9431702010639
134.01216747082273
166.22737382128676
139.3037793800968
91.38551718843541
108.03772831148233
12.31066640245536
28.681681650136873
86.98223111112097
86.37699847627742
74.9298953735064
161.32798943777652
53.96446764871395
36.174703057105475
34.69471323299286
20.331837535078375
136.24099829732478
141.3810616649762
154.75905394861306
170.78295869337086
48.274736445177155
135.34091417709104
122.81802937853284
166.8866402106269
153.49292720798192
91.1309101818028
110.06178243376866
8.566580885310787
30.244051651968327
88.1144377503247
91.1462111034907
34.63448127433036
160.30808692242442
51.56177649422404
20.570717097305142
31.633222574771317
20.96375062152183
132.51332309892248
141.2011176708868
156.92335323307557
135.4032381097715
49.62588120734137
123.51687793687411
132.02013337556
166.71747190798277
152.7741112373741
87.24624029239628
122.40567582555347
11.138942011871121
34.681842621707176
86.89241763836004
97.16033182262548
47.451389511288745
162.48722226156434
52.77522336687987
20.08771213670817
31.806766345183263
21.629890064415406
133.7026609339193
140.96532309613613
149.73501501980994
130.26058560415183
49.04342027850055
129.5751739908888
130.49315418931232
164.63917878377094
176.7591319847125
85.59940318663129
89.6585110774817
44.64537012004055
39.10945646136464
95.73008257497905
94.47824547309463
103.98823969279647
165.1822598621483
61.742093191213556
55.447776825406756
34.21849877270653
34.486457865271944
133.28623111450298
146.3578008987932
167.95775614923346
155.12448787579982
49.6350171213945
128.7378052780238
129.414129790691
162.07210479729002
177.07724054374683
87.18272301883397
86.46753982855948
45.232921012358105
40.53807011821402
95.72041315684965
90.28909489317043
107.4992575538565
163.60463856221992
61.740175989390686
55.45789664929921
35.871267174148684
33.68746908241404
132.56907284684655
146.66101829646806
167.30409627605982
155.79488582718778
49.77434989170955
132.79084621450752
134.98680030426326
141.78424960094006
177.3262191918517
80.25170262963078
81.27441279573551
45.20597892876999
28.732422092256268
95.25003131155432
89.72148403082464
109.94306661656726
164.78069741287183
61.12999055037728
55.96881049575721
34.83704354162568
33.85761384757665
134.1606093381343
146.87484516639594
170.32116653807114
153.12620792373102
48.80101072467518
