138.97202502482236
138.99382773747345
154.6122778861008
161.63665894582704
95.96914486922891
125.02834788268851
42.125249100041366
45.10600966391612
43.43021465966846
108.60395789617445
71.7401897667975
163.4004165829123
36.663672177136974
22.029437514021588
31.519555178398484
10.621981282360549
131.80875114745115
109.95210350586106
138.62357432322122
161.83642152404036
49.01088310338158
74.59077027987229
123.38249491706793
156.20939287910653
158.90323563119978
100.6368529780384
122.89867125761513
43.63817020398667
46.81976691166071
39.12521127174659
100.5015796616364
72.55727902797696
157.78557730799764
37.68477807798694
23.18627665839298
33.28203951244835
11.51273963360629
132.5481405325428
110.08141631630927
142.6054816032362
162.11208793610763
49.88906818314018
71.26354204773627
147.693615543986
156.00614910742664
173.0567816150105
99.63288545876013
129.19966942295673
43.11275607506666
47.412108570957216
40.08440299336971
100.37054928836622
69.93043893956137
161.28788864166023
38.86159324344677
22.63485654763886
34.37797092000178
10.864175097180656
134.2964423288298
110.14177810437612
139.5346372495452
161.95208818978537
49.262811818675914
131.1455295572083
98.28027273544491
165.59241928502468
152.10811621175222
93.64341422459955
101.86432923870629
10.486123864746157
28.72262529145939
22.427422854072123
89.14826368359886
90.00357299082255
160.10884317485426
25.146421789734177
7.8554329419625955
40.29856548231491
31.03626514274557
139.63667851035336
90.67779150657059
158.47886927503154
165.0688164442688
48.13480455210035
117.34511413275358
115.41060509384234
163.00917499623992
153.8579976702429
93.5799386878872
110.03302961108992
8.940785624015664
33.03399861165746
39.18492049392555
94.10482676514624
65.90581523233598
160.05389550213025
36.19404042966937
17.079231328754847
35.716272591964305
12.972646443761455
134.98834361622391
110.93155271658497
161.12529078880218
171.83725302369376
48.210538873718704
114.32004221605199
132.47973861136362
161.3197486955048
155.6542907094476
97.3463776333967
106.77601021489022
16.122983438452554
38.02481071286417
39.65300012255908
93.39494084644636
66.2906341440431
158.32679402557693
34.73959050366793
16.136591655167585
34.93770777154597
12.50162157977376
134.68795241080815
110.8767243713238
152.18785605223755
171.34481502470868
48.51700509180527
