138.87834982015642
109.9584576116248
167.75046647418287
144.78939629687468
93.76887615339228
101.22214948201687
13.477551726333695
25.58334767793992
79.49686501905158
84.42010979471914
64.51671621496543
157.10645454296883
57.48812444499109
39.144585954392
38.41680827971154
17.66419028954174
134.65591503690993
137.1090670123666
159.16826859288588
165.26496688416248
49.13906592081531
137.67070639677218
89.14103433233022
167.9537027998648
163.50738266617165
94.54112095865011
99.50070528504133
7.230447712250417
27.581441152240128
79.84621279923576
83.9154292009258
73.14402610439251
157.40715521058777
56.27295757941723
41.32059532991464
36.19418841296317
18.20307615662942
133.73874285973935
137.0262292346834
154.44112665511162
168.2305310524097
48.596579013355466
129.1862769660262
113.03422143570253
166.6313362135008
152.69565082586897
93.63180658651258
107.23827610119845
9.741141153299322
32.10738824500494
79.0667685132496
90.05430221119094
54.348801688064995
158.4559477998568
54.15186787579791
31.544725633541358
31.844998545872755
19.152935230296507
129.82966939785456
136.6263911604823
156.81229909048966
154.4560435832599
48.795440849851154
134.56484012982222
132.52458955877253
157.98702180291983
174.44811960992288
90.91193235021557
80.45580813108272
44.406011635545326
38.62735450524899
90.61007931630365
89.8541111535504
112.88158863010052
161.06706761164565
65.8395149818168
59.168222829606876
37.86454119281977
31.136272057641765
132.01854877643183
142.01940221713554
172.29455253918076
144.65694801781282
51.67690921471142
134.6681067068741
134.09963214884849
175.9706320553475
176.12122918691617
91.36366554882841
77.92427524377469
45.56950077505302
46.7582131776806
90.42755007326205
90.29320390146619
113.02111830732534
161.58034918226093
65.29394797504966
59.74692999463132
38.52149047261407
30.12975433139117
131.39547047425967
142.27599074272857
171.07029534245896
142.71264547924613
51.50845854360697
124.03443522578178
74.15655070230967
155.24632248671068
174.50824533034333
90.16408209534455
77.30979728481574
43.225238444323736
34.28034366837079
98.10242431049961
90.55564847722829
104.71991859870086
162.04760355637845
63.16783546373035
58.440304920730206
36.49891475448941
31.20698804539912
129.98444623358031
143.20064069274184
170.25405413163668
146.63023123471646
50.89841128280598
