124.8874887680212
124.25651281340544
138.36943513798832
148.19618004353433
100.66929440800777
100.10442085992605
14.657477915177237
31.337952604201625
65.25318872253669
77.56322275066488
93.24926140237561
161.95456494509358
53.97887360549103
40.882448704839184
37.78929239775102
10.174483918834037
132.41162041477196
135.73030761331043
155.7286436958701
154.27690571096687
47.832370525248095
116.12435291302525
122.13996042797694
148.49920233619326
134.4252443885775
97.66253239201792
109.12253190196255
9.34599778575003
39.71860543495569
90.49305036372142
76.33628643075615
91.31702065800137
162.8361812160194
60.75248325015409
43.25067864130666
37.25068118478644
26.06039506733252
130.262699712886
149.8108790954455
155.81054575815483
153.84649974110474
48.365088300606686
115.08383848892468
77.33244031425934
145.65108148705923
163.03911616037584
96.69185262420709
81.17881893420758
13.96513905205235
35.659848645607305
88.4380305074944
77.10033471039053
104.22465568194883
163.35937370904296
60.84631697537408
47.67078402937538
36.249056529930904
26.949890056303452
131.39067984008494
147.7818377344057
156.96612426665297
139.04986127451917
48.055254945453854
70.83365255025055
118.82462834375492
163.11720840542927
168.21346656025818
93.60279309578877
119.38582378805496
47.936559566026474
52.00390659220879
62.09408630828093
110.45156181452592
76.29107207102774
162.40239291654925
59.76288154324299
41.789657062169944
41.82317554143586
17.044513693546925
136.20430412442735
131.15417850024738
138.5304581502563
171.74288564846685
49.92865247638363
131.73152586678873
114.13781817079011
159.96270804330553
170.19999945798122
93.62949929407931
117.4588260847626
48.28646437785578
52.58616989669319
57.90066820094534
116.56939841670652
78.53632719658151
161.874592649966
57.57459476846237
39.08744684648264
42.06445757385484
13.685943858121757
140.12018738657693
136.45200215298718
131.39257121008612
171.72891763948076
44.876043949173265
68.14775246796371
108.63126355990376
168.79868992145825
169.944632944036
92.72510958740591
118.41516651979275
45.309919467605305
50.5081734909773
56.24440040011205
107.20487757755222
78.15120674469513
162.21375986000518
56.29994293841414
36.589909326290176
42.842442528443044
14.885431204386501
141.90686612802494
138.75473584394751
134.64593161526273
171.7061543985163
42.94198750658153
