133.02459002520163
123.38257308690912
159.16582690270553
175.78736011670472
91.58881144409838
81.75815180866927
43.04449019482459
40.61316557329286
91.10845008531591
92.87682072086774
116.71031728660263
164.47261591197648
64.45406340760789
62.7480590458988
33.85107979397376
36.36274534087363
129.90474728960498
150.43068429408362
171.16112864795093
126.06253072015562
50.76926890378312
126.37723387386308
124.71601170550387
169.31780927727763
174.6171573389742
89.009046072709
75.72472319929317
43.25610401735777
43.53759378345434
89.51279624842931
91.78193436629827
121.12305215593182
163.70332309232592
64.76190863156337
61.63885225639341
35.62127154968726
36.03147802707857
129.2173062926803
150.28724812953152
168.05408835039424
135.51589485932104
50.30577149680636
136.51374827096913
76.88232448832653
123.81542627982621
159.83669878982334
79.70204960127028
77.38189787477343
41.992217177082914
19.56452263087392
93.84036843579071
83.46904928058461
115.49001858224915
164.68929801296014
63.42349460861837
59.962898532115496
33.87833456739844
36.68167038614712
131.58137549613355
149.89687251731502
171.63415088380378
137.48653776771783
49.379163506416226
124.8874887680212
124.25651281340544
138.36943513798832
148.19618004353433
100.66929440800777
100.10442085992605
14.657477915177237
31.337952604201625
65.25318872253669
77.56322275066488
93.24926140237561
161.95456494509358
53.97887360549103
40.882448704839184
37.78929239775102
10.174483918834037
132.41162041477196
135.73030761331043
155.7286436958701
154.27690571096687
47.832370525248095
116.12435291302525
122.13996042797694
148.49920233619326
134.4252443885775
97.66253239201792
109.12253190196255
9.34599778575003
39.71860543495569
90.49305036372142
76.33628643075615
91.31702065800137
162.8361812160194
60.75248325015409
43.25067864130666
37.25068118478644
26.06039506733252
130.262699712886
149.8108790954455
155.81054575815483
153.84649974110474
48.365088300606686
115.08383848892468
77.33244031425934
145.65108148705923
163.03911616037584
96.69185262420709
81.17881893420758
13.96513905205235
35.659848645607305
88.4380305074944
77.10033471039053
104.22465568194883
163.35937370904296
60.84631697537408
47.67078402937538
36.249056529930904
26.949890056303452
131.39067984008494
147.7818377344057
156.96612426665297
139.04986127451917
48.055254945453854
