121.62155276767211
130.85832673954093
152.70509112023902
164.87468682503552
96.88043226313215
84.35174486354398
9.187855317484747
21.06373524372393
85.15340722783854
70.24485523736546
68.87477697339597
157.54440245137204
57.037006801034536
35.821269851061075
38.49829355454814
18.756211029336363
131.58620262174904
138.70845807315948
151.98824253714662
158.44755922563846
50.4694280675871
120.46260877882904
107.70285874073193
150.2604036731327
157.97028868065536
96.72987379082542
95.86903997619561
5.086791155167977
30.852766363177803
89.1657210709307
67.96870158251039
77.87312174276013
154.5696862389795
58.03580940650044
38.36548239679492
36.333651085198774
21.674435348940698
130.83418624045655
138.27373882448703
154.4405440207037
159.67178849972214
51.882631733046054
144.2747977518777
118.14338195343954
159.882043747067
162.12623613285137
97.28140047725074
84.6968998535683
15.551912093909467
32.081553471910624
86.095027908114
81.7788370900187
81.31431765327216
156.13536428443868
58.09844344140328
45.01729085179597
40.20111982344124
20.24382040420289
130.95596156515472
138.2378901177124
156.19584817750192
153.20911034841185
51.90596762410482
135.69017564597286
125.84919905232144
157.0723858245455
162.72281139827055
94.57530562323096
119.29617373125434
43.64066221620399
47.9049560800691
76.60344217322279
115.13396842734856
49.55221063537331
158.1183209315852
54.995652509017596
30.755342625733174
32.883834575025666
20.743992315343647
127.78004706650773
138.25244159234637
146.8288144321479
132.88678685126388
49.40851216671965
73.12882825365311
121.99600937649117
156.63873202961716
165.98460622684723
98.32419086018587
119.68788113755085
44.42028841111851
49.25221023482933
76.6053690056397
112.24287822195987
66.55412687464042
158.0307224147148
56.71246456105895
38.100561803839184
33.650126725583604
20.244478128109705
129.13046387070034
138.20786959467952
148.53391762076177
145.56843826912768
50.66581356767364
69.87108200450305
116.56116722358287
156.8807061613298
170.81569431516948
100.22600632058727
119.28906813809667
43.94931538786173
50.18528808998397
75.4814390534968
109.22062748928714
65.53889460696668
161.89141586286868
55.45377935334698
36.6910469912842
32.07856221995333
20.06737079579813
126.01931376417977
137.92333477072617
147.7766756074777
143.53690770848664
49.58376873368163
