94.65359610038425
121.68577270270248
171.9314079792001
164.27617537518
88.85104752097817
84.52812079714265
15.854624849060514
29.774618177693803
85.85031278474362
74.11533321226942
72.82770207094507
158.9372828978127
54.01216101186754
38.456614556899076
36.15178607352225
19.130675957941264
133.6421028155367
143.67053860095595
160.85286753047293
160.05537108120822
48.34165643115467
93.25997799932398
114.72625412043574
171.76111077335443
145.7502185197334
89.22092163336028
104.27798847618439
6.764391469690102
28.173294892515006
83.50068151245426
75.2258533758208
69.1135106753283
158.74202314592833
53.89724543145014
35.35491353974662
35.10623079152006
18.686548670888783
133.87092143199766
142.05493442353475
152.76587510921564
162.78357771341717
47.702023693851736
116.82916948830868
128.62297270137293
162.79026252005409
159.0435072659471
91.37239550986666
105.31639455184819
8.355315326069737
30.35009546196482
80.10992925807584
95.26671102773018
23.568501541103878
158.14079765949106
53.41082572797947
21.701315165454712
33.38846392598829
18.796086136870557
134.07771144717307
142.25576593648265
153.53943613454155
139.45535226757445
47.64712345115017
137.46203240513552
143.6186646153319
157.4112046800171
176.63879310363475
91.0310543644351
80.3600886642261
40.42592128713549
35.538635578052464
93.86241461187524
92.09667356667305
105.53370311419373
164.46383654996143
67.37758136234697
59.01974563520939
41.49563673688894
31.923649101028506
136.00084514691073
146.15137967041375
162.49998676559437
148.46707650984717
49.47185238244095
128.8488104748416
80.37460776506813
166.74729298043368
168.5370209383797
87.53372610699135
82.49283657377148
44.13208776134322
43.31396263648705
92.93046644449687
94.83708637292877
107.77577286389453
166.51450045868245
69.29706812341644
60.274941734578505
42.87423495020971
34.67796749791487
137.39021014088414
150.57539193236389
163.31895954157847
148.42884776674848
49.16915353936799
136.49773575457854
74.78530835234943
172.6960224277525
172.55830967916404
87.64193433255488
76.48170941903935
44.665579457657245
42.284190426226836
93.07868123982306
94.14839498498317
111.95211204269167
166.92263496215347
67.25390732071352
60.14251055974076
40.98406267600598
34.696049529368416
134.32797947682536
150.72458513249123
162.84022547819882
148.8998976989598
48.56656291571001
