133.66993893188751
80.05182179141569
168.8111512457278
164.2260164383518
93.95498915720962
66.69923574604452
46.33048446549954
46.86476444274229
74.7276299702048
95.66356418753547
117.64473004410972
163.9329645519573
64.85716048907665
57.35446085832541
31.998684335167916
33.02092124808941
129.73441127886247
141.9154684375852
173.80643015742854
152.39112609741278
52.62494172500917
134.874898803332
79.30111751674669
140.49494017063893
165.427657625408
89.43368566242765
68.4252314324535
46.07529506976403
32.89639322484304
76.35669429989926
96.61172333587211
117.767196963933
163.96900370184483
65.11937071019106
58.02942117145142
31.29847879935353
36.68161403743118
128.8886502121358
140.890968006529
175.06216115789508
158.7801373189249
52.373440970741
133.3643400707281
79.1221165222276
174.05784374974797
163.83985986838834
92.80688297508998
68.3110789783893
44.20616980660164
53.67934651557685
77.5759806703063
96.94807828166144
123.36750240799016
163.7838739858011
63.20831614423571
56.65086056030847
32.51637432706612
32.011823894364454
132.3667773562809
142.12084728440598
175.01865270039315
153.03874579983977
51.35858791653917
130.4162542049849
94.79790928911274
137.88955972975944
163.15569711019694
105.66628983313252
89.37013740016248
18.53506318894243
35.68158803374501
54.68704283178975
84.96124939224073
69.06874597967558
160.21199793000727
46.99167156334141
29.12297039507007
33.139840681389046
5.527287992139549
129.39612206878124
133.50516461318284
151.50937421929933
165.44336747845753
45.550286975113764
120.16465032593877
90.64897241608605
143.27121963782596
162.2855726470518
104.65195129056579
86.95436842570741
10.434273419741213
32.65444882422244
53.668971708177935
82.43364890957015
104.75939444220506
158.50847784569655
46.562635752164184
38.849288650465596
32.898532142904806
5.2464533981878105
127.93506056554313
133.988008961547
154.33832405975747
145.98956120976342
45.29280491389175
125.17002802150586
104.80667259664192
146.0941432403946
148.49595651609286
104.98375031640836
85.505358455138
13.923496096840237
36.56361600615071
69.75329416498347
79.79662723188162
99.80901715329844
160.5101255494773
57.96210727173451
39.40049819105315
33.22067314454496
21.781847308748958
127.82326674825218
150.11043392153516
156.92688135064347
160.83948673633992
45.898561508719176
