123.8491739041568
129.41260961929825
146.30403309883974
135.19954229572767
97.49934479604966
109.1221445393101
10.84151048014323
37.352625202428754
78.05784600921072
76.9014817949781
69.17714750800513
160.64562572597654
56.656660936121625
39.681021746791465
40.55039665701044
14.539805640000177
131.14132983625655
126.13038644500303
156.61989412186855
173.80013525893142
54.04456304161315
117.77069096977246
139.84552150598716
142.131849715283
142.29852667371304
96.32210360939038
106.43011686044821
3.2242463525241662
32.94071153123325
90.4965813276237
77.39843086900565
82.85323893190503
160.9845201270133
59.776469063999926
45.81508291328972
39.39022028742877
20.86708706708574
132.54563112060703
135.90325135485335
160.58756394925496
163.02612083552714
52.44446091350178
133.9732058699433
110.34991706812738
149.60555001987333
161.13607714975169
93.83769706552118
82.41021632725753
18.266593836188175
39.26770803159376
95.5787506574467
80.61025854376926
84.64691330219252
163.6141157104503
62.60172095591938
49.784727258012026
41.24491025882563
23.033765175915423
133.20905926859902
133.09503782217675
159.6777047042977
157.7956831926889
54.33071570076144
130.75746084122193
125.87057832644012
165.2588492524548
165.75837028993772
90.30433429317613
120.15522753775629
50.212334161491874
53.18497514613744
63.49364369969937
110.91224871700152
44.61866088509673
162.2131321825453
55.23545753041648
32.70287679122383
38.89693584829681
13.542135375092554
136.40202146955357
118.25620237289331
130.32871399373946
167.81941359193476
52.37714571295998
73.18961410063031
120.4077138781613
167.49585187495225
172.5747165938112
88.23549754765111
120.9798055726782
50.72996755511778
54.973454373985334
58.809113494454806
106.08570103461201
42.976271892706485
163.52405265100586
52.55113749009602
31.105516294636647
37.31608456089919
14.4509832818767
133.54092127654542
122.14490183244533
131.9135852402292
167.77764216433977
49.54356676018563
69.17474061962221
113.08341605315445
169.4638361427135
173.92671949886278
90.95266808017875
118.25820114316387
49.000502997311735
53.63428706384106
59.75129082759366
103.08157344159359
46.97706153121035
161.90089667939694
50.000819245938786
31.339358419817746
35.09567976338268
12.366694560894402
133.72062723257966
121.26732743246455
136.4875753101294
167.77458998218975
49.88183716208301
