125.82182916881358
127.84254460142488
172.4429902377277
172.64529492623336
92.21028640974582
83.85848588955083
39.230926254816765
45.18255308871672
92.07094236914962
84.61578413122534
107.78916508254284
161.9425745565909
65.66900482992115
56.44940963072656
35.65649249231911
34.922520385836215
130.38577886815196
146.45076776567777
162.81920478751093
150.26901441670404
51.201765348886866
131.79279775710162
82.74725475954965
164.69058263832537
162.04585010672577
90.59712113876209
84.51392069726774
41.95690302930839
41.65606569863958
92.47944747425997
89.39031824161754
109.16710134168481
159.82662592991093
65.40009235856206
58.04556086282611
35.26614325600634
34.97688516707532
130.32208668091815
147.26947568667666
168.4922089669975
148.6542068543223
51.21277867808952
132.85145282527773
81.45188070535066
157.3609405437525
161.31520541170607
93.30443339113079
79.13965770469572
42.26707069120728
40.23400276397477
91.24082728066084
88.77224656192679
110.22255851823577
162.5415249269872
65.25863265535757
59.27535761543605
35.287610155684575
34.37362047386922
128.19626044152912
146.046673532929
168.00519964616512
147.60159495581655
51.34213546709412
114.52321422687622
138.43867044136036
146.70885245513676
142.34264109523548
101.38028925973333
100.8480773665755
14.646423743229768
35.475221710657884
89.3938328145574
74.55780263896291
102.89387681397389
158.2682245350039
62.9714638363801
16.517636615335462
41.4947277890243
21.95950614904415
134.03905766092436
136.2135088169688
154.02938465150913
101.26208571551682
54.15963042533921
118.45625624499394
96.6949109318689
149.00779862124458
139.51419054475832
102.55446048514037
103.5156644828931
7.804559963578221
40.633059954969305
82.832520277585
73.80843557533214
78.67558656094808
159.8854019892118
61.30886968971593
42.06059177286048
40.87282136353649
19.00425095866428
132.62917557677494
137.20245372203377
155.79659373719971
161.66503346610693
52.03759159329486
125.67059824647677
129.28746152988847
149.10528227484676
134.21856446135482
98.19288630725823
112.15878180429527
7.596723412563783
42.76185049846701
92.63065488238477
76.28133979965325
86.07387379702298
160.2013300589603
60.1679913136275
45.1112257338537
37.670462867634484
23.36490262897806
131.36179424742136
137.80650141301106
159.7857531349373
161.37205750797767
53.21378316327117
