128.38823465435036
136.6797376359301
159.18537279304724
161.72855069764006
94.57294880553297
118.00595809557234
36.70911752475722
41.83054701771015
75.5555171586723
113.09450779905079
57.47751063077081
158.82310510165266
57.04304782799614
31.021172238471497
35.814590080188005
21.662296489107735
131.98081223442364
140.65729754885234
152.21729707312127
130.16340490239529
47.665561077046114
132.39853340825815
128.95885694514786
159.7217917936836
163.0779233421916
92.41026475601208
123.50589344183764
40.24817203166795
43.510734342342694
75.54856588595322
115.2309095658968
51.648958705875415
158.74369595551042
55.75023232159044
33.115334995346856
35.34782769057962
22.2049341542421
128.5327401607942
140.54029597083453
151.75675848079655
130.21811420685557
47.97607285972326
137.48538319596503
131.7244525078714
158.79244716434718
165.55452153178388
91.81806138531205
125.55392742720053
40.735339758933236
44.64707660158173
74.65962727752317
119.14006812499156
58.46062639655524
156.64988098554178
56.884383220999766
33.6353268614301
34.424264743589056
22.034993712161125
131.83195561990655
140.37579060046073
142.56831348866498
130.20647769769187
48.325625687678375
135.07087326216717
71.84786893365022
166.95966579567403
149.64124516403587
92.52401354788405
102.18238954563505
13.103434459225705
28.646411617068885
82.46821615380298
81.57043292064913
73.7531926093809
157.01518269452367
54.96281341014613
35.44401968312319
33.41465879180796
21.366899080760074
135.66982660135523
141.55774876078465
160.79973163644013
163.14594322163904
47.62964101093733
134.95418603473004
127.00326587337655
165.85143238384433
155.79877688069575
92.69545534821535
106.41614029550236
9.382057826268488
31.29171560550084
82.93691435028356
86.27577341904505
45.658188248214195
158.86390585226428
53.007781758343825
21.03838564098663
30.806691667047325
21.9580502309448
132.77471006995884
140.8349375978882
162.15137927086195
130.213462346846
47.89026050888946
131.21731186059372
126.55045042447132
166.11665719510813
154.05957322419283
88.25671664169126
115.6438636034833
12.618999366164372
35.79775259838765
83.387740310618
92.38090357909039
44.435332247979424
159.51411415732295
52.99533548446779
23.131278343484027
30.280396339216843
22.62753594379174
135.01767827805156
140.72220823426304
158.42079423065573
130.02856142936685
46.8381546227345
