134.31840065936117
80.88915869931849
164.43986535671584
158.91325209952566
94.55577014394187
101.85326510126364
8.033267028291524
30.27787553608483
84.25497096280674
82.30849832348042
61.165953750056424
154.19255116932896
51.9542531528544
33.34883951315028
30.084190488287472
24.323014189341908
128.8350759361846
157.89332185577882
157.61069626988112
163.0865272847025
43.81284265910366
117.0308833327116
127.97495631564887
163.37744156141827
154.025258966381
92.865102367521
104.37021622357751
7.630079682206397
31.129569828826348
82.92670023534019
95.50007570180253
42.97934185923893
152.7608019546691
51.08757331832471
20.679757731709337
30.507581366297035
22.71330504190331
128.9290648003389
157.77317674546177
154.58955726294516
124.79235673612536
43.75956053208932
114.02199664099186
142.20709483303318
161.75003514038556
157.86234823048466
89.44487603304022
131.5207482688433
16.107891614327652
36.10227149098899
81.19409405637782
99.73429379941011
44.00386767730155
156.2393752529317
52.62322647237006
22.433149256791946
30.905092798911298
23.997108265434843
130.47529380176343
157.8840632137041
149.71528951781733
123.03764879961548
42.960318600481116
123.37835543619427
129.12162433179057
171.62670445037688
179.04194764851204
89.4694091880704
81.59723772650358
41.62230830057789
42.00422924689141
94.12555764436502
90.842396337779
102.88216687152602
158.54441710009667
61.270779626324135
52.239987310238355
35.04812327111104
35.58696127068042
131.82796470742224
159.6193046643804
168.2793690886892
156.27883075964414
46.2917115894281
121.4142630293405
129.73316272505141
167.76374441991683
176.64190102184676
92.5974429114434
76.5367111868577
45.151443629535216
44.823601904424436
93.37310929787104
93.64164174804404
107.58320046847355
160.4577255934218
62.667668705959045
54.736662008097504
36.91696322263786
36.802366990203204
132.36425869356384
161.0646888671745
165.08612928188313
151.5637394675722
44.561826684220364
129.84272310954236
130.22936258153211
169.91917459674312
177.33111750668627
90.68173414751611
70.93644003984215
45.99238578541301
45.44797725968803
93.22989984792201
94.07534149400078
112.12740590726888
160.22387704933809
63.19545361676768
55.470585205269174
37.59139990534268
36.235124364950174
133.43935380402073
160.4239814439193
169.6110672979816
150.848473518936
44.7354492062095
