129.97310059575918
137.1275391024434
163.88235287843233
162.31244842545723
88.77595755949476
122.2651989053906
41.84089519017375
46.25000019818225
80.70619325222532
116.48043518092139
49.92629497869532
153.1689613684032
57.53647474740311
31.22867785108139
34.6015759215404
25.970569771690695
128.4456779607982
157.66385748054282
146.15344527781377
120.9904402955395
44.55720515668426
132.17339636071907
130.17411921294556
162.07562713024083
161.73302647574764
91.82272241754771
116.8298742790808
43.693826592813444
46.031076760681884
80.49563604081142
120.1318485981307
54.22521301931698
156.3583437651753
58.9050772256775
32.443199768554386
36.22112652480838
25.53077721658261
127.44477943730928
157.66047183835346
147.78688008683534
120.99699211248131
44.487273726166556
129.36731691327003
134.5149402827782
161.71258470021294
169.5674479908508
91.62511906478412
117.50221644103011
43.82149786095306
48.868041681921845
81.41694428856982
120.15942357217381
53.565159653909305
157.1468584509877
58.97542291296402
34.86972976869285
35.88450614616346
26.020308515602668
127.92680549704079
157.69255354052578
141.1860349199372
121.10822940918652
44.56653738567875
134.31840065936117
80.88915869931849
164.43986535671584
158.91325209952566
94.55577014394187
101.85326510126364
8.033267028291524
30.27787553608483
84.25497096280674
82.30849832348042
61.165953750056424
154.19255116932896
51.9542531528544
33.34883951315028
30.084190488287472
24.323014189341908
128.8350759361846
157.89332185577882
157.61069626988112
163.0865272847025
43.81284265910366
117.0308833327116
127.97495631564887
163.37744156141827
154.025258966381
92.865102367521
104.37021622357751
7.630079682206397
31.129569828826348
82.92670023534019
95.50007570180253
42.97934185923893
152.7608019546691
51.08757331832471
20.679757731709337
30.507581366297035
22.71330504190331
128.9290648003389
157.77317674546177
154.58955726294516
124.79235673612536
43.75956053208932
114.02199664099186
142.20709483303318
161.75003514038556
157.86234823048466
89.44487603304022
131.5207482688433
16.107891614327652
36.10227149098899
81.19409405637782
99.73429379941011
44.00386767730155
156.2393752529317
52.62322647237006
22.433149256791946
30.905092798911298
23.997108265434843
130.47529380176343
157.8840632137041
149.71528951781733
123.03764879961548
42.960318600481116
