140.97853509813118
138.88205941991654
137.76109800782766
173.18942940571205
100.45600539019813
98.79222635527931
25.5401492834423
31.041516816450656
30.065802766838424
102.64154735047151
85.46810322009327
157.53708561442113
28.488055371111223
17.490255144566934
30.88479512877352
24.029217030154395
124.04875023800814
87.65203220136868
147.83580328565466
158.6982944352223
56.29032068270144
136.22431850551106
119.08744595803904
138.20015118098078
169.0319922991928
100.72517769943266
103.47434373073
18.08844503358709
33.41127918404045
30.634592483082542
94.66511361011464
87.70998728738259
155.99252611709187
28.031656297089203
13.525975215849716
30.81482741137394
24.177829566627757
124.35949381061042
87.55148668236309
153.4411573173016
157.39115595365163
56.47837588640299
91.5987391354728
110.89727184616332
140.32412702325513
155.29820872432597
83.4205054070102
101.09890142833169
27.717670972209696
20.492178303224843
39.20652625628289
101.87063871348487
89.25995457942211
158.22101436547163
30.795128519179283
12.530351818628455
25.082447286964758
21.337923666158343
127.66440432148029
87.19290709543012
152.65563490970675
158.67848206425012
56.1932671545082
78.23130597573794
127.38021920520984
153.75039855627037
161.88119321523763
103.22162815670693
127.379915443679
46.414791774377875
56.53190840221809
37.10170530313628
114.94429860113715
82.22751561544372
157.7860551994821
38.54726609845514
29.800169697227474
35.94570563803387
12.657162967840735
122.76346511280896
103.5724149498049
145.02819647675315
166.1157593735004
54.21594996673223
75.62493368661285
134.78901050973082
158.54372261338463
173.8674221844196
95.24024887334255
107.57344050699429
47.56485236325545
56.2126885662851
36.980493744283514
114.81877545681134
81.06288908922305
158.05269177095605
38.811182962756455
35.906915693669674
36.08468848421051
12.181946375639084
124.7131533666486
103.55284799060891
149.26900191389072
156.7838049299307
54.26364646237394
73.63532750064456
139.0439398673371
158.43183869718038
176.19171708072975
101.95361958608231
115.65084195851445
48.12419003006355
57.666002421042684
38.1465349984537
117.59963316989958
81.44569436198248
164.68640481386186
39.93408424097205
36.72266147971493
34.791169928399
11.991533653957191
119.74447612533233
103.32046792199867
143.42242883193708
156.01908176673473
54.77581500962154
