117.56198713570333
138.04023808076496
155.4109519978708
142.53842904122442
97.20433843691539
111.1512057559464
14.950230806843582
42.98583854689668
44.94732819125476
74.58016236295255
58.260938160336046
155.22295513927102
35.24147073380073
17.98906817921025
35.996370894286116
12.97868982836388
130.40038876182447
105.14542157885305
157.59080368607607
170.50528305556475
51.45114282887063
123.06347378724469
114.79892200554477
161.34586326221407
148.7441261257762
99.15584093344793
82.48171565734513
10.996147428491225
29.033160233455444
45.06249861373084
74.77625643030223
57.62729928249017
156.6312472864781
37.29781188776456
18.76876567780008
38.0080709738483
13.135159279484144
131.86532821933767
104.86534889432109
155.72612426281077
170.4607781808143
51.3191122605331
135.47596703137222
123.80377707800156
158.6565959575563
161.08801673440965
97.91602332942927
85.29856676965558
14.268595638668769
32.778323964656344
44.99789534909267
83.61635388904155
76.10156817645348
157.26336315929635
38.56210615835335
14.95191037678457
38.98507513504179
13.135891369145876
131.3505256420641
104.43124458599651
143.21501187224527
175.39922799153203
51.69426959978808
78.73121123841374
133.465458981506
160.17406980723786
171.95784980960383
96.29816407884799
112.76167987973176
40.90547235733144
51.821144463127595
32.505309805494
112.0731073895291
87.10531701121428
161.902564920396
33.833768172292444
26.957616791173837
33.552178552994526
13.545567830203558
125.98836608358651
106.95949197934563
153.1896414095557
163.7068600727072
48.52514229742816
76.51566171188732
121.14647215954356
157.68307650024096
166.5129263453607
101.36394162789
110.4346319665412
42.70647878225813
51.04143490974581
32.25476453252844
111.154862384563
91.49932422485686
159.50132248698898
32.2638692501542
26.112268163689304
32.72308192837205
14.249292857700373
127.14954812136938
106.81207495902241
156.45086500025104
163.3729825682578
48.398735746186034
73.32627245924742
117.00041082533538
158.93026384248796
172.9318670861905
100.80998306454052
112.34582001893253
42.490259924496634
50.1359548809929
32.47651490527608
111.80593094875621
92.56686530907777
160.43053867913198
32.70921340483789
25.82494851429267
32.18881752143897
14.597060166668799
128.02347977545153
106.57005398141807
148.55519917489264
163.56972427427047
48.396144968573104
