131.98401378727874
133.58594312914158
171.1257500570878
130.366770751739
87.78803978967987
108.21321711787708
17.846840821669662
31.40428432379047
76.20378223126937
84.33998254944457
60.6725071309495
163.27406060016511
56.820385335046005
19.41964209874861
33.3451116031106
21.6802639950281
135.43252482514734
140.35522477811855
156.86977161011265
129.72836683938613
47.36878020432833
132.57823543391186
118.76216828148328
167.05576074707574
149.34766333412207
92.07683583621831
103.8938559233385
7.821651354069792
31.14629650988736
71.69299271425687
88.35234228437756
70.11549194091282
160.5212111099982
55.923399880204364
19.5819338266178
32.36105646147447
20.248218314523328
134.7719395973486
140.33848921235926
154.49341012873776
129.728156129622
47.405174363230756
130.23624934436697
156.66733522824504
162.43134863292312
152.00927188734317
93.09421622978114
109.00738425158272
8.823412928963462
34.846511798430974
73.74076771630185
97.90169348690827
54.0342605711732
158.73248635912304
52.146793224572036
22.213621079319424
29.38351558927091
19.899838609439033
132.04082402579755
140.17018186871582
160.02538929374373
135.08699559664805
47.35666943175493
130.0852264568408
86.0732544054574
161.25365935169984
162.1418148952513
92.77742331810603
77.1901052264223
42.402643835191256
43.59453152695466
88.49135586522294
96.0351109264767
103.86301184510928
163.90972944214366
59.3659363168789
51.74444450821925
34.792446535294594
26.427762897333604
129.8606815101778
141.33058797348065
170.24426286437213
154.69635098540067
49.9534820181861
127.55405587396386
133.50435546893485
163.70236663340495
168.10745452789806
93.4667524030446
67.68801203774915
43.80435142158052
37.798116529010194
87.35142807484813
95.18238415810383
110.03479800857487
163.06792597866902
57.634737457230514
51.42674264916946
34.292217522739115
24.97048995281205
130.3224474366629
141.49185236015109
177.69418031389154
152.8326993080912
49.598579513186685
128.37850568875345
135.62890544972984
166.6845043129759
174.74249490453425
90.71550440591122
73.26268036126064
43.50798418760281
41.38051643489682
85.48309752802695
95.78079638165852
111.5957087009947
164.55366135795762
57.72206223568653
50.80426125702144
35.38619151226275
23.986714411409988
130.49444915674417
140.17269532087687
168.5989958972667
153.12507222141863
49.38909517514114
