123.2771825060899
99.74420808849264
164.31341664788155
146.98781829784681
93.50163074127713
102.54057876010717
10.491587257544499
34.55811985963981
43.94907515954942
85.00758103619832
62.50930427312212
157.68708497556685
38.80182879062864
13.946106741480655
34.328276826709946
10.807169468779403
134.53224736561154
102.81188189231837
150.85991306597242
168.99208781054597
52.86504231576325
134.7507164137903
121.52346313180112
168.24441691942695
151.15802550493663
96.00869434984058
104.01638542532446
8.499492688181789
34.83230196926059
42.13242068993592
100.31565625231
74.84838753118325
155.96215584050907
35.99721130340892
14.892164186165285
30.61280875767098
11.78829838378127
130.1600042839237
103.55837546863448
152.22779100289537
173.556221256085
54.12481228629055
132.2750960153778
98.70666848008854
168.29534411253366
154.71546637188666
91.32134614820498
135.86752185362243
17.762172462946136
41.14607673365146
41.88612453436375
103.46073579817681
71.17939403595106
157.98937097762027
35.98772801917376
16.806097652046077
29.581421461358342
13.723733021599365
129.10861616292885
103.41894172003867
149.66252235789435
170.97562130604976
53.714326062715244
138.6233958563698
135.74198314316175
177.2358016704824
171.01786163549758
86.54461624008243
75.46053461185689
48.1097153216501
54.387084415334925
82.27311635524626
106.40273190349532
120.07117817124808
163.41975116170443
70.02877149559767
66.69391368715225
46.556550325908844
28.0574918043841
134.98305236651274
137.56206300927025
166.1291643898067
139.12973167246318
54.15268135673454
136.12392679164716
75.7103909822463
175.75098204888764
168.33724421760968
85.88267356278091
76.90683544371788
49.03086069243807
50.33869056915356
80.56878663720308
106.76340546708754
119.22312946352966
161.8966834132775
69.2803896490065
65.36123963958413
46.05141670633931
27.153481593234826
133.1020173200395
137.09447658032602
164.53601100354203
141.52441636943857
54.252306841120536
139.42958178349963
74.75853394725046
176.49158194364625
170.11092544946356
84.61904505696015
78.29387920509598
45.20795221769326
45.7448925639571
87.70237750379034
103.11642296450192
113.38330707798212
162.726235288655
66.94281407384595
63.507792243974286
43.49056444410227
30.09423530720649
136.18283651602613
139.68333628344428
168.6045827535325
145.83543326401025
52.496043058476744
