130.0852264568408
86.0732544054574
161.25365935169984
162.1418148952513
92.77742331810603
77.1901052264223
42.402643835191256
43.59453152695466
88.49135586522294
96.0351109264767
103.86301184510928
163.90972944214366
59.3659363168789
51.74444450821925
34.792446535294594
26.427762897333604
129.8606815101778
141.33058797348065
170.24426286437213
154.69635098540067
49.9534820181861
127.55405587396386
133.50435546893485
163.70236663340495
168.10745452789806
93.4667524030446
67.68801203774915
43.80435142158052
37.798116529010194
87.35142807484813
95.18238415810383
110.03479800857487
163.06792597866902
57.634737457230514
51.42674264916946
34.292217522739115
24.97048995281205
130.3224474366629
141.49185236015109
177.69418031389154
152.8326993080912
49.598579513186685
128.37850568875345
135.62890544972984
166.6845043129759
174.74249490453425
90.71550440591122
73.26268036126064
43.50798418760281
41.38051643489682
85.48309752802695
95.78079638165852
111.5957087009947
164.55366135795762
57.72206223568653
50.80426125702144
35.38619151226275
23.986714411409988
130.49444915674417
140.17269532087687
168.5989958972667
153.12507222141863
49.38909517514114
112.46956573071682
92.61945256587943
145.15329057170413
155.04837858846693
99.09709450668187
101.41699874558624
15.162168697961967
36.5478187764418
77.62371730833533
87.20225684124985
82.50690524229712
161.71787822485953
67.29960872589417
33.18805034777559
35.07052344268488
33.145052487438484
130.28709226517293
154.76509726266653
152.7839505140771
130.6017756665262
49.06267097230303
123.90667364204886
93.15587868903195
151.49867808728996
142.9231893194684
99.28498041419496
107.59429262409179
12.148527804041821
49.13011447999797
77.96415637414368
83.61688726658345
82.95997706142393
161.2190343769006
66.36455284724367
33.01017473902474
36.70772328153426
32.092289373087006
131.29741419109092
154.76688529732806
154.25984351932604
130.87661702463234
49.10713809133566
122.23763947281338
120.20927320765959
147.60758936945084
133.87698716428727
100.87092101181358
106.12022998821408
12.568846161185828
47.855046336589034
79.11867322973907
83.06661786892884
92.53133923883487
160.9537483626853
66.68062239184152
41.212299776406816
36.70244221368027
31.993433469080795
130.57729040111647
154.88344217813827
156.9752618290726
141.2128752507816
49.53452551414056
