133.3863675797004
126.10164423772085
161.34520207183863
172.8587603975385
94.1434511889855
74.87190087282912
40.67176036140659
41.27928060667234
87.87436224462525
92.61630908967344
113.06988608481963
160.94101863400485
63.32374064532247
56.89469222099917
39.19873892598343
29.355663816316635
132.24677504211863
153.13493751454092
157.16419549671858
150.98648292512604
44.11738962914978
144.12474125473145
127.80357119756594
121.89153932365345
174.54650244108737
78.10876578685509
73.53799117519486
42.898178892859775
16.290079774338782
87.19820383434653
94.10825315577564
115.29686092940523
161.3627321911736
63.51612501001062
58.33860073576495
40.215652524202554
29.075087221406342
131.30032847185208
152.73182760693584
160.48247966579302
147.64239296100027
43.78662353909188
143.879231084509
55.82856491446644
130.940358951218
123.43477086963458
83.6785859361047
79.86066721212954
42.65794297551445
18.78156112695137
87.87122239077779
93.03398295433986
110.39893213592123
161.5631476681396
64.13790452081268
58.76262118489641
40.08859384313118
29.957214551963162
132.56476908024615
152.4666581297172
161.81808724305793
148.3369828612012
44.04320028911755
119.95117451755372
129.8687389269301
145.16398111436675
140.89781544736405
103.00487377844624
100.92201754645284
14.331842313036692
41.36978807187427
62.8072297814563
81.52712842654056
68.57975877384267
158.75038186114816
50.53748512046848
35.14872917320736
36.980361687931286
14.096376785601363
130.4084183017899
140.52083382116183
154.2510374249739
162.25816701316828
43.748781037841624
114.14830652481191
101.38797558673619
145.02972191481993
131.92295299215988
104.14256924389707
112.53417272996506
11.34690292007951
53.997983014604806
63.7427253962161
80.24108174342071
75.39693487671829
160.03523486612983
50.827248688200555
35.03889202561434
37.29486890110392
12.584620384234029
131.16377546249606
139.77142104912707
155.20579816731433
162.25469932734939
44.20300389655395
133.83054381520148
125.32951365245532
146.86069434431187
132.78085694027206
99.10982963996639
112.90659830241552
17.73603702112311
51.625741696043974
64.43342881589362
84.71422692098896
92.2631584955978
158.67821025097928
50.4112666927854
44.431357361185576
36.253520445404064
14.008091591510155
130.89950080390648
139.3779125763353
156.7819201868826
133.32536989916642
44.531580576601485
