138.77857875094503
73.74051550924625
167.86988731562766
149.6506171422463
89.60302594984854
103.94865280320646
11.97909717006295
31.30186996155985
23.186275342600894
86.62580553218318
85.60773769932065
160.4255563309187
27.009307548509472
8.7333820119859
35.623789730300686
26.3153488255094
134.31969554424873
90.32297292937572
158.73330686865063
161.69054685642965
50.322725693576984
137.2621029983796
131.6193756014245
166.93086950559402
156.39307669832473
90.00747173882228
105.38186370134946
8.337503245925985
32.574821424809706
21.878108566428484
92.01026291983712
91.62545796235575
160.00995736848043
24.540880976036398
7.800374865702313
32.63242129694949
26.92821985202205
130.65550611367962
90.40376392136395
157.55898134659785
161.65601495969406
50.59992704047632
109.98453133408057
128.9894112108545
159.15765300642227
148.48580155021563
95.20916101034794
105.3539717634166
11.444144989471082
39.68665803556227
22.030162666371748
99.14170424750054
88.19265604857809
162.92193728010884
23.14849916224102
7.975189683190604
30.600536336747258
26.632964727988554
129.54868232082816
90.20454199726794
157.80326403400704
161.67976315016307
49.63685051009132
124.7495238291396
130.4425298087451
172.77044907112415
171.99150294441074
87.63464426504521
77.21914508979833
41.754746330248224
46.27053799772116
83.60494509893813
98.40512056995536
118.63254723069372
161.16416731622147
66.10358291879241
59.87938773352977
38.2652792702348
28.931232602035898
130.83001012120266
138.95733480853767
161.25744760887255
144.73750351010463
53.205999423966325
138.52912763986694
137.20833934294495
171.6233554017852
169.77484314762847
88.02590967207666
75.39327105877533
45.461045353141195
49.32413405295784
83.8261506371598
100.52807761005708
120.49354466560251
163.1530586852577
67.62532625066635
60.730424696833026
38.586308858886085
30.1736387663456
132.38769301994571
138.73983090733907
165.31605605812896
146.6145545648296
53.14210147922216
141.9755968086523
132.45286394947115
152.5655655343739
175.62417098581605
86.39212272851321
75.07439262435575
44.757393121215955
37.11105883461725
84.46018664066423
99.77316614438114
121.53815171611122
160.89953117431483
68.91726950924676
62.05202391394383
42.29328919813549
29.263821177687966
133.57338899525837
139.33188633228022
165.69795681715098
144.22276947172793
52.93625394936382
