112.87750396897337
113.99305978144429
164.67500989906674
137.27217181170482
84.52610230775126
111.98344895174037
24.154095971623057
16.11931583111241
54.36492236483763
69.82193178534641
67.1733522084198
163.9694915687145
36.52189582315471
18.415331579317762
25.651519050300774
16.31354137574676
133.15139227924092
105.75511636359292
160.0881170694576
171.9377629405749
50.889603862252194
148.38263321246734
115.38004938666349
165.10365157006967
142.680549962634
94.37315410817568
83.51992449296927
28.01478005576464
17.578247344633127
46.545314026649486
84.38263473051936
67.40417867773388
158.62877947915797
35.83566639622778
19.680326755449027
33.823371603577414
10.974516520131203
130.98560914970145
105.70490830487682
164.64224115582346
171.94661168598276
50.84411235032225
143.99911392027835
136.8096881298784
160.26307522948042
132.0702880086385
95.21654692968522
96.77894543910733
28.500486998996937
6.9721961028591455
42.64937346653494
98.17232638602366
94.50839572790558
158.84350764383112
36.96164560447668
22.650679207236568
33.80779468611018
12.563593755146977
130.87943211152484
106.18167898855043
167.3463933347204
171.94722572884214
50.801370062460336
123.21175074969365
91.3045270795955
152.8679885916279
146.9361179768118
87.24826941630715
125.58054413883794
18.01191023162189
40.77957687018239
44.450233491869675
88.44558012027322
37.10568806283617
160.14665728215215
32.44041583686085
19.366971720860466
26.07257111195329
9.876361409983245
126.8667690759979
105.01208472605691
151.75938408605182
163.05658094635953
50.906466395504175
128.6725117339879
159.08208408791492
147.9357220804343
161.15946128714788
80.55640550978585
126.68011419228249
5.350459573396742
34.19909828548816
49.68718738454794
83.78255563364404
56.44815197413207
164.31039990180605
33.042885258063265
15.55255725036034
23.279992292335248
14.67378063093426
128.9145223024802
104.67619256521004
152.69709736182833
170.7410923817673
51.00328323466859
137.0276500332877
119.1104909081065
153.26846598382923
159.79214075421515
82.36363948055026
123.61680032722036
15.541118919964939
36.00541395297668
51.19655982290413
81.6710660514292
59.54346109794442
164.0854088795768
34.911877548188805
16.49632547360996
23.543539612058126
15.064010506691169
129.4167496913666
105.70200159415498
153.83075472000243
171.8669865535254
51.0647807743537
