123.21175074969365
91.3045270795955
152.8679885916279
146.9361179768118
87.24826941630715
125.58054413883794
18.01191023162189
40.77957687018239
44.450233491869675
88.44558012027322
37.10568806283617
160.14665728215215
32.44041583686085
19.366971720860466
26.07257111195329
9.876361409983245
126.8667690759979
105.01208472605691
151.75938408605182
163.05658094635953
50.906466395504175
128.6725117339879
159.08208408791492
147.9357220804343
161.15946128714788
80.55640550978585
126.68011419228249
5.350459573396742
34.19909828548816
49.68718738454794
83.78255563364404
56.44815197413207
164.31039990180605
33.042885258063265
15.55255725036034
23.279992292335248
14.67378063093426
128.9145223024802
104.67619256521004
152.69709736182833
170.7410923817673
51.00328323466859
137.0276500332877
119.1104909081065
153.26846598382923
159.79214075421515
82.36363948055026
123.61680032722036
15.541118919964939
36.00541395297668
51.19655982290413
81.6710660514292
59.54346109794442
164.0854088795768
34.911877548188805
16.49632547360996
23.543539612058126
15.064010506691169
129.4167496913666
105.70200159415498
153.83075472000243
171.8669865535254
51.0647807743537
125.91661220442653
132.36701868758433
161.21494922040736
160.84119106600278
93.66497327928825
113.37220098786729
41.48662374066106
47.9751701808754
26.226927513059522
111.62112106470933
91.20986890278591
155.9059120225159
28.886301391535575
26.36727166301506
33.29503394229764
19.33189794202464
131.1685135283646
100.99719184829507
153.0475134268719
168.0322046494861
48.43070132117232
139.3694769864386
118.78669671566806
158.28645518316154
157.23405098455916
96.94373149455397
113.2845679428265
45.08207802549909
50.802268604973555
24.83615281509347
117.4204047318098
92.52438347663374
159.9169258049453
32.06924544999759
28.42100420663897
35.12805170020062
19.544551364714142
132.46787339713782
100.85725389635651
147.30058024440376
168.04390002617495
48.08395660108778
141.7411615942139
117.64321245776551
154.59113780366118
167.6538248593658
101.91297616952932
117.76995791021227
46.28210624402817
57.11403741608954
25.185823026800584
119.62586483485268
94.64920458498604
160.14102121883496
30.738935710818325
34.625639981924785
33.91581459792401
20.125494253433224
123.1207570167949
100.84740481807466
149.86985230911048
156.26386321505655
49.43782284253304
