138.3127655372262
116.02802296656553
167.39226354002648
141.82019095595805
89.06554833095625
105.89413182938745
9.744365545745108
32.30079697926026
73.56188021705671
88.51479108592248
80.71498500926702
160.04251840155055
58.35471975726081
40.085191141856896
36.66567934733979
18.258876862630167
135.08134056667322
132.06370173253083
151.18626139574445
172.6162408274259
50.86691454985884
132.1188593993225
126.83796417686531
170.57690990858893
151.66031813919585
86.69182509580766
104.69527642826773
8.079480928564903
32.07847669522454
72.31002053695299
97.63028021958159
71.33314152323432
158.88103897209507
57.00004551014822
21.250098203826838
34.093613934999816
18.080559963814313
134.1554733607055
131.93434893128224
151.43884662702516
136.84636611499798
51.15816609745703
122.55814729780525
94.59615190946671
161.99091566750607
161.2843018273955
89.21580217768023
116.56500145182686
14.617995119618033
41.14695135179446
74.02586222453446
103.31221386781458
74.93068185055432
157.22056761223496
54.52221718026115
21.65621458569677
30.926798211934692
18.61415613640716
131.02990504193968
131.68977529790078
149.45136971621852
134.96046538991772
51.31603991969145
132.0801057359948
127.20220669318724
171.05247158723014
178.549214072892
85.20828899604047
85.9746838761114
45.33456252452329
45.91998092190358
80.66863967546378
100.83767633052811
119.44205732613112
165.0506825200199
65.28732380869648
58.41094689500911
34.89667569968924
31.05864565518011
129.79122857938148
135.9289152888353
163.08244121711894
151.11566961800906
52.56226476456401
127.49254094014792
130.32344694606797
175.93841210915016
175.27359479586414
84.10647365980596
85.2750173959742
46.74321382913211
52.223450807973904
81.15338571570032
102.28681585934802
118.70102127232447
164.13507055762534
66.48404171942649
59.06966978778685
36.045270503446474
32.33858847754598
130.67571535381623
135.5274232003947
162.70430512377365
155.47918242494603
53.051311024731234
144.18322211466457
133.87843528539022
153.40184389839447
179.22934847848688
85.21449959460385
76.7887716635055
46.513034384695956
35.694103552121966
82.65058259114834
100.21113622590423
120.15028675982362
165.90444610693592
66.47555643404573
58.76841612401861
37.47589689000594
31.472504883354368
132.59377016075294
135.77766870808512
167.47539870853504
158.95753091584885
51.79230762983237
