134.97142374112585
90.2694182031348
168.54876743492707
153.01945393679347
95.44934100965469
74.62331187389745
38.752196084336916
49.51749051648564
85.50275428803081
96.04427162003829
110.75808952227896
163.94279513834772
65.02099532888904
56.68887750473755
36.64289030451869
29.65299560635598
131.99687679879835
140.40195467916422
163.7798914370984
147.04720654318996
52.73094274995582
126.8146425710956
133.59182905836957
170.07266816646958
159.9110459172706
93.08342155185022
66.77667439685597
43.79699258104881
42.120659791520815
85.79984431353195
99.70459990049679
117.39058132970753
163.09203082069945
68.46753354218019
59.480101884547224
39.98739197804665
31.50452296221439
133.3730882984075
140.85376736870973
158.51041290179583
146.53618384911823
52.60764247207944
128.93885651611953
74.387760951076
164.33076686028548
159.96551777885725
89.64209994194906
67.5939469360483
43.60213755249003
35.58063683927317
85.46022256086422
101.38562389085833
115.43707038583396
164.6120293639249
67.57324600570159
59.8284299379788
39.179699422601004
33.20305056397884
130.86208436926194
147.34926885252864
161.1757675308446
144.19942704841307
50.52467822718791
119.90004817322205
90.498060763951
148.8575227952774
160.60574985878617
101.05845677797682
96.15645072903573
15.420744988533565
37.335283405405086
74.12238198157267
81.93928122062717
73.75782539481094
157.9863843580054
57.15938873961433
37.67163936277353
36.12923115209558
14.672307881418329
127.56415303699238
130.82542962649302
153.61236901401034
164.14820398179742
54.2149880829052
114.26345020982664
91.49617691885395
151.29016249743916
150.8678371502073
101.17555106765849
96.60204706723347
8.434750971021648
42.22694243664756
73.85327777227477
81.98721510056315
92.11945405040873
158.4783134600129
55.936154153734634
40.69720282265404
36.476947136208864
14.154881759335357
130.03525577291197
130.55561936907833
156.69808674832223
160.5760216428743
52.65735730366737
122.85313901691084
108.31137695455674
156.2149251950417
141.96179982842335
97.51315767171297
102.50214428494854
12.583519926653576
43.960566351280065
82.1670292142675
82.80745387940007
98.13851912270668
160.07139297229972
60.27292234574785
43.63847211176547
36.07749875628715
21.328190790106216
129.90636239305834
132.8165571480931
155.78814931040353
165.20761945616525
53.644816714320065
