113.279982466464
95.46688836992644
140.25161374469099
124.58020368288904
88.7754696131769
138.2541141563286
20.21832649869367
52.24795357804673
49.10827297073043
93.11761068815191
38.34467764221075
155.8292185568696
38.00491090749178
20.227106807371175
29.209779636638864
13.67502370834026
128.4676110848823
100.29741068829586
153.48672627558196
161.38180840578454
56.04416017619917
127.18122423312434
113.07601442018756
134.1503158772713
154.88241182142912
87.41770561031646
111.14788491247779
11.791842173113857
41.7214807877738
50.986641194446214
80.30946934057106
34.91513445545952
160.58874927573578
38.11616326714639
19.398667811758276
28.824976405540422
12.98013424720267
129.16220859917584
100.04163113395151
157.79423112865481
160.81468275518878
55.38979798486104
125.90621273561663
139.11419374206395
148.0336234940097
176.59858619055683
88.71076713194584
114.51693820421156
17.810167885176828
41.297396773205236
53.056114065887265
75.83929499000779
68.62997423530825
162.96626313417778
38.394547117076165
18.533987890947763
30.043352515821077
13.73661466800875
129.97784205059355
99.70624586034505
159.64108356759732
169.3093926256158
55.235524680354786
140.77484495996038
138.08598036832362
155.1837070592335
159.2235001722183
97.02750176622601
120.98892876051143
43.470605391712176
51.62020139006831
28.18299991641047
117.50101072529633
81.80853020012721
158.43804060264597
34.544881492782054
28.647173032063503
32.90635382371178
17.22730714055208
128.47330557987073
96.51431395413151
143.7942135683015
168.49573883423912
53.69544892945131
77.0404741107425
134.9259047915994
153.87476089372228
164.65902960793832
100.29864724282972
120.5849026947552
45.63456318760646
55.16958703459408
26.934426553911212
114.39788421342439
85.25071915807324
157.47876506478
35.10042625535351
27.78955581971631
34.24639055562311
18.401829548144132
131.3198374376029
96.4166237925666
142.70882471755075
168.41539602281892
53.67412214282
73.59554658523348
133.1455909378558
160.05012267553198
168.71400190058918
97.75162862609018
117.02615171981275
45.70055691239234
55.163215759999524
31.10501261211153
117.27700524068469
82.96455912443838
153.80566753626246
34.84858320137336
27.58745731515409
33.37200627574826
16.747137950079217
124.20890735779315
96.18967124960767
150.87811192566343
168.4610565148036
55.84722912133629
