93.54779925092214
131.53172542677703
173.26801615496248
130.58226632244106
89.51492896261783
115.40081675834537
7.946790874065329
39.31670318854454
71.87593251525806
94.10080793474157
78.96584856202371
156.41860268805448
54.32092921400199
36.48003545397038
31.960025241026212
18.485600170916637
131.75064058118443
139.53864922953255
158.74742606077865
171.50687659433137
49.24547772527644
91.60460282192788
121.99463631080262
170.99693403037713
140.98567604132268
92.34398145960873
111.18736582952741
6.126270743743831
38.16172963549373
70.01750318806252
98.7669330452618
86.2885142202182
157.44999094352067
54.59818546254166
20.92456766435911
31.51288365330039
18.816380672931064
130.03866734290048
139.52136304183404
157.97882598984495
134.46305293799645
49.629541002853856
114.06347663963378
129.84775469255263
161.1256999334959
144.31088881782034
83.7617966023297
143.4906130988194
15.981719558730607
45.41311070076588
68.32939853402658
108.79110706807334
115.2438270300919
156.5104424906478
53.093789460652765
18.34637007422795
29.3464480912744
18.553457632361276
128.6068621618986
139.18707078624212
157.8784247072691
125.30177619009007
49.11795868361486
135.54627712212965
133.8110792713193
167.93363839887684
171.01881957330522
92.602626086294
75.20319065983155
46.882391445169894
49.627893411090874
86.17895308880126
99.52989737516262
110.99029710612608
163.05932717267703
61.273707128505635
54.9837529166292
35.28883082643374
28.225002514317907
129.37688838625698
141.55084665328744
163.62698376571694
149.10490705425303
51.431441358465506
129.59013051497521
130.5090687125965
157.87589088638532
177.33717512647507
88.40045239168695
75.77603651333854
48.20262006234019
41.7927592425197
85.64064471567883
100.07043996197775
113.21295672435991
161.52199184182825
62.364616893004396
56.001134274058046
35.00834147559809
29.493364522899935
129.35311942026564
141.7091156211217
165.62913497499864
150.36422413161236
51.451645983743994
142.6375004256685
130.34597240205233
148.0603262026227
178.94625110020115
85.53050765401592
73.07702871871219
48.93370975383415
35.28589711529823
85.6402765090094
97.86921688684023
114.84497860885509
161.7365765444761
61.93328458261688
55.22175059837166
35.38460329982171
29.29487554435559
129.30666238881605
141.22622892804506
166.26491054674963
153.18787703368926
51.550105820467266
