101.82236935337433
113.91693632870853
165.55819201118334
149.29984374248966
83.59469378594122
108.46562000171949
9.894741505998756
37.91661265866917
63.19317047434185
85.12858345018253
77.56001914832484
150.10189463939813
45.930008116256424
32.6183617184971
22.83986660194242
24.171359421775325
119.94543040930883
144.22852165090833
168.16103339645878
163.2972065022627
44.532973169128475
101.67563854387825
134.2481350702274
167.69497383718283
150.39888857291731
82.78012210204872
114.9235087758955
8.314961524180738
34.58352156143888
62.95764928004825
86.48664032515077
85.16557223523053
147.66614338636057
46.14342893981928
32.35973450191491
23.021376448587834
24.039149761293498
118.20133185533797
144.12480113114475
169.75914730334566
163.29170335249097
44.93141969376656
101.5814108051822
135.07369520107977
168.96226004444824
150.34265493127228
83.57319692387937
116.74281272582837
8.41763365813429
35.05631783578092
53.138616343760205
85.87916967351562
148.73390766751155
147.2033497574434
49.34170498347829
31.24594009382457
23.10331708806103
33.671794675899456
117.55032904891917
111.52765935041633
168.7875500585196
110.89840899356291
45.09319969098637
120.96425207226592
131.10868698472083
160.4369329713953
160.60088504428776
93.82306103198344
63.42809001782223
41.946197882707644
54.29866812062205
65.80599493640601
96.91550575339447
105.20215932716302
158.2404942413911
57.18672225026872
48.14272167950643
40.090111077033036
14.830188511806433
128.86735589762088
145.35942790438705
165.53100145258898
161.77384679760797
46.38475732340655
121.88996902183342
130.7281154272235
156.13445081885703
168.3716530716197
102.18766267155749
63.35685691929895
42.261731990664956
50.058051173440624
63.52122526510337
95.97633930609385
108.22122677215181
157.3942039353909
57.76455116621701
47.78256608542908
41.91086842421132
13.248100776273544
129.32418466215083
145.65345518797454
164.80524783712298
162.7613808373106
46.30612359808511
119.86524780792716
83.92290213527275
168.80815019856854
147.8824428147153
86.92509029127065
61.41393313158618
40.26810510360499
48.72700751197167
68.13725969023776
105.05237607505468
98.2001641419439
160.7085605344576
56.89966363658248
46.65993002376848
35.17906890527882
20.37397415624042
129.80434967379475
143.378626108336
166.31608237333757
164.66313003179616
46.54938461098299
