130.07731576617817
131.53308098145092
161.0641917203024
162.30694451358843
89.72922502036951
118.55103634051059
46.040048508175396
51.05429864464559
69.85217804047548
120.85976341285298
48.47966093993213
159.4926654284326
61.062210826325334
32.847660868821364
30.217018961306277
21.024662786271136
123.12788267860765
130.9557654810602
121.83253846761
145.95715403786554
53.63360320136363
129.53789212594097
138.7532975137505
160.99590901394689
168.32399750863092
88.88634796778085
123.79818529551511
48.15076400142428
55.05340668955156
73.62332703021224
121.54462778698073
46.020561426922875
158.8099204952666
67.89290998392825
32.748431696356384
43.34338450687698
20.648323816984895
133.8644406897552
134.9034680453094
124.99325493063152
145.53502104866143
52.15232497254681
134.6172927877377
143.58948272892425
158.56681919327892
169.09755859287532
89.47816723500753
123.45160583283703
48.77882646508304
52.887884436453824
73.81497695385661
124.60635465153418
49.57250481744549
158.31689425999647
68.4136865505347
33.83792045338758
42.08223251519267
21.08191914860618
133.91065167164066
132.45795694422588
118.06141019437061
145.84778189599243
53.06934586055709
97.22185041766744
93.96942424810179
161.18863124327373
144.5986586634672
96.95265016128336
95.64676197695135
14.11695077667253
32.48549717952006
74.21001841140445
85.87252603787817
88.14433362601572
164.39488836334573
60.072131903185735
31.25362115206708
32.701054536236654
18.80220377008327
125.8639694563594
122.69409367625127
157.1285256903769
143.9398220756851
55.939232568441525
94.62493379065968
111.63320166836642
162.55929027272956
149.68642762124884
95.12699373076912
99.24217085604302
9.305070161469368
34.25770786542156
72.79865802943037
90.30081433093697
81.63953281025064
163.94788867670573
62.34888860205517
30.618219353668994
34.01970342351177
20.25889398423617
127.72201042753107
126.12016467475972
155.4988864041834
142.72586901608497
54.79476975087454
137.0584864413958
126.43939009297196
161.39172337963385
147.51093750101865
94.65479737403224
105.75963201872918
13.175985355189907
40.10979390844809
73.7012125023722
100.695821421632
77.11236311485936
162.86286628904236
62.878334435053645
31.146155224532844
32.3773961878866
22.92542127233999
126.46348708181951
128.55245532700707
144.66825385237476
141.62499300682742
54.21304903038436
