138.3877889657289
134.96430141931472
158.77625174755713
162.60652630365925
97.07734272563394
109.5080171201744
42.272484181460264
50.400052284550505
20.651131127559847
114.93203212978999
89.9364862969609
159.69238823584993
24.167409969150405
21.69921390335617
30.146080284520334
24.206449422589362
129.63235157014475
97.0868793163419
142.4229645831338
163.08978331049497
48.34149806558804
141.41088721526305
131.41957032727544
158.7230195112753
131.56659192801854
98.54444423080959
95.29020665668922
43.973881361238895
39.64087913121172
21.32072763154574
116.21115511885695
87.58610758122079
160.20946632462528
25.78360112805738
20.242750178191457
30.122034822923926
24.143355200776757
128.02591304146992
97.08411050007035
137.18307361577533
163.1002080186755
49.309267081641586
73.17826390010725
137.41122419445216
160.37884379118526
171.0438704601668
101.0203680456349
116.17309502379312
44.30339794727331
54.17443437305864
20.937621183535516
109.15127227552462
92.2846722521278
159.93710722750572
25.734493405952918
19.97091540579539
30.278906324207767
24.023031959839503
130.90584489428932
96.87577214889895
136.69957712112378
163.1094358683823
48.50016531630688
130.18279685359246
130.77784992805573
170.45915636779597
138.78724515676873
90.33867253396278
105.92463370728322
17.200047423257583
34.92225938858099
78.51439942376105
88.43269157413383
80.45823955298043
162.99395727288302
58.31316400706996
39.612511615244195
34.18698309125414
24.21834262553754
135.32525374227583
145.53345845458298
156.5241598820703
166.86929769001853
46.955654781945235
128.88825085099953
148.67529580512002
168.79169842182833
153.55722310818564
92.02348830081108
104.05607424436249
7.511626810750771
35.810553074637866
20.74487273768392
91.89855727766461
83.46287613330767
160.6619816658775
25.990693678569603
8.22698180235618
33.31487139525956
24.978484573436962
134.87021461344233
97.99898599545305
156.99998540673255
164.90294268122756
47.51723283839034
127.4819864730226
126.7820160925887
168.92363308064435
151.9459742801813
91.72328879390801
106.81910168389672
11.773905394010686
38.569528696767634
20.762713561728475
96.77367808398212
84.57190657914494
162.29190154798158
24.804307554263737
13.321632222631328
31.795907786348607
24.641263151872746
133.1760292179332
97.37987481831532
155.8101449214742
163.30555199936734
47.28870303000298
