127.67083815835626
141.37014076387297
162.68932811296793
162.781178642325
92.92758159161284
110.08917653717619
41.988404438477595
48.85395275239304
22.337228449851246
114.22814051450287
87.35554674369376
158.67125424892657
26.573708744134887
26.569319240819716
30.044573409436065
21.462409112200547
128.11599988802635
102.81976065274299
138.62447837255758
163.37082055195324
49.04900549110921
129.14880614390853
133.83915031595575
162.304571444691
133.7687689748173
93.81480259745298
98.72437649068551
45.22102523374996
37.41776843433142
22.439730879845513
116.31101915745639
87.50771145556598
158.94430721795558
26.640051328199927
26.532116783928164
30.87262212190376
21.388568136053753
127.1695392468312
102.62354552688087
145.61749464809967
163.10456977457912
48.80014049498962
128.81388747995558
133.99193664501135
165.13978156279788
128.73293918911196
94.02809207602851
91.78718781708335
45.93074533902973
34.919897692968675
23.38538485270494
118.74383249696615
90.63932679423627
158.4757504071329
26.768836499128174
26.18232036014864
31.584998144457643
21.848665418285695
127.65758329957976
102.54496567022524
146.05753096631673
163.05462592508874
48.82087782036664
130.3233976013499
102.94753413875308
168.34470087114903
144.7194094135027
86.10105524818142
107.89786010514574
11.655745845098867
31.637398449531407
76.26726348049307
95.47699282132531
71.80050846283065
160.34756039972112
53.35052694491749
19.12223714264305
28.897119502168643
22.500715380732245
130.23147194580793
146.1540504196268
160.08880891590806
127.17327707621918
47.58121282353202
127.2667369544284
125.30940594603715
168.87152142157925
155.79143373348484
87.99712495788948
108.3310782123069
9.664862699362747
35.77156685334475
76.04454968435019
102.37450491384129
69.45187395342354
160.62624902666377
53.244661267623805
21.173828903973533
29.863258775546296
21.69738741017166
130.9725946994501
146.5002630546388
152.32934756081076
127.38950445370453
46.51620062883059
120.52772907500439
92.2860456854894
166.86054563056106
161.21347694705574
86.78545055518255
117.47247430278037
16.133422229035318
40.421254276837665
20.94382108210552
101.42149299942311
75.66464575127385
159.17511059874346
26.435540004090186
14.861044160011748
30.504353025894666
21.426106709219304
132.48914570014205
103.30976693050368
148.00461763289215
167.08866184856456
47.049545846652286
