128.9590584870342
129.29631401604854
168.5375378438661
164.89365517477694
91.94176925716157
80.09674918621856
39.77043636259546
45.74649092764291
84.28650688771286
97.53341163502705
114.42794069562774
160.35216535168792
73.30607072935152
62.2212104912497
40.22670629332922
35.06098745853282
132.4777642735148
142.2693458370093
165.23113691391612
151.24980088611596
54.55975737169634
135.14200545652506
125.48080097580801
164.40536881898956
174.37387803759466
87.24902260918815
84.48697008191284
41.76935967333862
41.65365248704199
84.98924407256965
98.81544589780769
116.09293289872824
162.67805648858274
74.23072277809185
64.14920039507197
40.16871871965496
35.53586537639401
134.66717141110027
136.71183845980474
166.7403970545885
150.6627247348284
57.400436529794675
130.61754027382582
57.739064662460926
132.02357141526093
125.94493860705357
76.01651441778026
94.62112698328241
31.723655074986556
29.497617907432588
84.47112462567485
94.08273979722642
112.84360062754934
163.42255146634974
75.6307154567694
65.44154724772837
40.88745702607133
36.357272312663056
136.86376380838595
135.9433455243555
167.7106594847903
151.31605717671383
57.08505693353995
119.86251673001436
137.07895592848772
145.96157527986213
134.53099547576318
102.34214038672738
107.2107008722007
14.119059073059217
48.17980187059739
75.45580586806427
80.69105848964271
97.06282020831698
160.56885338361923
62.20022549702342
43.62158059026129
38.87069558034804
17.69707096479664
129.91984219156646
129.00643137177144
154.63025320208885
162.96988450536378
54.902238186287015
124.56297753837677
143.885838793436
148.1585442931673
130.68436998866676
102.01581198982461
108.9793674313431
5.409041646196744
50.98696533553471
84.35018158804074
81.48556937246275
95.1155832591378
162.038718444378
63.73165561222753
46.54004970396615
38.3853898355904
23.14751105484429
129.50726851415368
132.49782548228166
155.1639251619131
162.3887496086649
55.39950772977099
98.89904579164987
91.625824415813
164.7048373316612
140.12172829365494
97.78093009732316
112.96449386870711
20.536972220088288
49.1526427567706
85.91614791306047
83.99646637974652
93.28309970862955
162.10700693738463
65.95010795976495
50.77041623744138
37.549015622318194
26.64032394913183
129.65041020354417
131.8908564619249
157.00471513337607
156.31840584672472
57.5068895366228
