138.15038666768908
123.77675984799711
168.93652466747895
136.99351841900884
89.89573338680533
103.20946997613704
13.006560549137708
32.69104335665786
69.1624185361564
94.70933659302922
132.8223027596836
163.2592859559094
55.767364462872784
7.392640385572902
32.09003709138734
20.033955902021834
134.46876333628998
140.82348992259477
156.87411969989088
96.49495102049681
45.428629982953616
138.42859065955537
123.82053896450921
169.5047336892925
155.79862458705387
90.92459870937618
103.20255350061302
11.16185893342357
33.9173848608941
64.99546876260469
100.64481273248431
86.19906176271925
161.75103618791894
56.98253241100526
21.685030992264345
32.565748067259015
19.295654670941232
134.9426769273723
140.8024405768103
155.4263991822648
133.7810153822029
45.522574103655586
116.56639323642975
87.9035105207352
166.55055145837832
160.70975105358687
87.30259054484027
115.40477434331393
15.514236282376876
37.69837580898377
68.513191343343
102.59881489190147
93.34370412354299
160.56174720544274
53.083251024891524
21.98914832454182
29.32535243673328
20.450366145129067
132.30632483853546
140.27711090458197
155.8342053472865
131.8605569810018
46.17544880330784
141.55611796368376
133.15609847481034
163.90479208558483
175.49931420905187
88.85541589850062
78.43459800704598
43.2546353736639
40.967609593635885
84.33541343380396
100.27140850348148
110.8332557160787
164.28739993631746
65.58782866321272
57.937341824541704
38.83371868779059
29.388837265076287
131.26350100024442
144.24283019048033
167.30708592572833
153.3131223147168
52.385685623360786
137.12952044241067
136.39151045337977
160.38223238752553
174.25073583673577
89.80754404406784
71.34284209106342
45.838593187518526
40.880824581360315
88.23524305707055
100.52984780300204
111.5460742062805
164.19424583311002
66.37408265025762
58.05771392083698
39.703824011325835
29.73246449299673
132.97509110122007
144.40587529014002
172.0345435219723
151.4306273606494
50.887315279392496
128.84406265984103
80.70879398422224
177.48422781253493
161.29392022757014
88.3473607687468
67.0441681148052
45.345777404540186
52.18734689041171
86.89382916692533
98.7190562440551
111.62962007707824
165.1644973406176
63.69051937747586
57.80721931553651
38.53920124408598
28.361202547201295
129.84986323464142
146.67917827078702
170.09043120634064
148.82667582959277
48.49942253821666
