121.02077202725033
94.59972072529848
166.89759396923515
152.614698167959
87.34089179409486
84.82669749115372
32.07264752298342
39.30927403521839
86.4513085827096
91.84591959057956
100.74097794640159
158.67786803964015
58.553690981647996
49.68193448174253
34.0149500464275
24.313406126873602
131.22670689835954
128.82719288414344
156.9769583319144
145.7255994279299
58.16943608655011
119.02081637361833
139.83047560744532
169.4482617044172
151.5736382254403
91.76197152084265
89.79428460192125
34.282275831334736
15.28641754383057
80.88592305040791
97.79701334400248
107.85381909620995
157.71381087593994
59.22361319136783
51.404033463049764
33.95389009884815
22.97778319788469
131.76768209795208
128.25257946418063
163.64027458392832
142.57244744731173
58.08766715816604
118.57422080242347
152.44101508842041
170.53381315030782
167.939479983736
87.89917445859426
64.68298968689056
33.66089835379206
39.788218539303344
80.06565227196272
98.52317311701461
108.9666649956788
157.6690093944339
58.79506791680347
51.81452167662549
33.97256534953661
22.689568594746703
132.22565796065737
128.05422234095016
165.17383601537742
143.43182098866174
57.67323730248225
127.7051540465309
108.65070229467732
154.57260195554701
155.7582080980803
94.55672054367636
84.8863116627962
10.496479160369784
27.978307542021213
85.1044180821165
75.44453918017267
117.98178765424777
153.23709021441226
54.8700513922745
12.14816092003106
29.910484116833143
20.60708281653932
126.0716049872454
129.92907044098305
157.834963175798
109.97903682918468
57.24016652490258
120.54122771841115
112.499287217075
151.59790559539167
149.00101577684507
89.95688464648217
93.89234501232231
4.310499291232962
34.961355930569376
87.44769552502224
73.5880049427027
120.96112169726008
157.8662277911065
55.69909556872111
12.660057676766455
29.051419519644035
23.333595309213177
127.4011671134427
129.4970948733881
159.15903179562673
110.0389579346461
57.49050886300707
133.28994681196977
99.28739751602782
168.8270634842647
156.41016390790992
88.79820092219755
95.86150822751192
21.80146894068247
39.53266337483337
88.61306212047502
77.17002639943466
92.8096330354799
163.21675379373175
58.461827166368124
43.33210887346945
33.48061698007179
24.285519924087822
130.33689646636853
129.24266869607868
153.6123466043412
154.00166852137932
57.43686261473817
