101.55612452242929
137.9989998968058
168.63251930538465
125.1090742636958
95.54362624228622
92.60502508426359
26.839121121228803
23.90969363906255
73.5776797010349
85.24602439553001
98.33941040690291
170.58674737354403
58.46484505872397
40.13028338347278
31.80161795156417
16.36998049113904
125.55353242377087
114.12232326092602
164.6331287707886
165.26885137669487
57.424787281017004
96.3125882216606
83.11541909879115
164.40048083387336
156.50080136783708
97.63353965707049
93.19566375301827
3.7110944014449228
31.00147488833865
69.88285898636
86.1617587677753
94.230211015336
167.67474227417992
61.395057319642824
38.51637160846855
36.84951382018201
14.232074427934844
129.51309498094196
116.62249378293075
158.05560478625387
162.4494530514232
56.98275702583911
141.94997376417444
124.81245162743713
162.38558999328274
150.41770293983774
96.44545696718957
96.50802067600192
10.469356661947113
31.985513549787502
70.90083235235363
90.5949995588667
90.3207815119273
165.91072770643862
61.1640011471095
37.41318640628169
35.05017871110026
17.09345567724275
127.44412741248004
122.61553222355478
152.81016261750045
159.05375135686904
54.72929472126186
141.66239272781377
63.031200473465546
167.00843076246883
127.9244279807975
92.04842202688889
102.86161820893896
40.5692567203824
18.764754249660164
70.90369219535282
104.04083001567567
97.72511960691152
172.16588929979335
71.10958807709085
54.47478462697918
35.88259004023487
28.229278649497715
124.94018294800362
120.49719605487859
160.51447998768504
155.6278608823492
56.58002291019061
129.61861675782134
59.755916546201966
159.80706424172843
126.80032772167057
90.14218574224016
96.5016239490398
42.96473316317073
16.957168478385988
69.37556489507277
103.77046183934715
99.59753099585342
171.96566277115087
72.89471776823284
54.34985231146428
39.915122549008146
25.060999538131096
129.8988986848508
121.23913685246004
162.93027681672643
152.45105028891004
55.75267209848044
136.75417314117578
60.06303273106536
175.02843847972355
123.92675587431631
89.44865408971658
96.14351857907357
41.06985221173559
10.543488463015109
74.76146844607051
103.20713465308273
99.10213528469684
172.84522085412615
71.49880964490016
54.38945829329504
39.62099115236923
27.789619231527755
131.68005387958084
121.51685465352966
159.56999177939147
157.5207534063847
55.397033174528445
