77.6961474693106
130.23452350375644
157.26162188340177
167.7504566043931
101.28899198342533
121.17611842351249
45.499309154881296
57.42822637895612
64.98563538012024
114.33576524099449
119.6909627628297
160.10772417265594
57.18983608188155
36.10603319476613
38.852649334040436
18.43046038052294
124.87471520645566
140.5880956657123
147.52780579633435
122.47349174819409
47.55092957121864
75.25720333978349
138.63497691116513
157.40743531589706
174.54634178345628
102.0653123463981
120.47259708914942
46.77783498316697
58.727123969936365
64.04804215237054
115.44984992872983
120.91485816584525
158.77840823897913
58.68705768367862
35.40523934054793
39.783254806088145
18.375696063885407
131.45169822312351
140.47298612501478
145.30537816024759
123.02349972953124
46.565541651511325
73.20409796735018
134.4888877233764
159.41344705605022
173.99815464535007
103.31091313199607
118.88140670786012
44.971873208112804
56.86501542576533
63.857724140907074
114.87286340366072
121.073343071716
158.99001014374196
59.18931510945627
33.978960473206385
39.057780491643186
17.991436154276112
126.63615563512278
140.4997307492835
151.901709597732
123.22910422002954
47.673069297688905
138.15038666768908
123.77675984799711
168.93652466747895
136.99351841900884
89.89573338680533
103.20946997613704
13.006560549137708
32.69104335665786
69.1624185361564
94.70933659302922
132.8223027596836
163.2592859559094
55.767364462872784
7.392640385572902
32.09003709138734
20.033955902021834
134.46876333628998
140.82348992259477
156.87411969989088
96.49495102049681
45.428629982953616
138.42859065955537
123.82053896450921
169.5047336892925
155.79862458705387
90.92459870937618
103.20255350061302
11.16185893342357
33.9173848608941
64.99546876260469
100.64481273248431
86.19906176271925
161.75103618791894
56.98253241100526
21.685030992264345
32.565748067259015
19.295654670941232
134.9426769273723
140.8024405768103
155.4263991822648
133.7810153822029
45.522574103655586
116.56639323642975
87.9035105207352
166.55055145837832
160.70975105358687
87.30259054484027
115.40477434331393
15.514236282376876
37.69837580898377
68.513191343343
102.59881489190147
93.34370412354299
160.56174720544274
53.083251024891524
21.98914832454182
29.32535243673328
20.450366145129067
132.30632483853546
140.27711090458197
155.8342053472865
131.8605569810018
46.17544880330784
