140.4236304287961
140.47674795274065
163.10583918094042
163.65330048108834
93.41876542863784
115.12532457199679
42.0937768193963
53.15865459108384
25.21200238089629
117.11297589454871
86.89038533689953
156.261891631105
31.284358892443503
27.239220640408135
33.347789278294655
19.609746849953083
124.18368450652015
101.28729857195694
146.43439729437813
170.69307176388935
50.919723875336004
81.49965984833443
130.95437905188385
161.38010458962967
162.126936249668
95.46291454819723
115.13029646342774
46.008250801637516
55.03489780413247
27.401290212918703
114.18270881310538
87.84034795222921
154.0556637769789
31.18604871105523
27.19233627569035
33.819882966540234
19.140833634337934
123.90994697222204
101.14204806710072
150.3433615839477
171.1294809204961
51.60719207059795
78.80373180979853
130.78514475674385
154.67850305460865
171.06841036510673
103.6048411107144
111.54709813236182
47.8410745540516
59.4100595332348
24.563212685737767
116.0302492176014
91.03784035685074
155.37244376392565
31.31230388405907
27.41963573719106
35.02927592691584
20.893538922938706
125.60693783619266
101.16875692482161
145.15431114831856
170.64119403628797
50.55405636199798
135.76343801401163
111.67532665478303
162.06609662945974
145.8341154051131
92.69600548321668
104.869381998367
12.357982144506071
32.947622096606686
72.25231687164376
99.77206846398045
69.5075192083178
158.0314179640681
56.13212222594904
19.857718831372164
32.493985469571875
19.3916660100157
131.94375558408956
140.93066726246562
157.62525637233935
131.64162266354714
49.41289565943637
139.778441518667
122.7375657533378
170.59659791873082
154.2604792914179
87.65863776887572
109.53898685747129
11.94757750370426
33.21067862604451
74.44161362020894
100.6072543398104
73.58216659547648
154.12749334809214
51.57649684961612
20.147763744717196
28.79806591181621
18.779960841546256
126.863343407848
141.0206636591129
158.95291600962642
131.38264989003764
49.763566597167134
122.08293344677169
92.24942067302666
162.49730175091165
166.19038953344258
94.16294571762121
113.28876009001085
17.09766805571056
37.92093950410888
22.253814075251743
102.7667202844293
82.24610121481393
155.4012354956819
28.287736687972583
15.194161949548922
31.977487989250047
22.24584220195572
128.9075070861215
102.77825710322712
152.67257013808424
171.73777132963446
49.21455678305484
