145.05664152436987
138.03512280106298
145.1355237284674
174.02839526458823
80.81661298235663
74.31335939716654
45.083864426962414
30.42683992613662
80.90228242483184
101.24771867203349
115.50648615354963
164.38885364230845
64.86693452737292
54.25189609927623
38.39553581689384
28.60706301856806
131.83694253041836
145.3121028487334
161.95682446030708
156.4051353175848
50.75638946090479
130.9461932540841
134.4288000909166
146.08258929615295
173.77288682021592
79.71041433263194
73.03493114496666
45.73630851474153
33.87910798003833
87.09445939354548
101.39866998179622
112.86882366740139
164.27170632725682
62.976868223848044
55.36849912377395
37.663204798209705
28.670590328262406
130.0062802557548
143.88825274440745
159.78210553474636
151.0230140889625
51.34219634825497
130.45528757524042
75.92089736406061
176.0350490038814
167.8252740784821
83.4706645521982
79.7897922518807
43.62364242706189
48.1915271922233
80.9122729648764
98.39687370171094
108.97631222983294
165.26669278174677
61.9755213010736
52.77460196121859
34.90230467968455
29.32140485889496
131.4671076737162
144.04915698207574
163.13399046809602
156.89958720683035
50.67636721985541
121.79695174053622
96.57114324939006
146.76462795293992
139.78011728755897
101.10137212139986
109.13004467348827
11.922788178115251
51.648882245627874
76.78351154106663
81.62473833680484
148.10735032217048
159.3307522559361
81.82754572886533
38.24334893455386
37.1805520334937
60.30131186870531
128.8236577113814
159.01260836000355
152.3155201369593
88.81589346031998
53.03352185345312
118.71938452823407
104.39082958702011
147.30263229264182
126.39649408846047
101.42948636678116
108.34925275842583
3.9251473294184267
51.75916448194252
76.57906847190604
80.00953217594702
131.04499502451355
160.09051644308252
83.11671534325676
42.39203374252332
36.689907807420745
59.31144712641071
129.0586405490299
153.04671663404227
157.66955173492207
100.0515342774269
53.40397182859511
112.99325601852773
120.58015585322515
147.57919977671398
131.90773103410422
98.73147540715513
108.69144904299544
15.104930192183181
52.11891363734697
79.47586229592522
83.88579105963461
94.32087253541034
161.91557648293087
59.14641532567846
43.45013182947269
36.01999809568366
19.947578879907272
130.42134640853334
133.30997036694828
160.69549352060164
164.99221859785973
52.8170388897351
