80.53516594296968
126.06106361775407
159.7277949957775
161.68713848170742
94.37085973655864
121.22232409720907
41.07562783385025
50.31283595844597
72.07216580926185
114.40963124023878
81.2416006133402
161.71490659038153
55.82713953972993
39.39370972051191
31.330328941285487
23.07462236294067
126.53104833246599
148.8111478891781
147.3927824136386
168.9455789391436
46.431430552274726
77.95352895010126
125.44888870164353
158.79737870384326
167.72324318951235
96.55092282297743
116.50532043846262
42.08822571492169
51.881163077638625
70.72547957640411
116.4032257486465
85.85251521719954
160.15514667183822
55.660408455445605
39.93038248015727
31.28998532866521
22.30424981473642
128.86090819212893
148.72238853515762
144.99827364121165
168.9395122938306
46.16360327330754
75.07733080977658
132.38141544746182
154.6092655310157
170.6520917235979
102.49435274350107
116.32886640079413
43.28290387558534
53.22224177158499
69.70828218108633
114.09947037241187
90.33645744546479
161.8302392527351
53.712109277702034
40.104676663694235
30.115354617227954
21.473445858514697
126.27509796813521
148.6419741943293
149.2042503705506
168.93558883736125
45.71092478826991
134.2278514358162
107.81150422738324
171.36183063025916
140.40922667586014
87.87039313175029
108.66213787228163
11.262330724832088
34.14804155198592
75.6095022963014
93.26547112452802
92.33662521773851
160.97107795637024
52.460714271031705
37.35372787159326
28.421840465217482
22.655105906829693
129.76012484332253
149.1201304882947
152.4561283200088
168.84456118322808
45.96112191610636
130.15567007596405
130.3840633286321
169.05013039453834
150.89816363634029
89.29584661924989
107.82980834427423
9.220708302540471
37.58388288839529
71.99402890365845
101.73170775029885
88.2996408422832
160.74290850301875
52.11361260991391
36.752508054092345
26.765488527970554
22.388924162626566
128.00620424785075
148.95748674620336
155.13131577289994
169.0646282844645
45.79708450048672
119.54355070037953
90.64863677062995
161.92815699917358
155.46029594861272
91.18803061435963
118.19747813207385
14.22968949833329
41.82204711585924
70.03489707559314
107.1449380206328
87.22813414142288
159.6074641606889
52.58134263710841
36.91121100897139
26.688284122121548
22.019625090926702
125.28244515711687
149.01996437582412
152.7328776924326
168.93945192021417
46.80754441420818
