82.35489823992518
144.62453149182616
164.53818424418938
161.42580991429287
94.40850416741235
120.08889736834055
40.10128131220025
49.07788077943154
72.80821551996198
108.4331102399227
76.2717222365929
156.09911981117537
56.34977082187558
27.5160983456366
30.292546460105257
22.760334393344433
128.2164221361798
144.4146706322422
141.3158906326913
127.5610946678089
49.802866915539035
80.47129038037939
127.31526026228269
164.02261648453558
155.2085482038086
95.15094514064657
118.94143280083087
43.782845458144145
50.820049212881344
72.4182231927761
111.90993663450821
65.33468756825769
155.34490475552516
56.9047948553555
26.7806049711951
30.671034480860193
22.440263862728205
128.28706683675892
144.4555264921529
142.13753831782907
129.23974434274228
49.5317761379068
77.66351312549806
119.91493019946189
162.73883182205103
162.30161531891082
96.05505314116793
124.9960676808927
44.12842224876005
53.43706115920388
72.77405232425657
113.88877895024247
57.08363111260851
160.62229098008433
56.61261228652238
27.4859716981084
30.637335463192912
23.172743756157214
128.76406906047475
144.2515659293849
145.7625038432416
129.68464631158437
48.536076431608286
132.40759200057815
111.65678844182769
169.93450325899852
143.43183440911542
91.46429768134567
103.97882734575688
12.479435268437125
32.90649276013969
74.26613131042858
87.03057434988392
89.8371379270997
158.64842758333617
55.16332273121979
38.12856196810463
31.00432817753883
21.056175472043858
129.33689312252912
145.08810678564043
157.82938564162654
167.24480569881564
48.50517720259927
130.87070804114873
126.60803498930767
166.74490108966523
152.2093700562413
93.41393772250281
104.19314305649834
10.35902013618995
36.24110380001715
74.36348028073691
98.49173418517255
74.37656249121756
159.04499613950495
53.87933396192021
19.968561206377203
30.24095431466019
20.241428682844944
128.00212839182277
145.00644426821512
154.24983877747314
130.7102559960157
48.58935005102302
111.12461380463021
140.94124663299164
160.55173994124465
147.51638463531094
94.99488509266699
116.60488623386986
15.682527912913363
40.80343014628008
71.20843592683867
102.26417480119254
83.19569450860048
158.55053042019435
55.108698049458404
19.55335547823276
30.33176977869893
20.74287619651022
127.84474102138135
144.87398756024112
148.47965164024103
128.28440703152862
48.80636663717633
