141.80277736762216
81.55478945090601
172.21172420719674
155.72852284971626
90.35536039751433
76.29387195013145
49.73064988754044
58.42069992041196
75.98142087467066
108.38709282805323
123.49004685293467
159.0565349276952
64.66053748501146
60.4215433122455
36.28738715504822
31.119321450064273
132.21177278958038
129.99830229705196
170.3800647898814
151.65674579164292
52.42701484358143
136.45369540971768
77.46080853664611
177.42895579778403
160.64348255028196
89.40437989348122
72.19491262033465
49.03573203430862
57.44857875587565
76.20429760594264
107.24824429094296
124.76263087907778
158.4980226317303
64.95172996727376
58.04440206484425
36.910982040945484
32.028299681927
133.92409685698348
129.07524278642376
170.04113520500204
164.16847258364712
51.875477422802554
144.8312395202326
75.82185686438433
176.2082527414881
162.9527313969863
89.3594507640161
77.0363096609212
46.00241876034313
51.0635419753644
74.03780196596453
105.52809511963278
122.07649320060789
158.87523861719416
62.023218285014366
56.03705608380798
34.91558292219992
29.812593800229322
134.98298612958618
131.77817492316797
171.3654121318573
158.71459866007635
50.46500234233457
127.85934824179778
89.1474331808407
149.55651097539055
163.60673457231618
97.97764188635435
97.15587835932233
12.119716729150317
30.22266566739068
70.17125360706883
87.5135013538858
92.45633677864946
158.0323054457326
58.227179441712806
39.782593567241804
35.94607198209378
20.254888710931073
128.27040121645624
136.70744615255597
151.01894019884514
144.7631311376012
54.403482766783554
113.81493655596137
92.66964753462726
152.7494254128602
156.44180634876378
98.06881802024202
100.03212960198256
6.931620636070877
31.167718815777754
72.32603688715913
84.95629519437077
91.38478677063954
156.3402914625322
59.03074397029469
42.111049429615505
35.20353848203113
20.4589301504253
129.54236385287868
133.02800144580772
154.80488569008753
171.63872669345247
54.177776621219465
132.68678905077212
134.5227010259715
152.22209838989383
164.9193930602411
96.17371495978595
80.14200968542856
13.493589202478544
35.440040677431014
73.39442943633536
89.12942281990183
104.11104943218996
158.94812883351221
60.56008758765104
45.463382589211186
36.044663732444675
22.44282096291338
130.82453393088514
132.6272896289876
152.96012495302259
166.3350645703722
53.33874549988211
