127.98009740690242
134.27554771577854
171.92648887923303
165.00819876848948
96.24057979393092
78.7680055706386
6.904369987620585
27.911987560638238
28.99154392979685
83.04088823243832
104.10091540665483
152.24273403674516
23.97464285759033
11.588333794599334
30.015053266529883
26.409192804569752
133.04122179173703
89.06913826162318
162.49488865294137
152.8194982546405
49.83384565667294
129.22721302072856
143.5906097996122
178.37744423152375
164.96621074179637
91.89184473421577
71.35737720004869
6.619538389502228
20.419733931014505
30.62642517667726
85.92337292085757
109.45178899252878
152.7799224325173
23.955036245026093
4.63624291529019
27.799736152479944
23.027380537483396
132.95882893620825
88.75272729648812
168.02786359642272
168.04918573913307
50.289086767138976
133.20572206535374
106.12270619369899
174.43885848262585
166.09065527079295
86.39256575375629
88.06425478951391
14.521864769060594
9.419793856521753
31.657052402243025
88.03128085361182
115.08989962062611
154.05042075923973
23.81932998587332
4.067569697345985
24.79057216285862
21.13749089564611
134.53949244259425
88.25130416262098
170.20441911666774
164.40855919063807
49.82520253544212
142.4796750431709
123.52762744562101
155.94903843209562
164.00019255220812
107.9077121630204
103.80242236543414
51.97483921693693
57.51361572175953
36.523049034006306
117.57383902271937
115.06356467338311
154.0425895173215
37.369651127142944
34.26916100179129
36.375805119654835
19.65816143905124
124.49332624659259
98.7515146542935
150.5622517226768
150.80458399458982
51.8124855871139
74.49839177082798
126.13230237500751
154.34073641578036
169.07202058019016
111.94206834354178
103.58046300114698
55.79789725484777
66.59823639400975
35.28818747265669
117.61362356758697
138.7103118486727
152.217881945111
38.88940682341577
33.966001389916215
37.86238864704997
20.675435221619555
125.89987806174294
98.38859335635075
156.12646463621644
150.84221759806925
51.193017106013386
72.61956786772804
135.27072620130397
156.29579039780754
169.04864905523334
109.13371121436361
111.47811600260113
55.29114755199905
63.32742165612474
35.321258796857705
117.51140040047011
136.54037890068247
153.93998024866264
38.679610673572164
33.65326403581216
36.227777045191225
20.013272185186405
123.24101004591489
98.12392483957585
156.3870240227336
150.81657247281063
51.98312981305802
