139.1242124555852
120.92208727663008
157.4281431564299
163.79378441875866
103.48957654798109
120.1709881103168
48.81426874904355
58.88266420692241
33.12468441349242
116.69272310483693
105.60225913454894
156.5954090894288
33.853857113410385
30.867782982154214
32.756402196343615
15.691174673891714
128.46860214391657
103.96331170318304
150.07469588849494
151.86672061219778
47.59165995254683
142.51514579244915
122.92967366710839
157.35208838720877
164.12670581684452
104.59280858661691
116.59987877538244
52.51278748050779
61.495169983194614
33.86904040066613
118.88990030697654
107.5715985467335
156.47169638451038
35.1400798620467
31.994923076564202
32.481487497459085
14.896849667166
132.7513263371036
103.74322270455485
139.3318330758406
151.63532867078925
47.668488787451345
73.61283872841119
129.84297885064282
156.5239220312635
168.26539694947837
104.68967540056855
132.289740600581
54.014380762286834
63.31861028098604
32.32207082058598
113.632877123294
114.00233263545675
155.5431749678513
36.19112542225815
32.12206243460094
34.154615278222934
15.577943917390243
128.8366404029894
103.28713061659715
151.66852639371518
151.85201148431952
48.33219110778899
130.82834896377565
119.48198053100138
164.1924609655541
146.41680471263635
97.53435794494757
105.43728874732358
13.408990703518015
32.72692892322273
57.921942261051115
89.46554349207518
121.8636563830375
156.26078509785543
54.41782915701132
34.67688299827976
33.26586289658782
13.9672748114876
132.9775704682464
135.58103690843834
160.43344334158857
171.40071392916718
47.37748700876282
128.70349078121706
117.77036847338285
164.96198030632394
151.069069745012
95.22751141385997
113.48689128091726
13.341648328116092
35.54987467059252
31.567204970863376
93.99100502972179
116.1786865476752
155.73436687013387
32.170136159800144
13.167784310632063
29.965700798480288
17.335924323817537
131.96312427880474
104.78467394763457
158.9937141399483
175.15112304326874
47.216712504113985
122.21875580830068
130.89293599933944
154.74196283187294
148.74741050810823
92.93169121485816
118.34558024424742
20.89013835414034
46.851102150732004
29.438968657883198
103.12601634208019
126.02957738249172
157.60591297710363
32.077684469465616
14.318513969004558
29.059644427708363
17.33964866700026
130.20490795051398
103.577272160975
161.09284865462348
175.0839190073596
46.99137188635033
