136.80032351690696
151.37034931900374
130.43038121363412
164.31075152133957
83.5855085872996
119.53666761489211
12.313811048446404
40.739535734116316
42.04107859422302
88.89641389515293
92.13372122622116
160.6960271553441
35.040747973642894
23.232312419196045
23.375678656163135
14.855461114234641
132.02959946678394
101.60826540257979
159.24557872052154
154.35446368585102
48.526388621504374
130.1503038520588
143.97014923003704
137.94883807301457
163.62373449535497
88.23943376117151
118.86852017204428
12.932902460879047
40.50619465471006
41.396188396931805
83.99605840574706
102.87351333680392
161.41077627901404
35.267296853479614
18.173622062544478
23.943523815541294
17.139347230789404
132.86032735617977
101.50827100963856
163.98933595117066
172.532689557721
48.31218459773427
110.53380793917292
137.99546689331677
152.21291152971892
171.65641518598758
90.9738993834589
107.33324966810765
20.917356213361913
40.839215204631984
41.714230724006626
80.47351969011186
97.5073980534128
161.3929692516126
36.19855797854049
21.14874884945822
25.360874018030657
19.269905104605495
134.43890045663395
101.81419092017465
166.8790104902369
172.13915050546643
47.65350099298917
139.1242124555852
120.92208727663008
157.4281431564299
163.79378441875866
103.48957654798109
120.1709881103168
48.81426874904355
58.88266420692241
33.12468441349242
116.69272310483693
105.60225913454894
156.5954090894288
33.853857113410385
30.867782982154214
32.756402196343615
15.691174673891714
128.46860214391657
103.96331170318304
150.07469588849494
151.86672061219778
47.59165995254683
142.51514579244915
122.92967366710839
157.35208838720877
164.12670581684452
104.59280858661691
116.59987877538244
52.51278748050779
61.495169983194614
33.86904040066613
118.88990030697654
107.5715985467335
156.47169638451038
35.1400798620467
31.994923076564202
32.481487497459085
14.896849667166
132.7513263371036
103.74322270455485
139.3318330758406
151.63532867078925
47.668488787451345
73.61283872841119
129.84297885064282
156.5239220312635
168.26539694947837
104.68967540056855
132.289740600581
54.014380762286834
63.31861028098604
32.32207082058598
113.632877123294
114.00233263545675
155.5431749678513
36.19112542225815
32.12206243460094
34.154615278222934
15.577943917390243
128.8366404029894
103.28713061659715
151.66852639371518
151.85201148431952
48.33219110778899
