126.24499750913907
83.8310678303022
174.61256578478142
161.65074824951057
89.9790043998688
79.00760330238107
49.39402686710486
55.194304168671984
76.39505884202029
99.44833653936371
113.92776129404089
162.60900845148026
66.06339876606206
58.05508505696134
31.33440789849305
31.758986402578646
132.0493194699269
131.76205355648133
171.12959182220868
147.7197757649553
54.298258860458574
136.24166603634376
81.55213100763376
176.9721938482135
162.36647845645334
88.09313202616264
76.43494580908909
48.72052177285362
53.87810878578283
79.83749257011549
98.5121880040589
118.23655657657089
163.82488327877158
67.0845415627518
57.243396486298934
31.713062142381506
34.88079640493548
132.50739377394748
132.13233724474907
170.69058739240205
159.32103092014523
53.8205285779404
136.82418102802825
79.72658155474716
178.20380308696627
164.56307898562352
84.33417445343953
82.21129591774
47.979220067426624
51.59691717689653
76.31863642061876
99.5279962924974
117.1479285250353
163.97702535033466
65.22180002694775
57.548676807521765
27.574973831467982
37.024761654587685
132.4924126898378
132.8390807761194
174.91013141418992
155.58838536932203
52.45996641301016
121.7479686621887
137.912057077753
144.3596467324287
139.14208907174046
101.9075991775342
100.63616093444759
10.401748490265904
35.81591448828151
67.54304943913792
85.57057664407822
102.5086014366704
160.04028452368212
58.59626597251394
37.06960313924412
32.43424225805333
18.654865356233362
130.53827820924778
128.48039499058277
150.54919579168833
159.3797870162309
52.493566283628944
122.3838425008939
126.04253176640741
142.8034729238924
154.90705629322062
101.75213100008365
74.06326923325952
8.80865878379968
36.925802896857235
69.38742769600553
81.63687638637897
105.06253694321047
157.6801572802307
58.98844511479648
38.422386949820684
32.25532029302858
20.053305832674763
129.43630831753524
128.67231531465538
154.3603224037156
151.53672962130102
54.2665791021419
130.0511728817324
99.31717120753758
154.21291514756606
150.7689076108148
97.66685754296059
71.86816140417949
16.551152527162692
38.05565342777088
70.77092793772525
83.97708252228016
96.61965557350642
160.6431585366269
58.69348905745328
41.152519394199174
31.65194505750003
19.67211954803074
130.13735585827715
125.99270283891359
156.2113904284656
163.43100410845406
53.861071746313456
