80.9849717862731
131.0778149686785
157.9342330214322
163.75754231470145
103.42078140043299
115.48811287967436
51.50516014824212
58.77953643712137
34.88983576835646
110.55618813349032
125.07026747958672
158.1628565769615
36.69730865967991
25.70925453228904
33.753433830406514
15.144860686064959
127.0508911342568
95.47107131421029
157.6032241414932
171.4113249897733
50.429034132014216
79.62581047836582
132.36938610531297
159.56275401189563
164.37104143201285
103.505666151845
118.37526024530305
53.49931798031443
59.05416898381627
36.96076314030229
109.71196977855347
116.63558723762968
157.29815173885677
36.74489334615453
27.96686197613356
34.88224915051674
14.762700926273347
128.57394305685398
96.81640900955921
152.83115260412077
168.47543854561567
50.93108969812425
76.06389898634879
127.47538399961401
153.94908331261612
168.33783479966993
111.18798301223134
106.0624807478101
55.54590985472356
64.16899851259774
34.15694494815265
112.79655319259463
122.9504562266205
158.19177544549987
37.82402308528498
28.123712211756516
36.023846003591615
15.856109547399772
124.06966297018971
95.56666682212098
162.1710455290514
168.01071126717827
51.191124940523196
134.41444924510554
133.5748796819421
169.2052175667028
133.02064813112514
90.32844129965517
110.66725833365633
13.343000159167952
28.135731608272327
63.634317504336366
88.23055619403978
102.21424415812271
158.74590096506503
54.6166352562053
35.90339908710641
29.10721621975154
18.404239723361968
132.6775410548793
125.49960021119695
164.52928077942101
177.01349158243548
49.974892785133896
135.53239531617427
135.1859479573344
166.98811347956865
144.3674439221942
90.87525950209978
112.64204994033993
12.018026847781094
29.852802732458926
37.66728574378058
90.40878636138643
110.59187958298509
159.81856702472888
34.16721154047069
14.00012038165961
27.588258340933272
16.290538848207028
132.42927011949863
97.75552757435297
162.15529388809173
173.67546787689784
49.529549979966866
131.17852948219067
130.59373147405208
158.0155387181395
141.60970543817015
91.08523482743483
115.34011164358398
16.836704654881586
32.80740524582804
35.352794726591604
95.34221460323288
105.52596062602291
162.78061548412788
32.42141942274407
15.721494459687351
26.69800661956238
19.40069832573882
133.35695227720436
96.42559818310347
163.94659301482156
167.41803239071734
49.225467165671965
