114.10835016370348
90.11308323186202
145.47161890277638
154.07704126003762
104.29457858818373
102.86598052316789
12.545292482072448
32.87135178427361
74.57818322325302
87.35074011027376
90.92257906480764
156.63352538043506
61.719449057013556
38.8878404653089
33.33991246320682
24.470131664209486
131.28258551555524
135.4726062345942
155.72495107394147
147.85078385742636
54.56229232148935
118.09268826784856
150.8333293089484
150.39439939887453
155.86358966327674
102.80125787751169
74.05033908005495
4.174384508251494
33.92394676169375
76.12952606452944
83.40144380647001
105.48253774648195
156.28948671277746
61.695099909293056
41.54102109125788
33.50747636575992
26.485235155356403
131.80406438233882
135.52725314863238
156.61781862660885
139.2421398005983
54.787895893331
135.95582696676868
131.33453244738755
155.73207680852263
159.86813797604322
100.04058975762872
72.6581700907661
15.144904923949314
36.859514025361705
75.22807513024381
88.15065807639523
99.98744715184075
156.7054075468653
59.54803249472792
45.15692141441702
33.516576399201725
21.747697993779298
132.67936976455124
123.78700995997579
157.67969937253076
166.34559280713
54.67073638712509
75.30716572847972
130.43433146976392
160.3692129317785
164.2056422222115
88.65840858742126
121.47410762509745
51.53673675517656
55.217870721839404
70.30440455972807
116.53650915479614
81.20938947209416
156.12688260260597
63.38199124113963
44.69692004554447
35.58158191857615
24.372842768079707
129.0244029959607
135.06450373115305
145.17633784535988
164.12174989351706
56.37384517514532
71.49486192273075
127.67088165594029
162.92615157392166
164.64835181348298
91.43118987618831
122.8894296676216
52.8966567707328
54.220623323062746
68.14776641342864
117.7577468944885
79.77478946775366
160.9930580353233
65.70564281654389
44.975786111021144
34.61151350677041
24.892765175550746
129.07413564771608
134.96610132094196
135.96191133649194
164.11710844819675
54.7138356002382
69.68875523960124
121.2837405955085
163.5881703014568
169.88817136060123
92.50756154331113
123.1541248581852
51.03308776288634
54.11839863448644
68.4345887586575
114.84714092085737
86.77216268101428
159.83102761048517
63.264600570811545
43.88525095958835
33.25666517087242
24.21529963815063
128.71215010783243
134.73020477905422
143.19235083425673
164.11350761729568
54.963098526658364
