128.17033996789107
88.6821538024428
171.3206288031874
156.18863196502258
92.20163724985795
85.52881138745235
46.9453420214657
56.63913056039997
79.13825606371296
99.11752952730355
116.588741919005
162.60665913763015
65.21465739283494
57.48690378068762
33.36823225220326
32.35567608879578
134.8519405168024
125.49700206151545
164.38103966081206
152.61677657061784
53.45075199893384
128.0425608379374
85.5961259515262
170.5508218744459
154.96063483376847
89.50282671996821
87.62810203192917
50.19504203547949
58.781575542132416
78.65625612906307
104.12707594900658
120.21930333033589
160.98340950491203
66.69190336191488
58.44554170335383
33.994008119250445
34.140098808868906
134.02545159359966
124.05732167019723
165.31512701416062
158.14125669075412
54.116699960070456
137.59350457592996
80.95319830333739
176.6300113001662
160.85059009836445
88.16618500725721
86.55774833744262
49.88459488429781
56.47839143403578
79.02917707374941
103.32969038436963
121.11261276639674
163.17594602429747
65.38374122498311
58.638601272554766
33.69621928254844
33.491934918475536
136.3155630162896
126.23957868513405
166.28900170513552
150.4065136483996
52.260716943466946
114.10835016370348
90.11308323186202
145.47161890277638
154.07704126003762
104.29457858818373
102.86598052316789
12.545292482072448
32.87135178427361
74.57818322325302
87.35074011027376
90.92257906480764
156.63352538043506
61.719449057013556
38.8878404653089
33.33991246320682
24.470131664209486
131.28258551555524
135.4726062345942
155.72495107394147
147.85078385742636
54.56229232148935
118.09268826784856
150.8333293089484
150.39439939887453
155.86358966327674
102.80125787751169
74.05033908005495
4.174384508251494
33.92394676169375
76.12952606452944
83.40144380647001
105.48253774648195
156.28948671277746
61.695099909293056
41.54102109125788
33.50747636575992
26.485235155356403
131.80406438233882
135.52725314863238
156.61781862660885
139.2421398005983
54.787895893331
135.95582696676868
131.33453244738755
155.73207680852263
159.86813797604322
100.04058975762872
72.6581700907661
15.144904923949314
36.859514025361705
75.22807513024381
88.15065807639523
99.98744715184075
156.7054075468653
59.54803249472792
45.15692141441702
33.516576399201725
21.747697993779298
132.67936976455124
123.78700995997579
157.67969937253076
166.34559280713
54.67073638712509
