76.70283707813451
133.63492882652056
163.13250936983758
163.55024880731136
102.25970970523503
113.30687365618401
50.16313766828154
54.27127472766573
32.97120758124695
112.90417675582931
126.18048826876853
154.42732097837165
33.945248975045786
28.983130521157086
33.49003764124408
24.996192618804308
121.62000726315242
88.42763463780553
159.63208251858467
163.3737136095006
52.13244705148419
74.56131364386414
137.41569474556962
161.58282950017596
169.60402140483683
101.51480210188768
120.70540619607837
50.44419535513522
56.58478646633746
33.660572850583385
111.71408109802663
122.4832354908674
155.02483560233873
34.530975199138055
29.941567883962467
35.77484791901066
24.038310400785903
121.16074827051307
88.61036332628767
162.68195426073993
163.43340296030192
51.93758681812316
71.108543305552
119.2427326113206
156.45970059779023
168.20045261486518
109.15616387726958
105.49403899922535
50.15304208432229
56.625962259505684
32.78275741806091
108.39141261521274
120.67010223136397
155.70167666040413
34.24533239924972
29.560786309324016
35.43133090837462
26.278979853919697
120.04483210171955
88.75512537931994
163.90280493097842
163.4828128816581
51.5687329716663
119.83521445800388
125.39566413568792
167.1038690941199
142.3029259963989
95.627002546015
108.14561397902055
12.183179549561242
35.60062611187492
60.95234923372757
92.81842240891915
109.60962321285892
156.48095772619675
55.17952711086212
38.10950526743419
29.731082327030116
17.410512804950265
131.1315923231831
124.26161987444206
164.52121444546276
178.74207379490372
50.35236503500811
117.11886487281741
143.15792752378823
166.5458894488313
148.31132278719886
102.61262579823605
77.24187521827734
11.42220431403108
33.32427461668569
39.54645491271922
93.93235195440167
114.46442384094608
157.73841154152785
35.14483052593586
14.623466163668208
27.60310030247787
12.64050039065102
128.71110963074094
100.22481954076207
167.8732906396759
174.16068492637172
50.407077148293055
116.3519717862281
141.4378938320279
160.81631244029134
148.28362437554935
99.75538873168784
96.37068057516662
17.675802272233764
37.02427081157243
40.91003370441941
93.6346739582909
112.53941530165874
157.48193039906394
36.51433430410667
16.709184942475094
29.774512981434643
13.426030406348552
131.8235702952911
100.35367837030509
161.76945602308936
172.5407837262026
50.58267439567382
