76.05848537224796
118.43377783052355
152.96773150750892
170.2430320359922
94.88174675028803
122.38274061592615
20.642881710981452
35.003188433188
56.84789311566862
96.10317982024353
171.45485096120169
157.12504461573133
56.72895671327283
26.069133171274615
28.9666321040273
20.726334535590148
128.55749095770344
145.29572731925785
156.64256142253893
136.14349136602394
44.84189122370475
123.33948871093725
123.56193641259715
140.00321295424905
163.76808758211692
93.78125441237715
128.4729033381863
16.64740419456131
33.93102413837183
58.17496190553775
98.1996447300191
168.08894763282026
156.9872826772612
56.608634665722604
25.761805522002504
28.959870820071902
21.19048736767184
129.57252396619452
145.6396424279217
159.14352761870222
136.67261780770232
44.84503378005893
130.79510417252035
97.28678474219997
142.665374901307
175.55046157202412
94.02100433885143
104.590914222824
19.616538722099143
32.791487097054464
60.11821721582653
91.78920938486723
165.80782996198224
157.50541239286528
56.9664130899439
25.926959204777113
30.04212423604144
21.4873419059607
130.9347242405123
145.97815446366795
159.01922529212504
136.8680977270016
44.599951168228465
138.12491307549968
144.19598306975536
170.25346094171542
164.79027304908703
89.71231597787143
117.5135324715816
44.23076638527879
47.46583336985197
57.19419786896599
122.92831166156255
145.21297986194725
158.56791388735286
54.12554995022577
28.11995520879089
29.169116502717884
21.484011588424384
127.31849637318662
147.20526195816177
146.07585519798343
121.48655375523005
44.146212198739384
137.67897167125858
132.97466096065267
167.99762516435715
168.00466506669602
92.96973667538633
114.91862550685984
45.21525179306493
51.95575313406085
58.466283307185144
124.6317020480838
161.8785290672578
159.35740227865782
54.59952085401177
30.91515054309959
29.461870251565674
21.237245481003548
128.5162729961001
146.81545364912398
145.0660090928829
127.0059595367524
44.15170523075753
71.74173248893571
138.49341459182062
162.4029638723316
169.24106431972828
100.8321402178512
114.64947981770628
46.31504594219316
53.88436556995811
55.93417285640906
121.69007220824959
162.72762884200995
158.34374406078615
55.35583637207375
29.541223777186495
28.535942086223763
21.51467987095895
127.17995527347244
146.18500259586258
149.57388843268242
124.22338069338575
44.66581467598534
