134.83351615645773
138.46755400023602
137.1954873388958
171.4102153834655
100.05474078868616
87.46606216382077
14.638279614943963
28.970208867840782
38.860227531740605
80.94368622207773
94.81992067671929
157.73320556235456
31.5980400913708
13.64365964637616
26.66445343827256
13.956297087876987
127.58891714019617
105.65297186437665
165.60849209353404
173.12247200204024
46.73189237657116
124.18676966742134
141.48158241474493
143.27485338112768
165.9434257580776
98.90746069417142
72.18781774501583
11.452570672822272
32.02344132477771
39.59042947185217
83.24412195585434
98.87620046721078
157.43940464681813
32.764768823525614
13.10078725798402
27.810838722782997
13.723805739648594
128.85097181459597
105.54606071731155
161.62416480848975
172.56776353208497
46.619815227481176
161.717335937272
102.06126402672052
150.36383861131696
155.733378961731
89.00925326026642
75.78289995883061
16.61150431267793
36.58185106912933
42.34236818648171
94.6505069922241
121.22200145652953
159.82507138586587
36.21241503995567
18.267513175408258
27.523290748409053
11.107990663128133
132.8254796220184
103.68154835354959
161.24488093014648
172.49607202345257
46.46469628896682
139.0313274274119
131.53163864575134
146.34726764618927
162.6680649057825
110.61223102629513
117.58587734722809
50.0149245316797
59.87036906306686
31.028389243131258
122.25117176786583
139.4844019414556
158.16515597423728
35.995589495893064
33.448891922314395
32.77464377252638
15.477340595966428
131.4155652791218
107.92847141442178
137.13970813972188
157.61369766294726
45.941497514953184
141.39133680198924
126.21127722223217
146.1928351830029
165.91334310798828
106.014408274898
122.79933999458355
51.90439976134088
64.30850848667728
31.29535038653304
125.7173690883516
120.7344472300879
159.22075910810756
35.04013648564326
28.529942179238276
31.127528540889283
14.987712085625349
128.32789177283053
107.4277830449825
139.38178290297208
168.23490371360666
46.40273331582046
74.76066753118587
134.19087492393078
161.6097302214177
165.87296315282828
82.57295883119272
157.9923704864272
52.32745610141875
62.251772458102025
33.25574450418299
121.94114575454186
118.80818640711081
160.02522296517245
34.92954520574726
27.966082366812284
29.48684495856595
14.297138136423921
128.4040265446559
107.64752534278557
138.25158700398617
166.01079987651724
46.80628456163644
