118.38734272185552
112.28979222603093
166.43377500850391
145.97555729166558
90.41627549787741
115.49543029028575
11.995995533103141
32.84151917926886
61.75004567836355
89.0286156871799
135.9867884347111
159.3452783006949
52.08065495188129
17.228494357961495
31.975060446061743
16.706322619284542
136.4915683787593
139.62314709362835
159.7534170957237
129.50666836044783
41.77816984505296
117.63498062957618
128.51461784057403
163.17151431223022
155.9485469535533
92.9018051121002
117.71245538291687
10.124063101230266
35.279507394238266
60.1328613887548
90.87160683526282
140.52056985241694
158.21726510453283
51.20467640301179
19.64289099243413
31.035265304091443
15.496926643860576
135.20972227052874
139.8495537805416
156.444535163273
137.51018816276655
41.86865671740077
123.6658192194641
134.70420690152875
161.41818788966984
154.9855064848935
95.02985855035574
119.69769403911351
17.067268719027403
41.280084065438494
61.61262569201072
97.70295831499355
148.04021697670308
159.04387914824625
51.977809723641215
20.51235691220731
30.8359358885039
17.08216909113477
136.61267993418508
139.58940080753223
153.2495757224706
134.8551596426984
41.86831084942647
142.3869289665375
132.03750477939684
174.7237407221543
169.87468297266668
89.03498834781955
77.02341431336397
47.100743796369414
52.724505093280705
73.51595236769707
95.02466807579118
113.49104822405991
163.3470816877183
64.30283405633513
52.58760526211055
31.049844534530955
35.09235356083825
129.91121289795288
148.40667662742726
168.24095389400932
162.07495598744535
45.66203609077484
126.55755234108206
131.80997300401498
171.1432502330362
170.91151578986356
91.74899142879639
76.41824780158788
49.79165782478835
55.274821616853245
74.26609280312934
94.90293985787018
120.05276064329877
162.60813438640992
64.32021577075085
53.33558733687346
31.16893301215356
36.26105465256015
130.55990924285737
149.35479868595675
171.74136022671073
163.0909189500058
44.64560097731534
141.16967636489608
76.96474493190951
172.09583435830515
172.62462943699916
91.46486464487256
78.06617235276086
49.32641648515713
54.41629046446895
73.76430716197761
96.73662035064882
117.74523352885942
163.2046499227159
63.53623268026941
53.89465519606692
30.34816578456515
36.69362571772839
131.0812461334493
149.83543958040033
175.20409976101158
163.0453238246173
44.23765743974116
