114.14557577915954
125.32246966491199
158.78963550767182
163.5744329935738
104.8080294062969
107.76547454085458
45.480318545024815
52.146690505682415
60.753318151920226
107.80397380289271
134.74685017113114
156.77503762484835
53.35596785663471
24.048887174582074
32.9707383538803
16.04718710489614
135.51351749710815
139.83888095633662
142.67232255491632
121.05596257648234
42.36986403320945
133.65272625648464
121.95381432731591
156.23531654545863
160.82242405535874
102.42785136856288
113.41848869363362
49.600786633044706
53.79773981379298
60.18510896395689
114.88429910287535
138.5180392836853
157.19002333553053
52.6474935477364
26.09247811935028
31.632666232889175
16.34790739991076
130.7076106751116
139.55689690554814
147.24750011561096
119.88590724302924
42.85631181529999
137.93101268699795
136.41613052830746
155.9120317083552
165.79011488820382
102.85380371570196
119.5199118573452
50.22885612515933
56.10695425917303
60.754038823100736
116.79856622895812
132.9507441176076
158.354483207528
53.27746568830125
27.887042343308604
31.69764973362574
17.8144795575964
132.56888545381418
139.531708850861
143.7913974548522
129.1097377681339
42.84342344361386
118.38734272185552
112.28979222603093
166.43377500850391
145.97555729166558
90.41627549787741
115.49543029028575
11.995995533103141
32.84151917926886
61.75004567836355
89.0286156871799
135.9867884347111
159.3452783006949
52.08065495188129
17.228494357961495
31.975060446061743
16.706322619284542
136.4915683787593
139.62314709362835
159.7534170957237
129.50666836044783
41.77816984505296
117.63498062957618
128.51461784057403
163.17151431223022
155.9485469535533
92.9018051121002
117.71245538291687
10.124063101230266
35.279507394238266
60.1328613887548
90.87160683526282
140.52056985241694
158.21726510453283
51.20467640301179
19.64289099243413
31.035265304091443
15.496926643860576
135.20972227052874
139.8495537805416
156.444535163273
137.51018816276655
41.86865671740077
123.6658192194641
134.70420690152875
161.41818788966984
154.9855064848935
95.02985855035574
119.69769403911351
17.067268719027403
41.280084065438494
61.61262569201072
97.70295831499355
148.04021697670308
159.04387914824625
51.977809723641215
20.51235691220731
30.8359358885039
17.08216909113477
136.61267993418508
139.58940080753223
153.2495757224706
134.8551596426984
41.86831084942647
