133.35946200251774
78.42056132131866
173.01953596707696
161.98140381951308
93.67562662607844
69.64347696528235
46.74505696865649
46.88729106804761
74.5092656988145
94.7665501825262
113.98801263904161
163.0177514196328
60.61530388259597
53.71436928709359
32.15398543225858
26.758145443128647
129.71295401591328
138.82372804509163
175.0393213949746
151.32230819037326
49.24015682533836
119.39960660580739
78.80135458605527
171.3451939249274
162.3251340927265
95.91135888873977
68.26303632046488
46.16645169236837
56.73160252583783
72.7370261569967
95.69347144693926
118.12563977561618
163.1949127920463
60.96707803656414
52.248050784101345
33.70072654057733
25.812399908753694
128.76827571139776
137.30830617144764
171.1377768218089
160.97270525195447
49.28496150438865
131.26062436041414
74.47960774801126
171.1032001098541
169.42727502636373
92.04789459979317
71.8847797452021
44.12345872994392
48.690287830466666
71.75578834467524
95.6619677841998
112.57254024583564
163.65442943278396
58.30545121910432
51.40697456541008
30.341869725120635
24.991336626018207
130.30378316351596
136.9908893071017
178.75366129804667
156.22027043772795
48.492342430483
126.23609185483404
90.45977411395228
144.81743481012506
160.72817277759117
96.3261445410114
104.66127931818853
17.41783453210596
30.61145087840444
69.33060907641453
81.7412624752696
86.84456333959513
159.5652192271606
59.55675806890058
35.36839873628469
34.36443052715819
21.772703013598683
128.20289519654165
136.92141855658113
157.57661901485807
145.94064267842475
51.902567268881086
129.5305472327131
115.60735379448984
154.74287473948604
148.40509261003436
93.77109842878139
98.68460733001285
12.564222207214113
28.57787692225969
71.90620853928498
81.48092278768154
103.95206529012802
160.13428573473234
60.31269813330928
41.768779344874055
34.75891347891581
20.940253640846105
128.34336329717414
135.84360741738118
157.69373981466885
169.33356265547403
51.98038473086834
124.3994080190818
96.42949725271563
149.94957543002198
170.65858504571324
94.40130704659771
79.90787862223414
17.689861321913426
31.325760252297194
72.38564394620937
81.72794085600155
100.06136941504595
161.30941983239885
60.88737559626003
44.2776627935224
34.241992862205706
22.520183318166385
127.43350855208661
135.57160235087528
159.44128958509822
166.32358433694284
52.47790981846939
