124.05178553575571
135.19011539188386
148.45344631940927
147.04645545394072
96.2076485189152
100.78961961261429
14.611389608027917
39.438478612522886
66.96601459356755
87.17042490365262
100.90454134075009
159.9991333256369
59.05381645310112
39.520110498961444
35.61876067660662
22.322609577824753
128.00294818248042
150.4827183967201
156.01192711988014
146.98244286796037
48.004237511911604
124.67674905071952
119.10172963732643
149.0768700339565
146.91714543257768
92.96963909676361
104.06130209379546
12.108392912970315
36.513838278882204
69.10434196104943
87.49227675836029
103.9787376101924
157.26642360442457
59.357912328097356
41.48029626449833
33.87803284704895
22.221937654468366
126.23896953324363
152.06627671087753
159.67770062757347
163.44545405555004
48.248463556848876
95.8213327331424
134.0558260270622
161.7775592440591
165.77157862739153
89.17410985402924
85.09681394111824
16.49493454995045
36.71670793564413
72.92260143040957
88.46209219137484
111.85917496299288
159.8422048577334
60.8331770091219
45.3649539142977
33.108136669989264
22.30103535783591
126.91700962555315
137.01553867336355
161.38174127142676
156.1132256763881
54.45168728944252
76.57309194869657
126.7582705221949
163.13113551273244
166.02797930538463
101.24470162606947
110.83594910556242
52.40048593898907
59.13482409171828
59.63001683069971
113.71305149779607
72.74416466003504
164.3564867952697
64.79028465842586
39.43369926666041
37.879615736184505
20.427333679177302
130.31344651307344
144.01075476718393
138.96563421304916
154.1688750320708
47.4619994911637
74.45472484966741
123.99140653338547
162.27358198819633
168.56916380445233
95.63182008116245
115.47124478138414
53.68108142524182
61.235230385988125
59.38029377990197
118.61807964838812
75.37510844222382
161.8290686353695
65.47405411839166
40.34783119675308
38.08703329287157
21.690400859518356
133.85028033479102
142.64657037421983
132.50223530455204
154.1749932999978
46.952201312964206
71.37930585630859
117.15926213830329
164.85883756100628
169.70159792631623
97.72524924776796
120.0337686059334
52.42560672077921
60.4552011771763
59.29792124860803
115.22170364294516
82.95618143940314
163.40159621114933
66.58681050423975
39.18104176538631
40.83426483084438
21.20244117715113
138.10777624263736
143.5095377456527
137.67637854502908
154.1825850172461
46.812385166782065
