129.8390951923765
128.55289891017182
144.91361284605614
124.31700888967104
104.61333011613998
80.39400778239518
16.25076793183082
11.087628204737594
69.54216976705248
80.17373159221992
85.72846398153928
159.4736573295371
56.28069996764131
37.092206129406364
31.60083197008467
19.096565922510848
126.00149932689546
138.605376776362
158.69027666892012
155.96392315846603
50.95436781250757
119.99286292943555
102.3558360742917
156.77752537570962
127.51401154899256
101.93594758479682
71.41829969090684
11.596498000225658
9.863416410059951
69.59885202930103
77.68401257919292
89.31287959791817
158.88241849172672
54.951775514320936
38.639015238861035
33.26589300179935
15.814630607500524
128.13850492359015
135.04235182985016
154.9343643392234
169.87188949771405
50.28589048404533
116.92369635210558
132.57226775209315
147.58701747427375
165.21492915865073
86.34032474009565
73.12843777578878
16.831248476599104
15.892137421435269
76.42836754480528
79.7183037527352
91.57529685433539
161.47034420273133
58.25080078688627
41.96011811470629
32.77201229315993
22.374420893470372
129.35198896088846
137.4352604455703
155.48506006696172
167.24700146852658
50.841510929668424
74.06379943552218
128.66331601779797
165.1778813011818
165.5370427718915
88.20516813500801
137.03459491171267
53.52743950609573
58.27544591814261
60.00836498582224
114.93300014354664
80.97976439628225
160.75091251786188
67.98261309822192
46.426740854983436
40.59809135966948
20.89824210900299
135.31752599878064
136.61369436754887
135.6685732138805
165.8247732814283
49.40861273622993
70.34710636141952
122.23366636951137
168.58672455057325
167.60504120449326
90.31390460356654
126.5438952935999
53.247830400051335
56.66218919357444
61.23819625360598
114.83737942363118
81.86050997792687
161.8354775813308
64.51185141194027
45.259689308883836
38.324674309160976
21.524152842082994
134.65568604818606
136.2486950005665
139.35501830647416
165.82738738441864
49.1594431334525
69.92148140672366
118.98673754731064
169.07711822104295
169.24221818576524
90.38075790851944
130.01398169999177
52.271064342457336
56.96836556153047
61.4127022473432
112.69721484058998
87.5319308263006
161.21307927381156
64.26856202985299
45.0167685619494
36.47231577705987
20.90211408452407
134.0651925087265
136.5937559287998
134.4125550899298
165.79901015232898
49.860978743680356
