142.9977414788036
131.38588985491268
173.6922276589409
167.6605614112832
90.60845412502854
81.40655158493747
41.01542780871528
49.71357983382147
77.85232052221448
95.26739162283991
104.45074371543912
161.65071557830996
64.86369599535506
53.11414464465451
31.42613956105003
36.9692829947169
129.18677197635125
154.13510550705442
163.38240260240767
155.09622419730783
50.81663751407383
128.0739262945478
134.3382393387234
165.338060600072
173.69599959605364
89.15708014882226
84.89056688627795
45.70116863615683
48.489892820341915
77.60698959722754
96.714228262056
108.73131515156399
164.18396201973192
66.42881329237159
55.981970283590584
31.438544529999774
40.72400147553313
129.57411575603012
154.94569411493472
166.0648569077491
156.74151654944484
49.89573125965597
126.82990381476544
83.55367542882472
171.5779140477572
161.00056751974185
89.8237336832395
77.61632935061992
44.16072914755548
51.601700041643554
84.46846907067409
100.81224318415745
111.7167521170803
163.0156998958569
66.12214849618243
57.43574494054534
31.425359632308723
42.27935082966991
129.7109776843817
155.4892624612068
171.77353627948014
159.01391901840495
50.14826796012083
129.8390951923765
128.55289891017182
144.91361284605614
124.31700888967104
104.61333011613998
80.39400778239518
16.25076793183082
11.087628204737594
69.54216976705248
80.17373159221992
85.72846398153928
159.4736573295371
56.28069996764131
37.092206129406364
31.60083197008467
19.096565922510848
126.00149932689546
138.605376776362
158.69027666892012
155.96392315846603
50.95436781250757
119.99286292943555
102.3558360742917
156.77752537570962
127.51401154899256
101.93594758479682
71.41829969090684
11.596498000225658
9.863416410059951
69.59885202930103
77.68401257919292
89.31287959791817
158.88241849172672
54.951775514320936
38.639015238861035
33.26589300179935
15.814630607500524
128.13850492359015
135.04235182985016
154.9343643392234
169.87188949771405
50.28589048404533
116.92369635210558
132.57226775209315
147.58701747427375
165.21492915865073
86.34032474009565
73.12843777578878
16.831248476599104
15.892137421435269
76.42836754480528
79.7183037527352
91.57529685433539
161.47034420273133
58.25080078688627
41.96011811470629
32.77201229315993
22.374420893470372
129.35198896088846
137.4352604455703
155.48506006696172
167.24700146852658
50.841510929668424
