130.76846288548973
94.6031290410886
171.50929295884765
153.4420058078562
85.90286178949319
90.9306780973597
32.18680851298888
46.659188553366654
71.12057359476808
98.13544350348258
108.0871233699722
159.6319437434208
63.541847774695114
51.158601957273895
33.500738065727006
25.586035505889086
129.57900581090195
139.00313043124763
167.86210892003268
150.79426047454365
53.87116387404003
133.41853998954866
133.53087862288643
168.76504906245955
164.85688205602779
84.58015757412142
78.36569887003503
40.666624022927
38.5890267079936
72.72405559089141
101.70646096574724
115.74102841054197
161.91666686074498
65.79949832601218
54.055848737978685
35.58144499995431
27.938785540295324
130.62699257629993
140.61852066006688
167.07029985970664
152.5736895982564
53.19431336723087
127.1689027941683
45.741465646990804
131.59015419500753
113.80737395685915
82.86252465763819
90.9431367219136
34.48121068946271
31.92404287724511
71.66922121426553
97.79440189206551
116.32428483607137
162.44165513574907
63.01238395935895
53.31957558098541
35.850224552079155
25.818047694671417
131.29921844870807
141.01926136748244
169.4628515595602
152.88834106585566
51.73771981006611
124.05178553575571
135.19011539188386
148.45344631940927
147.04645545394072
96.2076485189152
100.78961961261429
14.611389608027917
39.438478612522886
66.96601459356755
87.17042490365262
100.90454134075009
159.9991333256369
59.05381645310112
39.520110498961444
35.61876067660662
22.322609577824753
128.00294818248042
150.4827183967201
156.01192711988014
146.98244286796037
48.004237511911604
124.67674905071952
119.10172963732643
149.0768700339565
146.91714543257768
92.96963909676361
104.06130209379546
12.108392912970315
36.513838278882204
69.10434196104943
87.49227675836029
103.9787376101924
157.26642360442457
59.357912328097356
41.48029626449833
33.87803284704895
22.221937654468366
126.23896953324363
152.06627671087753
159.67770062757347
163.44545405555004
48.248463556848876
95.8213327331424
134.0558260270622
161.7775592440591
165.77157862739153
89.17410985402924
85.09681394111824
16.49493454995045
36.71670793564413
72.92260143040957
88.46209219137484
111.85917496299288
159.8422048577334
60.8331770091219
45.3649539142977
33.108136669989264
22.30103535783591
126.91700962555315
137.01553867336355
161.38174127142676
156.1132256763881
54.45168728944252
