125.10086659848609
96.21986620554546
136.56555235814886
147.42963090297815
98.17269598408886
112.2909585517906
14.924558804470044
47.73883796141664
70.32776036034116
83.69449509193254
90.49898886740627
161.2206841768081
59.039467614724906
44.698470009567195
33.63887657265328
21.621828779318456
128.96851461269043
143.1360393703014
162.33968593093118
163.90827880429612
48.0157873928873
121.82012008858636
102.25561241187971
139.431042156948
138.40582950780825
97.92669965643904
111.66900560186782
6.393580964145561
47.10007830040407
72.01183996691431
84.59709367356653
96.68803615191266
160.3036965988464
60.303874653250745
46.53899221605109
33.19538052174537
24.117737305871554
127.62560020284342
144.69061636266738
163.21823916125118
160.79390622156603
48.2397157375848
130.69795584396377
119.4053223688113
142.52485632490342
156.43511927440636
96.74693952409856
80.90455686513683
16.82536568924702
43.69801974470729
71.55522887862242
86.92063849810273
99.35314394195584
162.39599556253995
60.44844695444368
47.58702990574877
34.04840357236819
23.514938880440518
127.65632302311707
144.31336597564552
164.22086090905825
151.86990742274583
48.15893854842582
78.65747416379557
128.81558310759965
169.701920901281
161.8426238161388
92.36238066252845
117.14417922879572
47.07396328144161
49.19352858745411
59.894352039092894
107.77525093564095
70.57642569640517
163.2203649432507
59.03210939513864
42.343228690066844
36.422790565212495
17.329528923802666
133.80896168915348
134.9553363893704
138.22369744587817
171.1867926147481
47.31546580742364
76.75578911699374
126.79008549932084
170.02229400435908
163.8907829328713
91.00017400283501
120.12334350925336
49.0572794811538
51.48261182975446
60.64126220462064
105.43162294869596
70.62725348561396
164.2850233911906
58.380274686034305
40.894141687422824
35.81017754703636
17.973278362321977
134.02344221372002
135.41476898586205
139.21325448624387
171.25443421836297
46.74537812226565
73.07920098681718
121.57326360338453
168.58186223626572
167.0441167026759
92.0870337907101
120.7469618041246
49.032692762497845
51.11200107817737
62.671366187865765
102.61247811764672
73.52834167753183
164.10623415880409
58.87919452798404
40.99078843087005
35.95100749968922
18.471245143214528
134.50928042552206
134.63290576454972
140.1588371658561
171.18311261725918
47.52259227322801
