133.4666650383499
135.55349412369674
164.2946052759522
161.45180361489213
97.40861226868738
115.20138612701196
51.14301317003961
53.09031064705288
59.639264896572826
120.75770655652123
143.89029023318943
160.04704032182303
54.14471934104299
33.1472774155301
33.94588056646575
18.350009161083136
132.64896944499029
141.3470759958382
148.0715976242016
134.36054191140792
43.23077382252383
127.05852233274614
136.06343003716958
168.5367556831215
165.18173654244399
94.19040456200439
118.25580136266413
51.63885333697816
54.69730265248236
60.17219220093685
121.30463290008461
151.13383761332827
158.0104235670603
54.42847642196986
33.274711862903075
32.90837867479652
18.24099501106971
136.70446168598212
141.27615759043672
140.09489586902555
134.2529895766263
43.32534475362147
70.7992806636451
136.3284614279108
162.80102074804103
167.23188359976086
97.14581621408857
117.17526529864192
51.78794993304507
58.85768819282994
59.376425314832595
115.95643152196874
158.0837847346371
160.49846473137075
54.63843743804766
32.05290233275398
31.96068430636371
18.280087063772875
133.43618153609359
140.94044579056407
146.10005904347204
134.3522019012031
43.379690279264075
129.41289003973895
100.59285920594823
173.28010341743033
150.092383287984
92.56895767054
96.56408260573889
9.65791856537704
27.80430976456573
61.77049428300872
93.38643927179233
149.86070226838243
160.39699973361465
52.300818442867815
21.710707726976842
28.50874066285353
18.408505871256736
130.81629520101797
142.04682163624554
161.67205756864726
136.2644306025592
44.55982542523376
129.72889875562765
111.55981052968116
173.258735463061
153.18952105427522
90.73312006007117
105.10452205354203
9.817112915908517
33.6723996590497
61.31940038772643
103.80993770264732
175.00940154683803
160.82475403235208
52.19762384419373
25.485954165085133
28.264380997308134
19.118286252675638
131.74432940687572
141.7854026775724
155.59602550258938
139.43517734680495
44.01236161214335
124.35347813098329
133.92500590157127
169.19347441037098
145.9882757960537
90.15787563940428
127.94669911227264
18.512382098189132
41.41146934699805
58.70747649691568
107.22065415754302
122.86092636477714
160.63189893806646
55.1958794895562
26.21279623352632
30.786479454092845
21.347909278206494
133.907329843598
140.84153529610072
153.14774289566873
138.01202582442875
44.57299380118336
