119.24813978362057
107.12779570193847
137.21916380013835
154.02426992190217
91.65819159981884
85.04901029472506
17.5831633587538
27.25899562463587
67.15219188642438
87.12697231040016
105.52228194966882
159.7493005948557
53.83928961172699
25.954984093418496
26.540849714608733
23.22288517285806
135.01077793527503
140.45015123215043
162.8373076317396
143.16285560849295
43.92556701046887
139.63288145027155
133.62662473201493
132.61979259889435
165.029718172327
91.39420797738488
101.9894721226375
13.714957309340603
38.40798621359504
66.6883378023603
91.83600519323306
91.15008675227752
160.62456823248473
54.02908600865481
39.58724782340742
25.525580825612575
24.785196628397326
135.5082031392071
140.00858863384047
163.46471484118885
158.54868974755718
43.89390722064679
132.91372435924546
101.52304453866074
139.64107373097582
159.6204873875562
92.17185079916642
92.92978350266208
16.887895607625403
38.51353664248855
66.0189025000694
90.44277871969369
94.54555359128557
162.5318152875447
54.40848989323558
38.984083312940776
25.199458398730183
25.92273873179808
135.94567510744247
139.81194694063697
151.59316403631075
156.70820172478915
43.70878516886443
133.4666650383499
135.55349412369674
164.2946052759522
161.45180361489213
97.40861226868738
115.20138612701196
51.14301317003961
53.09031064705288
59.639264896572826
120.75770655652123
143.89029023318943
160.04704032182303
54.14471934104299
33.1472774155301
33.94588056646575
18.350009161083136
132.64896944499029
141.3470759958382
148.0715976242016
134.36054191140792
43.23077382252383
127.05852233274614
136.06343003716958
168.5367556831215
165.18173654244399
94.19040456200439
118.25580136266413
51.63885333697816
54.69730265248236
60.17219220093685
121.30463290008461
151.13383761332827
158.0104235670603
54.42847642196986
33.274711862903075
32.90837867479652
18.24099501106971
136.70446168598212
141.27615759043672
140.09489586902555
134.2529895766263
43.32534475362147
70.7992806636451
136.3284614279108
162.80102074804103
167.23188359976086
97.14581621408857
117.17526529864192
51.78794993304507
58.85768819282994
59.376425314832595
115.95643152196874
158.0837847346371
160.49846473137075
54.63843743804766
32.05290233275398
31.96068430636371
18.280087063772875
133.43618153609359
140.94044579056407
146.10005904347204
134.3522019012031
43.379690279264075
