133.47368973140814
82.65986860184739
170.22975033836374
161.0809035880222
93.30475882048083
76.77465537505338
45.972227058935005
46.094283863429695
76.91274178356751
95.07067372557934
109.53656535970376
162.78207050541948
69.57127275782935
61.93288437197912
33.62090387248185
34.41451584030003
123.81953543773031
136.85222977489371
169.47923536989154
154.3074769823775
55.254983120409925
129.55459827061165
80.69149882036027
174.33055999939344
161.4194725807392
92.61277604142829
75.20911108025719
47.35160487797774
51.102351546475006
77.24980818549268
94.88838372124272
113.48174188037544
162.75810205638885
68.81303427032374
61.60082567248816
33.23169627746476
33.4833751918365
127.32805830822032
137.5867774404471
174.11756193144322
150.96098978080676
55.50354780250669
134.22334625675276
75.39303996351065
142.53513236842872
163.5232740268273
91.86036524529221
77.09611107489987
46.80816798631073
37.49596686629873
78.45337163007554
89.91742472207382
112.35357018399526
162.75716799176365
69.24353243048375
59.413447009392875
33.781573955249605
34.78594352223762
125.92331998726209
138.07885312783233
171.0165501718156
158.75962456679002
55.45533697978873
131.4121548403984
134.48597214247192
144.0381578249656
144.17938925075242
96.07129569685637
109.57007117685009
16.981924589793355
41.34033120921999
74.26149021496654
81.91759732435199
102.28833851585873
160.8388331287949
61.259636989445085
44.33298148273904
34.66683177642489
21.604235785650026
128.63739018926387
135.51308165226658
159.05834076203993
159.67794385285072
53.5344009848978
119.53252505272668
125.30786131335861
148.03368701053617
144.87120758340973
95.50356762438305
108.69600228867708
15.34723428035925
40.07371170898328
77.34946999539001
82.35230564631489
99.08990131189024
160.57369592875688
62.600178469657045
48.506608153259116
34.12881240622123
24.98571400837544
128.84087103090442
136.27572626965718
162.40922070789395
157.41835347835533
53.58684743740809
133.44633966102273
100.94285171933548
150.93975452265767
164.73319172203807
94.01887655499844
86.20116130075075
21.251038683815235
37.78441752749482
79.02275664709238
85.32737163967663
100.1128650904367
162.371438545514
65.12506005835888
52.34222458559664
33.14364184180052
29.531672465076053
129.61892629304356
135.99057565576084
165.04349622910374
153.5784721359148
54.436208867179445
