134.22334625675276
75.39303996351065
142.53513236842872
163.5232740268273
91.86036524529221
77.09611107489987
46.80816798631073
37.49596686629873
78.45337163007554
89.91742472207382
112.35357018399526
162.75716799176365
69.24353243048375
59.413447009392875
33.781573955249605
34.78594352223762
125.92331998726209
138.07885312783233
171.0165501718156
158.75962456679002
55.45533697978873
130.76267452029316
77.49897195575316
142.34872941715955
149.51024095327557
92.00378895912084
82.36627068956962
17.878007675198837
20.89426675075998
78.13675025173387
86.38588522851705
104.2525000021077
161.9707853941834
65.043518841432
56.731930313488164
30.070272177139593
34.098257940194124
127.04129966608194
137.88210763845186
176.1581830595273
164.16920904586442
53.93897017593577
124.99308733094679
53.42988496106749
143.3536807301162
117.45211641765445
96.34200415189638
82.59812061977334
30.268048105713792
21.903254294461117
76.50101547070322
87.03830171295044
104.84588375133123
162.185406900321
65.42637471311782
54.57220791771558
29.615481295839164
33.95950628118525
126.05436129543817
138.80895664792607
175.22501206115365
161.13286290446842
53.588315201596956
133.47368973140814
82.65986860184739
170.22975033836374
161.0809035880222
93.30475882048083
76.77465537505338
45.972227058935005
46.094283863429695
76.91274178356751
95.07067372557934
109.53656535970376
162.78207050541948
69.57127275782935
61.93288437197912
33.62090387248185
34.41451584030003
123.81953543773031
136.85222977489371
169.47923536989154
154.3074769823775
55.254983120409925
129.55459827061165
80.69149882036027
174.33055999939344
161.4194725807392
92.61277604142829
75.20911108025719
47.35160487797774
51.102351546475006
77.24980818549268
94.88838372124272
113.48174188037544
162.75810205638885
68.81303427032374
61.60082567248816
33.23169627746476
33.4833751918365
127.32805830822032
137.5867774404471
174.11756193144322
150.96098978080676
55.50354780250669
134.22334625675276
75.39303996351065
142.53513236842872
163.5232740268273
91.86036524529221
77.09611107489987
46.80816798631073
37.49596686629873
78.45337163007554
89.91742472207382
112.35357018399526
162.75716799176365
69.24353243048375
59.413447009392875
33.781573955249605
34.78594352223762
125.92331998726209
138.07885312783233
171.0165501718156
158.75962456679002
55.45533697978873
