95.38006488939003
116.99061185818512
139.04160961392228
151.4349204540838
68.91848088890917
92.54458629363162
29.710523840836764
36.21723897495792
75.0301914055017
104.7774137534577
108.68503152139209
156.7794369903908
65.17727121265004
53.87744786328542
31.84865192167559
34.95851504190908
137.42116846818035
138.93814367841998
170.1509581952905
173.05519254771397
51.108540900085295
137.63126789896305
119.75921628421466
176.68465407121954
152.87411182056053
69.11957538728703
90.9974926630792
57.89903763646333
35.45196979313181
73.48333046700819
101.51700109562091
99.46531960715444
157.7812378479056
63.034735710709185
46.81961818043431
28.287175550581516
34.705561850689264
137.15841195469778
138.92731425421655
171.00854081400192
174.24337528547838
50.96241209931577
95.4358319223208
118.06390388075121
154.1559359865482
158.53157403840072
72.0032145308695
86.80735669868116
28.235288050792217
32.485710289708145
74.6850551401171
103.76939163160898
97.70869205893362
156.0176322624336
62.32604444553764
45.56808650745766
28.557529684749785
33.653636045858946
138.2504416124432
138.93533352865416
172.50626081723846
172.0003592609704
50.99969217630007
110.94471476489987
132.59416769260835
131.93506085758014
159.36844041019515
80.76569483913002
98.63273919835169
13.559863640479687
34.27585630756893
47.66228227744335
92.4214849583629
88.40896661259596
159.62047716840036
37.370964673369585
18.904482756848253
26.91201596846495
13.29171537967442
133.474210097834
99.95649288526751
169.7096303577316
167.69567646251298
53.134445311978425
124.21901790511366
149.24122962296218
126.47233700756532
163.99428599498248
80.84805171056517
101.88887541062496
5.356249163887489
38.62284353582762
48.248790955206445
88.78459926206189
87.10767493623085
160.5772788029819
38.30991009250916
18.8341648831334
26.59016748047407
15.09417055854151
133.2012742657243
99.98228685703222
168.14747096997107
167.43740200662535
53.1589886326067
127.62552335848827
147.80686933106375
137.76756052033596
159.5722642545785
78.46864266361204
105.4050236308237
5.846646499920787
37.33084258888514
52.99266631785307
86.19128361310487
82.39392823930147
159.8772268968958
41.54496811734143
22.832645529202317
26.58151601222338
16.593421504848223
134.95883129628044
104.35537310839972
172.8974991401531
171.57045823993562
53.267205326973205
