127.13961550734018
99.45971972391231
169.91665120676853
141.2875076816929
80.25841363352532
82.86244840527043
33.33283895662083
54.185637054876295
77.00953574504065
103.32937971614973
112.11654552612076
161.7251720128789
71.37360067313824
60.89103715433729
34.3256501676963
42.83350539368139
136.01883400990636
157.4926763012122
171.1038509962206
160.31404938515476
44.80472214247138
117.13054149790173
124.49213772163378
174.86511777333334
147.1222827514165
75.20966124997591
71.0006623041554
40.340661697434435
54.61655845471289
75.65147274788617
107.57789810288425
113.73975693114183
160.42001520723184
72.87166224073839
63.43565399730251
35.06044334939038
44.14776381418639
134.53696521476797
159.4104743757092
171.69180594358764
157.37030802316912
44.822377812040436
128.87050928151345
142.9477353962707
157.33259928574893
159.5372147860093
81.90969958440377
83.29887527770273
38.98263998123459
40.80324774314706
75.6435813931516
108.63553186981109
115.43656773001884
161.40891880546386
73.4069907933746
64.41477150969519
34.79302502707368
45.261160653136464
134.96961387847762
159.9489687181489
173.20579406038516
156.95204754029947
44.77036328299073
114.14120377068278
109.59617133476048
144.77595860149617
141.7894902242317
87.69403009840097
73.72668675631047
10.038984278870013
32.326504344847464
71.23931983527977
92.91194134251157
101.2411166557768
161.82732154073932
61.54440637836332
43.69654229605645
30.969902846686384
32.370778497996156
139.2982066250011
143.33771948305153
164.64696864912207
161.16507710966235
43.13638665566752
118.95591165005295
111.87489061454716
150.95210256321872
139.4647156345611
86.73346464612385
75.06979385994744
6.9814406702036225
37.245949249451236
70.90731623810309
93.12606084345762
99.41828430364072
161.07144338855022
59.457032199186564
45.936999664254266
30.099801952503647
28.71225153612442
136.96592550165488
145.31151751897443
169.05806936958442
175.45165790542268
43.53566851186089
122.1201505631072
114.57961202891214
153.96149610945935
148.40288040663924
83.96150648141358
80.0852077862659
17.307957864399693
42.26521584063629
72.81678572725181
96.15921399934906
103.89966476366483
160.97839157454186
62.3052124568334
49.79136174352363
30.00362238123638
33.18242522774835
136.3334304020652
147.9350477890859
170.19809342588678
167.31093935379076
43.79631775344729
