133.9277599803677
133.33504937929456
159.32121650145947
161.96853251584477
91.98810733970295
110.48059015707328
32.96270848326044
38.42525862718889
78.43474365915787
119.07461802986677
73.72517760052472
164.3026507793822
78.01145091982764
37.78596936615476
46.721475001237806
31.543160137619108
143.2279241328941
133.12582019601172
127.15717924023248
126.02962366575865
51.46090912106829
79.3387260952934
124.76846206990255
161.73593405547368
165.0739383505483
92.86081849483278
110.05874965795759
33.90332404315545
37.795367493681525
79.61220152056603
114.28365559706882
75.62473845376036
165.29265922858124
78.82734518562205
38.43436896592522
46.79718392527519
32.27388980927988
143.09883020381787
130.65457076226846
124.9966166432587
126.00726472143558
53.06065248149796
75.18959965223783
126.66565228935775
165.5271781382394
163.58486120892312
90.61474002382705
107.68337369102382
33.715057277019284
34.128956116064245
78.76034856064817
115.37635722825797
73.8440296196183
163.97092494107133
76.46414204658512
36.2160791554764
45.2007944174899
31.74911015855851
141.79287115063258
132.45195162672135
125.85088058395114
125.99209525945203
51.2395547621876
94.97801316767033
131.69736269563114
158.70829408107667
152.5887992738508
96.23329153618657
104.57455636380709
13.139493341527679
37.05489459531772
81.9407183932392
85.75880966108362
92.4972862693359
163.00471808645185
73.62829775547975
53.28041121380512
41.030534506803114
31.3813101045561
135.9307440032447
134.69989413462113
158.33236420027873
166.982800147629
55.17852436509123
93.70076931754963
83.12793434329815
156.94946965343306
166.36865708430489
97.46748008919927
99.74853943755875
9.939398552273637
35.97348549357617
79.68727972362325
89.93961653254566
95.83533696984892
164.51730664700185
74.3248989778211
52.26752507323607
42.77102091137307
29.76393024497478
136.63002039592487
133.97920208617933
151.39541112287333
164.82712254239496
53.97483578782281
135.09871759774435
88.86236890042274
158.43555341539135
165.70461628157605
98.16259144920456
103.3229219132214
10.36269012170323
37.19146158003818
80.15452422985317
99.10150078140234
94.53032384258188
163.96008104552988
76.92182184821571
51.66725071691531
45.83602194069406
30.690346342739506
140.14949752728856
134.1102132431568
147.24816689347654
156.62639405218903
54.2125982704055
