125.6600520539933
116.9329591282957
165.8472777954566
156.05254124374792
91.0521796692594
97.14147117731994
30.266371294603562
27.35063864045213
85.14206771076806
96.02339251873045
116.12168348506763
163.92389806883986
77.63479638964996
63.63498804929393
40.255429350868496
37.52782177536334
131.25794464206436
138.88583235006593
168.8666215969583
154.35685612954222
58.53146872915058
127.1479407728495
121.44671732619479
162.23413851971833
157.43960472442456
89.10723883099185
94.3060509747846
33.23305434994388
18.480809156009155
84.57023903435993
97.08674830102517
119.10798525957175
163.65689823941952
78.22907532699918
64.5017413340262
39.634688794873526
38.69157222595771
130.64428821745383
139.87867100366807
168.9720142964022
148.9448030319337
58.96422064607779
123.65821907298498
123.29316963991272
160.1345726843466
150.73864771217384
86.86398516874293
97.90978366873073
33.60635419794383
16.60451803147724
85.79886920640017
97.70376346880451
119.26775804976344
162.88073170717934
77.35368103380183
64.84166755712269
39.939130371151656
38.788240440238084
132.30303523675553
139.3288870528078
170.6500886222095
152.40667443829824
57.52588491820792
111.89955266500317
128.98357310640634
144.96157978204246
142.86377026025986
101.7025129668057
98.93359439140822
10.589728692987137
44.23114096184473
80.08048173591953
83.80167684535895
106.7585372397521
164.38369180808428
69.62592359302592
51.34115745682036
39.018589842853906
26.505129766729212
131.02779218850984
130.48393575113704
162.15381762106514
163.25038528786482
57.08383028166595
118.03003275915577
141.83493414066479
147.91068529263427
144.3389748402082
100.35901727664539
97.8431644911959
6.836002400225659
42.303987153007384
84.12808651876368
83.54975584781474
109.62168052209255
162.17486183915622
72.1768914714895
54.291058449856436
39.518528074271174
29.89771615799773
131.30331625262153
132.46372221303847
163.5878684295274
162.47860721225214
58.59165741286892
115.80713798262789
103.9959726291914
156.76290848458552
142.89519086342167
98.60475515330894
95.39488410968744
13.910866843221138
42.604434100574345
84.36136253741819
85.97224010400805
111.78972139880524
163.5713320607807
74.36529287823886
57.51586175456579
40.49115610313485
31.98317378760652
131.63608877362546
134.88311676048903
164.25196221150807
157.94172449100398
58.44331559222705
