85.24690217964563
134.36358010628626
157.03528607963995
158.5219554781898
98.65549491727067
108.24572340256704
38.32637566912334
48.38410627330754
80.81172715601868
112.20356727462342
63.417336119093335
163.33668558605882
75.38706352072857
38.44179023642781
41.73911759554369
35.96526123673971
136.93314343281307
142.59603414945207
127.55997328812988
119.65942403752253
50.21766592511164
80.68460832390971
130.80950771815947
162.88640044820124
150.37793259336905
96.61389864062595
106.70711242126578
41.97578177250044
44.06311150893299
79.18211484585295
114.12709884085713
60.09994414904365
163.70645212247882
74.6944014553348
38.97476364740754
41.44877939885408
36.00642849011782
132.00669081965196
142.5343061206194
140.72460475984926
119.6636615199335
50.04149939852439
78.3289470169105
140.80339231385855
161.34956628031097
160.25989935811705
97.98049075177931
106.53014465934109
41.85781051050906
45.97584983002975
80.10518795207541
117.36245414408728
65.44858119533754
163.73068106699327
75.3245136351192
38.9340565918933
41.599841409964235
35.849885166180904
135.8237905969101
142.69439294253442
128.8380674264354
119.67649406470667
49.72459136481126
95.50236093143228
130.35363495009378
152.87189686778882
142.39869439968587
107.21003317829096
93.66595113296951
19.133306800792408
41.3108400255532
80.3324750130657
82.18096100715799
96.6253963901911
165.5473057732619
71.7835903015212
46.748371520795295
37.9532842223003
34.50606154480164
131.95166043012395
143.12079274559946
161.4446195757204
149.41749118316343
49.61301327881887
94.10312611106059
77.74593747415392
153.5129230386604
157.41310948765997
106.32568716537735
101.85452883448667
12.341852600785842
44.42347486094326
79.88695335996596
84.63883472073536
79.68022758021118
163.79864844658425
72.71634336598913
33.7402119458332
38.487220071076635
34.7578213629479
133.0503653097823
143.21926485839066
160.49194887275618
118.50968192719637
49.89146811183043
142.9025692894116
86.24241960716363
147.37882185882293
160.72043337753954
105.86167229800658
103.33645813364794
12.684891783319307
45.58331462660985
79.86905331750542
99.95403636998986
75.452069095951
163.5926984814747
72.57230227150758
33.5820022585564
38.78962849600985
35.22552035221332
135.78815447057002
142.73179406088835
155.10093837797473
119.83026916664576
49.07255268905407
