142.03894203996012
131.94962712894863
173.54015846886043
149.9521134092383
79.2050656769307
85.88048311794452
32.040285798164625
19.317797928630583
98.00995455834271
101.86251405688888
110.24579700439635
158.9096651344992
79.80318706174903
73.02584259419727
47.47910141989383
48.919956951528754
139.27332241969555
163.70617297468152
167.36646420851542
144.4643527559138
46.32399414386621
141.4478977017662
134.5845069287953
173.94562736094295
144.55965816955668
78.78759825091505
90.56719604067926
33.384149000051224
19.102837586157275
95.76457760125301
104.01540048044322
115.33842111553759
158.33999189591879
79.63303865304738
76.74352721770498
47.727858488486454
49.146272260493845
138.0521428150057
163.5920931406892
174.05266481899946
135.02007046487742
45.81693940962362
143.1553117570572
139.00060014323282
168.31499643999297
134.3021679834861
76.99679000925258
88.636075224131
33.01224148139632
16.718871696308096
95.53817175812306
104.7233160388165
117.98269788911291
157.81010642451395
79.7565046913117
78.21262649927205
49.125271673600935
47.53043559750252
137.47854564996584
164.72097329386918
174.1346978647141
138.8281671634371
45.262690816864335
123.35716547297942
132.45114737469063
147.85065231829728
150.31907234687827
88.38625409132098
73.08191270519025
11.323661008418076
33.26068293892622
43.166120140896695
83.12913973217134
52.92577036000215
158.36045579000532
33.44730181787885
17.019293400591536
31.829309050030602
12.80182275701621
134.21109074645523
111.8022621072968
169.54080719299716
177.6574253535334
45.486118199433534
126.9409307304698
148.68620048655353
149.1705568715112
145.06029431023734
84.65544475488471
77.06119501967626
4.018856841043795
37.02989471593646
91.82359678090374
84.5241580914124
95.286351143398
161.02790923468876
63.95855968519721
52.62688517841699
31.706525596859525
36.714706309400675
134.45356220190476
148.40119639512375
168.66688474941077
169.45932933550245
46.256188509199205
128.98276211458335
120.18297325173147
160.00060250768658
149.97383341871216
84.87244512133725
82.02665973189636
10.355866198500433
36.12159718473324
96.00529518959762
86.81976861532699
94.25381888493428
160.69418795861162
68.28674904211711
56.93603159790503
34.49087678248501
41.70482165538208
135.743118368908
154.10151484064332
170.55196371914585
159.05230690047162
46.51973656219989
