108.94690280618784
135.80436958426222
140.05266556882816
137.964926190105
97.64985523937479
102.45499129286539
15.43261145810691
43.94596710581438
85.00670605440143
87.89852641111324
94.81228130519403
160.01610444509976
63.89226161291001
48.47385238713983
34.46251288194298
32.25583001919742
129.0827445530573
147.3664374303503
162.1811339693169
157.95997108671486
46.278545049676495
125.5660515909061
134.33908624135987
143.52089692005387
139.84267279288872
97.00519412212293
103.66728380572178
12.184627880663578
44.424867463589536
86.44011316879703
87.93641290978616
100.97532690159304
160.62618402534193
66.03691513907829
50.60424662884951
35.1489973688278
33.20849241792748
128.54785467579418
149.26685813076267
164.3290311134516
152.27109708635726
48.181928335248166
125.36390941650559
122.76299873313879
144.89158696389592
134.14352432903001
97.74030970202413
98.74723484631372
12.138935008005758
49.66938531467461
84.64608979176026
83.96727085165409
108.0191776721282
160.64434501651075
69.24087797903381
53.63105890124726
36.27123533373118
36.82504403490801
130.0613058661397
153.7570788915179
166.62984219554454
152.8317879012906
48.38549649123303
81.19258535952807
132.39659611396692
159.20903614258344
160.8848313775467
99.12915540278836
106.55786399188618
39.08698726772985
46.222903488249116
74.73045215878923
106.7811779618955
55.88565619304535
163.41949688656635
71.7676441893581
37.187008972853064
44.13138601568855
30.457672346796546
141.37019311641387
139.17421986620124
138.7048821803498
125.82873467648523
43.07599274901804
77.58798557741984
132.1154485595001
165.66856738112241
160.21127532543198
97.04426478334977
105.74971228205341
41.08769936346314
43.89328791879154
74.74875016320118
108.75318064585419
58.884215059225454
163.11616349631475
71.38176066757897
37.05318595287081
42.922272492176575
30.903724639857607
139.72589404168718
139.19718620681726
141.03025043414584
125.82842239683028
43.978381536361915
76.21306983798722
126.25765340032824
167.5029124739746
159.0059766977467
97.2019002178938
102.23718633281534
40.09724468665045
41.783929778982994
74.57384717697369
110.02821271871869
61.630056269037766
162.36806046692303
70.95168389114295
36.56806063364974
42.139233748695986
31.011233508689628
140.44838771473027
139.2132689017449
138.31090528232005
125.80700153581287
43.595223598816716
