119.3215129675269
100.1000359618907
139.22129320872972
118.31285517212478
90.42153361526631
96.71857541796803
16.023698389305096
64.94563553472703
46.904478688859456
87.56651723153564
112.06256164139315
158.36850173912794
37.028629295773534
1.4840418863394291
32.98381554422338
11.822410056538478
134.1678751403367
109.67659010961248
171.4541891551078
135.1989884220643
47.76223764330701
112.9071267857716
121.00099099878399
142.02471130888168
150.37639143454683
90.67248620528578
72.86644226955431
10.495219918923516
42.48900404703213
48.1518140577634
89.78177846243636
111.47880828268984
157.83566232461422
38.66773473074082
51.61379581572332
35.728615105615575
14.538873113550641
133.99944942097804
108.54657478652626
167.5286383421679
100.78536877233518
48.17771274022743
112.95093267415179
130.19241303971378
151.11615293738907
150.1151812082114
82.60870492628841
71.59285713561565
15.266056857278583
41.87969357045532
58.96917093793463
94.95203652963862
104.95830835122852
160.27907273918964
41.12905375242643
55.42323046655741
34.543370614693025
10.256862146622577
135.87209518985492
108.24365045389573
165.3841230220754
97.12419467471885
48.23533838132595
125.10991930205034
127.71923957504873
163.4250015528321
156.93944636784778
98.3529039522035
101.52023375630763
40.987936377667495
46.10998820658442
68.5478115225012
126.56431621100141
140.7552931114332
157.98221522887465
65.17950888367781
35.996323687637705
37.9363173890147
29.517018659986807
132.54588507546273
147.49814868779134
143.46645637613273
120.9229178164324
47.53374713141688
126.11648350758693
128.9736864496812
160.0119562420387
158.54385831021173
101.04670594338197
98.61954427761894
42.1285531079664
46.23485634856686
68.26033838266713
127.17675519781149
134.3940898898663
158.7644270984399
64.76130956061982
32.49957872254958
36.55333666662996
29.02768746209821
134.40268896096921
147.5922641355094
142.0983667328468
117.23634217144881
46.40556548356428
124.30574756833357
136.50804727016776
160.58972825879798
163.13307835360348
99.75864678884092
97.89538570476645
41.95771348511501
44.39727455674957
68.69799952040157
122.52404053009175
146.8268609393829
158.8737779667148
61.0616114361529
30.322816898684717
33.05728781974594
29.170576476940273
129.7640646091357
147.30463698189388
150.35617955823824
116.96679087761494
46.39898630256242
