117.58568573633235
89.6047843201855
159.9135263347737
151.39137529039272
90.7599050757105
72.59053631274489
37.13034831093221
35.009568473973395
89.39491542171515
101.68934510006983
111.3883683849176
160.62343108612745
72.66372798280946
65.26566294074892
38.888102759835846
42.75117485474991
132.30345002203103
154.823901354377
172.11871240429505
131.70291673262108
54.4556799990204
113.32934246065687
83.25004302212821
169.13804500912775
157.4805806171944
90.89306128843687
68.00808690784896
38.81127900910226
37.35724582884295
84.39561687558636
98.58602782009102
118.84696873857683
160.29129392622565
73.16999355101709
65.2152035751793
39.48996898864554
39.980804012928985
133.02998224008573
151.58115013923003
171.99914137223521
128.04399487489437
49.66068635125799
123.98141739541471
56.46585668645635
144.9598795277842
129.27188017211097
95.82599930087946
87.4052539125087
37.5762872470612
12.306000540714624
88.04082365971207
97.2396883730885
115.36777440721207
162.45828252678587
70.89259510873835
63.87746499239674
37.428803872975536
41.44384114663306
132.06842308909506
158.04651242310615
174.334801798356
140.1623682691058
48.12584057309078
108.94690280618784
135.80436958426222
140.05266556882816
137.964926190105
97.64985523937479
102.45499129286539
15.43261145810691
43.94596710581438
85.00670605440143
87.89852641111324
94.81228130519403
160.01610444509976
63.89226161291001
48.47385238713983
34.46251288194298
32.25583001919742
129.0827445530573
147.3664374303503
162.1811339693169
157.95997108671486
46.278545049676495
125.5660515909061
134.33908624135987
143.52089692005387
139.84267279288872
97.00519412212293
103.66728380572178
12.184627880663578
44.424867463589536
86.44011316879703
87.93641290978616
100.97532690159304
160.62618402534193
66.03691513907829
50.60424662884951
35.1489973688278
33.20849241792748
128.54785467579418
149.26685813076267
164.3290311134516
152.27109708635726
48.181928335248166
125.36390941650559
122.76299873313879
144.89158696389592
134.14352432903001
97.74030970202413
98.74723484631372
12.138935008005758
49.66938531467461
84.64608979176026
83.96727085165409
108.0191776721282
160.64434501651075
69.24087797903381
53.63105890124726
36.27123533373118
36.82504403490801
130.0613058661397
153.7570788915179
166.62984219554454
152.8317879012906
48.38549649123303
