120.20909309274684
107.98320202387949
145.30710869556364
143.45500805140168
91.24636311899313
78.93535007543213
11.386342201224936
28.79111023278968
84.64226418035584
85.65572550325555
86.90482775371383
156.7206704793849
63.65787408035729
45.53273613695421
32.51003885100389
30.53249148975536
131.44350110655267
142.06281158014292
160.63222196262063
163.1176388598334
52.32255361293329
128.59333177722561
150.88743178469792
151.8411141987079
152.8556719216881
89.26467917534585
80.15847935463826
3.3729430377629095
33.89680011942047
88.57840943862107
84.20325767492994
94.21921370020014
151.2693565113004
65.71401178739609
50.687844315939174
33.49251538209608
33.3164975479006
132.6880219867924
142.88565159180203
162.53072381069478
171.2034743316195
53.49651750550111
124.4133794627262
117.84513193203489
155.19333667204924
137.13589047049084
86.77819399607006
81.6007355652645
6.194873397719702
36.71874400350376
92.38545921440301
90.90034065120533
94.62838427714964
156.85681204404256
67.59513847480922
56.16375620914965
34.43153269414725
36.750295650401526
135.40687086274562
144.62817649663793
166.88016338347438
164.75260791693245
52.5315196888127
127.93633603043338
133.4660726735418
162.31276634297956
160.10790252446523
97.46610063087941
104.77637543634638
40.53784781252555
44.79392020263987
73.07235219805482
124.37355163428865
119.33960496870736
161.0081033206967
61.584082515303884
40.03377116791993
35.907694871694126
29.06520641969925
123.68919747572834
141.56655236328362
143.6878513924113
120.85710729084877
51.91668882505459
126.61449486548658
127.89629489748557
163.40687515700023
159.3048717768258
97.6890776391506
100.81216207791357
41.3489522904313
43.53085720520203
72.22323623872686
127.46746722354249
153.43019211410112
160.28550817235455
62.044015867103205
40.55872021483861
35.58203432108526
28.478569362324244
126.01688582986175
141.4312003748785
141.28831155605795
120.91161287812265
51.52620166273226
131.75330110883738
128.2820396650671
160.40281314767816
162.00529020302892
98.50988714292077
99.92643778172571
40.39087314886924
42.34752514845835
73.44697568289175
126.15804943657724
139.59592925780788
160.39196224320003
61.75175121028034
39.07669367628958
34.58285534624287
28.272610280935126
126.32374180998386
141.57076715929495
142.0110971131039
120.9336554094875
51.26698187052045
