121.2660141270078
78.64223071912654
169.32307641190283
160.4025585026281
90.65873645969342
71.5106196187267
39.49913472266929
44.470155471412724
91.29798956615932
102.38724927044933
111.3605660717229
160.2173317755221
70.30415603075446
65.12862330515425
42.93998770925693
34.596443824870335
134.9014385019525
147.2779271437709
174.42895476701992
147.26650511454395
48.30540269350165
116.62112523045934
127.8861681259451
166.0382751956154
173.34768420208394
90.25872600936233
62.10542369491155
38.71893876793514
48.20974367379725
91.64231071739948
100.83075744408698
107.57242041782051
161.36642935080633
69.1014775011566
62.76937002075563
41.85116235634808
35.094668452538976
136.228712051354
146.52616361344894
174.18942972029092
158.4486332478679
47.64341891234295
122.10983133410163
79.73890969233018
170.40072396102013
149.451975060085
88.79570486045627
66.44560092841567
35.88890315124642
41.084965927316624
90.69593010957894
98.56648922506079
106.42910739241634
161.95385972903438
67.0020591616981
59.85198397288367
40.188471143013366
33.52882937479371
136.52405231702724
144.08802465673773
172.08170629507958
161.74333748773086
47.3154641567615
118.13523257097857
132.20381591353635
144.27252191204985
150.34459584854932
103.54745949485962
97.55518889196172
9.174957748263026
42.80416096353427
77.59547590957393
86.58942920424948
84.11680168352845
158.87888166287695
62.08084357909029
43.10678369899036
38.06959838725348
22.438658492347745
132.68064498218513
135.59423700970692
153.688156730151
164.38289636488477
50.08121015474454
114.98838655401435
104.41236020413565
151.28785336598855
134.73147491305028
100.88723980471501
97.98306212246432
3.1043566361223807
44.97027960792532
79.44581937417506
85.51619396910145
97.46828145254368
158.96434569771628
62.125389701389764
44.82834696399432
37.2163998646982
23.913476586015033
131.03944916508604
135.33552975150556
153.51224054312763
155.93208449372125
50.76351680394317
112.86830527677368
127.46997718361212
152.84394775624693
131.96912572950217
98.25129060582442
73.73949230930718
2.502052678999438
34.89212496251035
84.6650382910547
86.40352392168795
94.49658601037329
159.07208134594939
63.67190530466026
47.18084474652115
36.213977272403575
26.770126269923473
131.50680422499642
140.42330170741513
157.30601412566827
166.73848225084058
50.568029937793376
