127.66739594830108
148.28120042804028
167.93225811545565
167.4648517768819
78.66252382257241
82.35998303679146
34.2089219465092
34.91306027503896
86.7114153258177
98.70312276056676
105.07797267804102
165.0503397711177
67.22411473286468
60.296369917709036
40.650276892817274
32.25094586445779
134.93583484936792
135.77569877716357
174.85437009298906
152.23483365997518
48.8088434243102
121.53868434581014
147.4277999342932
169.96289886956703
162.61536949282308
79.51730153847876
69.90705861634659
36.43420350143711
45.875323215526315
76.22445293317999
101.34937350384907
115.89735184032646
167.92067811361215
67.48783706331243
60.579302940258714
42.06097727700157
28.143437222901046
133.33717162809666
134.92048672928578
173.7989059768682
152.65128325817057
49.17344102872962
123.39754139283458
153.39008743060504
167.91186906894413
162.8281614575539
82.15521133158401
69.44495928404696
36.39382219914502
48.30976394676781
75.68948034650414
98.74771505288446
117.04559534752622
169.0390107805605
66.47072915127801
59.474104340361926
40.77018187757381
26.969198765032488
132.74351690284277
134.88537102805833
176.44215600404962
155.07269765254185
48.84986781032998
108.4456226434419
132.637454259192
151.062402649686
164.5184903192434
96.7562328463104
73.1969706235131
12.813610664141116
24.543857753352697
78.77855486967823
86.16439670379678
98.61001303468488
159.90948041939026
66.2758311199176
45.314686665565375
36.006427880185676
29.383453303551136
134.0021213582413
136.19048801115423
159.78837525036187
165.60023715953045
49.80715477896562
116.85302080046549
146.08212072165944
153.76677164134037
159.2352557596256
90.08751684751633
69.83772776783952
5.19360159466553
26.1327683099433
81.63619664254537
84.73066797741336
83.76194949151981
161.23932780510717
66.39494300797335
45.8008880715349
33.75600079091605
33.547442168542084
135.34287231204047
135.41537686922564
162.42423102470232
165.07549201370833
49.92811599303418
117.14634045155366
160.75578651806723
153.9203284348619
171.18506235726804
91.82183841551817
70.00591098032294
9.932748113242052
31.123545015083167
84.65428320130496
85.92091775988065
90.12786407552613
161.11681654532856
66.18203489642919
48.72915297929481
34.48177059535631
33.0446488875492
135.4721910538306
135.31241296261302
163.23914441918123
166.92514761815693
50.03332501254773
