115.98901322863995
116.88432428038534
166.5986328165795
144.9894800641983
65.08561645452933
113.24008482269804
33.200654323548854
18.5474832657863
50.26050226901551
107.58616034223908
89.37596319223712
150.7432414799811
37.42516700212385
26.08035489795427
26.303681467750202
17.48512880630378
131.55808340990055
100.56111057357678
171.34469470537675
164.2133605975465
48.535293292067735
115.28003568195888
120.72732708582024
160.8734542227191
138.3366113812979
66.60125150872788
114.68313006042777
33.55940037434962
18.16869701392448
50.84464064528786
107.02507109490675
90.7610181476323
155.47936135364534
38.92940457761302
27.051726826461262
28.2572342536703
21.028236084829768
131.47711351470215
100.40189668033496
166.29218113759433
160.84279705899357
47.57351439353501
114.66596465474363
128.3238483452991
151.35877527226862
120.12228697006582
69.54613497279755
121.9120659308062
35.0074884122569
18.138217727970748
49.91521444028533
104.37495678401797
90.86480505811362
152.1677014536682
38.166358769054106
27.59500456465771
29.001362059621183
22.079987617022983
132.62479001497275
100.40539250059753
168.89557581867257
160.7641359752424
48.000299908294416
121.53443755949785
143.0384374033142
135.94307162692783
169.33467389311366
82.71774337499419
96.62831714349738
13.409283615786697
33.860062495026376
37.87024528186343
85.64086227927048
73.97713551324362
162.45790059542216
28.659929833094814
10.933545750997157
27.924626206801076
25.87304595538804
135.38957325587015
97.97593580636952
157.5659788314448
163.66090528897308
46.988095160567816
130.88133976477096
116.56135502878274
131.66527181710637
165.05215616424263
84.30331636740635
92.89298846748224
3.7601091786566996
39.06312873799406
45.256651869737716
75.29359192709879
68.12564935401771
161.17641110227365
30.26591854840631
12.048990279222554
24.866690210363014
19.9791979577541
132.5630241903758
102.28461219698931
162.77141840028895
169.61361927837493
47.155639498458804
129.6115779196393
106.03815743795539
141.15618643938808
158.89610125513045
83.94408452461934
91.34399959362283
14.328756452203441
39.853921524438434
46.37185322662276
72.22887841130047
62.7031647417983
162.22856881426176
31.2794270264512
14.887468697971622
24.283335672005176
19.61077450490793
131.67977361738775
102.23018059908692
164.20015577090305
166.6923343499224
47.603694144801125
