112.62145044570984
87.20116462728917
169.31868172459968
134.49006796599622
76.25138074485542
105.92360126176978
11.384053722871625
42.84863586087083
62.51103333474939
113.29178603950433
101.97278234252796
163.12351039492896
62.76612107847107
45.42095578805508
29.63671754288576
29.275292153630208
133.62174409737187
134.41416654355717
165.57089719919043
158.70599649339846
44.018551578934954
114.65815025038572
114.20792671521906
157.19358431738374
146.13092664716802
93.5420379952216
97.6569288059
10.453300429154014
50.68765178166363
60.30794413170585
112.91738096245504
107.60658897136756
160.8603087405533
63.3718776637868
47.42785304439209
33.06876900191485
25.640181731508594
132.11645037714177
135.3714186590642
157.9218953628779
158.67227580734294
43.954320906476624
118.4570525836679
137.22879171462253
156.2034524523598
151.18948452682096
98.26013330603077
95.73226163211194
16.96533250953108
48.65749344460457
59.09723125567238
114.25441633885117
107.64253438961403
161.24280483102956
65.65001963397769
49.36227270132284
37.43557482444775
24.386347771363624
130.77428290425644
135.6412823750514
159.27470218783012
158.66365577466644
44.32745574267953
133.88915728879144
105.76082206458024
146.67698429038643
147.59669954559325
62.041359212783206
75.08710301401929
39.42358796244347
64.4211095976742
72.12415059648966
122.62802506381647
115.67885736524825
163.92073986668512
67.71319458153552
65.37397268993925
31.333100537093493
35.7762730725718
130.5777648081509
134.27779468502786
167.60972981153913
130.21363024008085
47.210735596681445
129.11871314398704
110.02237557344098
177.74094873474093
147.93908255526756
64.44038857937267
76.8995401343971
40.73537599355868
47.159424503850936
70.08583659995118
123.84668885771472
111.74617121284426
166.32443601959056
68.1758535229176
65.307674382859
29.77980022120384
39.2189470601319
132.16909224383696
133.67249717487357
169.4011679606019
131.38293133142935
46.906161601973025
132.69845589654096
117.38020540669386
177.3507089024507
145.29604655523957
65.7103666833159
72.56625084258505
40.81038853983823
51.31271997667634
69.477439914024
124.96709509748581
113.13418803019658
163.25844684785298
67.85297775463975
66.46006465789524
28.571995466031044
38.84378738110137
131.25743045496122
133.35604280125608
172.9813291390802
130.08469769670486
46.97356648438883
