117.97538676228088
132.68695945453092
166.55976593753908
158.4131158604242
94.05784517921894
104.87899978081265
37.446160383535926
45.492391933519954
69.63168367716567
122.24536055747541
93.47820753084962
155.6509687641791
74.2875353192944
44.21787937426299
47.07524893601095
29.073589749526487
139.29388012926665
136.4579009010895
135.085328686113
135.3822044827183
49.46155765588397
115.4617324504641
122.24344028659077
165.83366621776224
155.07316993036574
93.75828584564147
104.67845396727606
39.26652165445731
47.11956399130065
64.08404404815273
126.99019846718245
101.14226928915758
156.55921196905845
76.10585839578937
44.652657123181186
45.709439109767324
29.089412567099533
141.55294797179687
135.81938571816423
135.53932746068875
135.3726051699948
48.916575152156625
117.0015096511684
117.99649011329775
164.41104960417755
156.40657695640485
94.91866506593591
101.8079736530219
39.229597093523495
45.780791941060244
66.90084897459316
128.03444113891626
105.67912186369543
159.85923668654968
74.6654647570155
44.58583830861577
46.28336147816945
28.592165964698335
140.16503261828825
135.75613031073874
131.99559829418683
135.37651486025294
47.49069744617685
130.14300035180486
76.52703447604013
158.798783510221
150.9377336928567
96.39966814395277
93.21646380530574
16.58436946359195
39.69956319448228
71.04573003036619
94.44816876087235
105.97216795225887
159.43017632645757
67.81858235693595
43.21271981895834
36.0331124308014
28.545636862540977
133.95231064328246
137.499948576066
162.4270210480478
155.94096923976315
48.99960670385362
127.83197501403616
124.42351963494633
158.48518830281157
151.15602046547386
96.89035250102476
102.14346548539034
10.182245688480123
42.384252778278004
68.35726044484726
96.28760540283663
108.05880982709496
158.7622719497115
69.99904792732654
35.229587074027584
37.69139392406009
28.21125398254204
135.822987575807
137.0476216976784
159.3762615466507
134.61701011290296
48.65342964958414
122.75657970686376
125.06756355817033
161.5787694465082
142.87129386258124
96.61716806700078
110.79057446708208
10.64125764009515
46.51513847568641
65.47852479539272
103.59374289928951
104.6996339685607
158.3456493706627
71.79716615714491
36.178444440919534
39.11006642578631
28.34657379885203
137.40603180463532
136.60229128788055
156.2166561650263
135.64038033929285
48.61388156697509
