117.89087842527913
114.18737531685085
143.00109822202123
150.55874232378338
94.0965365418583
69.16281795404427
39.21408195375269
40.46041469891285
75.86776432205004
113.44517143330776
136.95207006690967
163.00680635954242
83.45931170063088
76.45106656580857
45.46915304733462
38.45372461145637
132.07398085031733
138.42138597148607
171.20099753340205
135.34584026722487
57.023370059961415
109.40315340531912
108.22857393689301
153.49393195585364
154.21444960262303
92.57710785184747
71.72368342806072
41.83617480755986
46.960624483655145
75.19940278264731
112.8933169805959
137.83595467951295
163.6997831527517
81.7183579873007
74.53754795359676
44.031543865469786
35.943423070840055
132.53811848024483
132.1903476515932
170.10985519524561
139.79520234366237
57.48299093769406
103.43538757540195
116.0737582889582
152.6448257004921
157.67142339939798
84.82835071329554
74.45973721231557
41.67022679112468
43.1693139384625
78.1372213630248
113.01365238873339
136.15853847128798
164.07705062427468
79.7474028326371
72.78681843712552
42.213866650606704
38.47294700819503
133.7780833602282
136.41168557477803
173.4118494298678
143.7018364824587
56.15508678101348
103.80208079593888
119.15335513003838
146.45593026471806
165.7185909009216
93.21777654060712
86.88983522685132
10.152689015236787
10.73361769781175
74.83829672554697
92.35113050029872
119.64860395465202
163.94380520969642
78.08229340179787
58.74687642458517
37.70186861003254
34.42815299768219
128.73491311207135
133.76512167404871
162.81592905258594
160.0921026564578
59.19271469922289
101.48122815212346
108.95603073281235
154.6263383615621
167.47180822061057
91.82271828965914
83.97226003300052
8.679979748669588
9.833084187890623
75.50235287433368
92.01874924988414
117.86816408601254
163.9735176555539
79.28632561560364
63.116553346565986
39.395870348475455
36.104783433552996
130.02232044945518
136.76055725594696
162.6276895775253
150.41357838857516
57.90716813574269
100.8596932127135
99.33849294788865
169.39978282320868
152.74897157610542
91.2180422142787
78.97234587330075
20.04720123688009
38.74175249598277
76.0998639217804
98.86108443723444
121.66333872154044
164.68508980544192
80.70338397754901
67.62834695737547
40.12032159651874
37.88699512422782
129.7053098023953
137.25564096942963
165.42783127780572
146.20283072959708
57.62953134423517
