133.88915728879144
105.76082206458024
146.67698429038643
147.59669954559325
62.041359212783206
75.08710301401929
39.42358796244347
64.4211095976742
72.12415059648966
122.62802506381647
115.67885736524825
163.92073986668512
67.71319458153552
65.37397268993925
31.333100537093493
35.7762730725718
130.5777648081509
134.27779468502786
167.60972981153913
130.21363024008085
47.210735596681445
129.11871314398704
110.02237557344098
177.74094873474093
147.93908255526756
64.44038857937267
76.8995401343971
40.73537599355868
47.159424503850936
70.08583659995118
123.84668885771472
111.74617121284426
166.32443601959056
68.1758535229176
65.307674382859
29.77980022120384
39.2189470601319
132.16909224383696
133.67249717487357
169.4011679606019
131.38293133142935
46.906161601973025
132.69845589654096
117.38020540669386
177.3507089024507
145.29604655523957
65.7103666833159
72.56625084258505
40.81038853983823
51.31271997667634
69.477439914024
124.96709509748581
113.13418803019658
163.25844684785298
67.85297775463975
66.46006465789524
28.571995466031044
38.84378738110137
131.25743045496122
133.35604280125608
172.9813291390802
130.08469769670486
46.97356648438883
111.09965961287301
111.2574949591402
152.19653499209488
135.6596995257022
90.78110466168731
63.6721218056803
7.04472915302046
31.160902399999863
70.30605289894935
95.42406258138344
116.55346462263178
158.5366115498794
68.58203577941863
49.60214044916167
34.705401823139574
32.1245299770133
135.83060041055634
137.08963446501843
157.31961684902438
160.0377785531905
47.64619973349534
112.35603993034171
115.65717904437021
155.90432062041967
137.50690051154774
87.81861978297307
64.38936160981996
6.857324863933484
35.93242822500589
72.98304716910259
98.27936913859685
115.71984142227589
159.67345511708024
66.22274283078212
52.994753544497264
31.686369878702287
32.65072973137647
133.41793094937935
136.47863518203985
167.03955703912058
155.70972965967587
47.658133367105115
94.45022317889692
93.60012089018255
155.4329484348488
133.67935861580688
77.10897298568004
67.643045201597
18.508863436612767
44.49311655413674
72.03816566315832
109.14768969364434
113.82073497665021
162.55910430954614
66.24693694319949
55.550438678576384
29.48131706243184
35.33233283206698
133.40895766222368
135.39229917244944
166.68774509438123
146.82382132615848
47.80032347211138
