144.4746213944851
144.6460659528108
158.19540272556932
105.82919078413906
75.78465356035508
145.6083498914564
53.0744022184306
21.851237492465657
87.4128797504555
108.69665896154314
104.96138375252696
162.4816902945343
70.00462750483862
59.6461018806063
32.13026231125172
42.07208128987493
134.52845067571477
128.78016719515196
173.85973198539384
173.0639150823436
59.395390532112714
129.44952131492835
52.004494795454974
154.12923973950694
102.02550329216474
75.92932117123571
147.07194803772833
51.56710826181583
16.62570189396577
87.62455994920077
101.25295334545334
94.11278862038834
162.79515856617434
68.34297005290739
54.546565565858906
29.913682436845967
43.22493106647572
135.11700551698928
129.0080660267638
172.3455686549864
175.88061537266904
58.66300862584824
113.585414591338
58.32960246791896
145.9397529933926
119.37023699494381
76.01800406154715
132.7924519515368
44.15254574096485
28.18658983605431
87.92277757974091
101.255993984866
99.9887915911972
162.64586567772636
67.95268423480715
54.30953201932239
29.528272455062723
43.14175609761242
137.07186711261593
128.96980992006732
168.9098788344498
174.5107871615041
59.20197502467566
114.53495360549981
109.62705544471963
147.22013568193282
143.7493047092247
90.13741919291567
70.41231181656093
8.208644567509225
27.217961131571066
49.7742765600512
93.53273974168869
121.67193212573773
158.57624883322475
43.435038639931385
8.505390773795952
34.74675684815516
21.7328874864433
140.07999284893043
74.43080023875491
168.66009446636326
174.54372700429332
61.60314451887223
107.91211845444155
117.60624995782342
147.52728512238428
133.57079816358234
85.54579260227644
69.86143394831939
4.884580802386765
31.490181887957476
93.58750220274176
95.55705224527642
99.68716728153817
155.11682628321623
67.50347641849238
60.59205924350264
35.09837844185944
35.36788867778976
139.97525245169936
123.41306610895712
167.98640462914025
155.2603923101979
63.14377508252104
121.75580052617237
112.42823119937457
151.56292344212525
137.0403606269471
80.98331422906584
67.12704551154742
5.157838241796783
32.10509837077266
93.35367608318046
96.87225950464374
98.50644603274836
159.7390037410112
68.94569481671883
65.04681672309978
36.48291930255628
37.69375825498088
140.43624706311013
124.52838435485475
172.21210782159406
145.17115606338155
61.74487583133981
