117.02994285667621
100.27921722529703
155.6404716769983
144.31460821187824
97.71820718885198
97.44393193473417
5.932829012599969
39.05743161845739
77.5683870313341
83.4051331931331
113.55579464042276
162.29143614625926
76.80982188942095
54.91389239823882
36.949847452069285
37.52333087278375
131.6715101416714
141.26481933031374
164.9693574766788
156.94952314120047
57.92050135553849
122.10819729226804
107.8969845603317
161.1393235782
128.12910991460203
93.09360359030808
100.84952614978128
4.86287705836974
44.557072567293496
80.61192378660704
85.86135988114333
110.22036692107648
164.21656104022134
78.74177802521739
59.4097484056755
37.157069939547554
40.422049450461444
132.19156877381002
139.9492688175252
164.74321277610966
156.26314377922102
59.25397179952087
101.71113320193513
111.91527332578582
169.64490326044034
145.3702361608877
95.21358165350219
104.01414975701806
18.688818711572747
39.50942479979996
82.11242470097402
88.83454750454402
116.27715398812644
162.6571816638745
81.2137156299675
65.75711474475123
39.77313444994871
41.30492758817826
134.52017255652203
138.89271822392013
168.29838268546587
150.33189707939846
59.58202482062803
78.72368456150203
124.61225739650375
164.930645245744
157.26591517158383
93.4664008651527
111.9037782343072
39.60328439570322
43.44597388113801
70.82396936752984
128.03505275293608
102.78041268093958
166.62221223218899
86.75521069947271
71.94077128364387
57.117716168622465
34.16045853963346
120.2554602563908
133.1705308828028
139.59350376688897
162.15408694585054
51.84391401871506
76.98009858732502
139.46813827653486
161.31142358490274
164.54955936348549
92.42351456397532
110.6428389206494
40.44002340727479
45.63881026791955
73.09021731513678
130.7374182612898
104.70609370873193
164.69678680565437
85.47270377600115
71.87197307076215
56.35736208954789
34.21333613900237
140.33768666012793
133.16826076426074
121.34210415771264
162.15243538317276
49.29265242557673
72.72454288781066
140.64289022221055
163.34785935119731
162.909239002879
94.98172910764808
107.91286785188538
40.707815007390785
42.53618072824687
72.97047208935939
131.63069236824475
104.23817869811921
165.6330074573772
85.95878201764154
71.76006619387569
55.9815626334141
34.250253849692406
133.90631841640356
133.2240766687637
123.19708833352753
162.1523121819516
50.462403216815076
