133.62822099039732
77.71957819621825
166.8806850326006
160.38170450229194
94.61978475218703
150.16377218889616
37.14782907124541
48.46382868655046
44.637586103928555
82.86666227673308
152.55910332947585
158.9153988625275
27.170336226672433
12.941698406811561
43.00099354399621
52.69640171224321
141.0258466985584
6.84707700562178
164.27780101623236
129.99935066472557
81.29240260228691
130.48697176305345
127.95706708591727
164.60745619221908
124.07984393429166
97.1409474837837
142.6750734104359
13.397316441076127
50.836221378533615
43.36725355904205
84.55795298810786
138.9247125810069
158.92723254495624
30.07054196576607
15.042092705978497
42.28936459912097
52.66664469397553
140.73302065434495
6.85147361529187
163.97770792960154
129.99649414742137
81.08549950410492
131.46573045246274
152.48367310518108
164.02461924158166
137.2023736964201
96.43264117032992
143.52152635652993
15.592148677095167
51.107785714369285
43.88686380098227
77.74462490857242
146.96223641978494
159.44049258800968
32.09590258403692
16.23746790849788
42.13695884248128
52.09147009990027
140.67805648212473
6.9557119744585325
162.06029284912293
129.99364645408005
81.11848332643189
134.60534365800007
80.78023114220807
168.6872010795847
163.83931028427682
91.4931454978885
137.84848114572642
36.31462819682678
47.02077096563653
45.51378965884906
80.44055324301068
151.35249732616208
158.66390401032834
24.967471262925656
10.60031035038379
43.8531617829045
53.046757281580206
140.47870365792213
6.848941593561837
161.42918250498414
130.00172223886887
81.60120727465747
133.62822099039732
77.71957819621825
166.8806850326006
160.38170450229194
94.61978475218703
150.16377218889616
37.14782907124541
48.46382868655046
44.637586103928555
82.86666227673308
152.55910332947585
158.9153988625275
27.170336226672433
12.941698406811561
43.00099354399621
52.69640171224321
141.0258466985584
6.84707700562178
164.27780101623236
129.99935066472557
81.29240260228691
130.48697176305345
127.95706708591727
164.60745619221908
124.07984393429166
97.1409474837837
142.6750734104359
13.397316441076127
50.836221378533615
43.36725355904205
84.55795298810786
138.9247125810069
158.92723254495624
30.07054196576607
15.042092705978497
42.28936459912097
52.66664469397553
140.73302065434495
6.85147361529187
163.97770792960154
129.99649414742137
81.08549950410492
