129.30242493545057
129.41545757541394
157.40817441167866
164.1945426935622
97.65203901870312
113.30861612699277
34.84075865682165
47.07413801563982
68.82592683255695
114.27456885879256
76.45797651190195
163.7410497384428
70.07631645604845
34.27573651069261
44.49134230941917
22.817010158238688
140.82875826752135
130.35323917886723
127.66723330431368
135.92015380161774
48.43140563216372
130.055821993886
141.4038628547113
158.19215134218175
157.9139621081986
97.58106426317921
110.46293161532957
39.161368807820736
45.56450299581199
67.81881061632296
116.37070341303189
75.28643070052125
167.75112840550247
69.95617947212028
33.30019237437521
45.694324129047466
22.28995805306247
141.80666831742823
131.12651731666014
129.92332568300714
135.9224783595727
47.38016418279266
80.22885758987685
133.64292100567533
158.45307342653066
160.93641011305027
98.04968018595845
109.09721918619185
38.58595361398887
47.45195738057615
67.06082843227023
112.84160608824011
82.67567525469175
163.35388426417435
69.62748691794255
33.42893634373722
42.993499856839314
22.166932532929753
138.95082526218002
127.47312023038987
133.27937217720006
135.925207418931
49.00979469133436
134.25576141786448
125.69268565524457
155.47741565553343
150.97943256748655
103.11636990304444
100.5973703229176
11.406639062485873
37.48447876932572
77.1288584652377
102.3843769053693
100.0452272111287
166.62830265816987
76.27514110088866
49.89410758176182
46.85076753763021
25.719489938074418
142.23870107019306
122.68013010231347
143.70339432607489
160.20638879489306
58.04122293273586
131.2534723106167
122.48931145667622
155.10105257882515
150.07049702307282
103.45195084796727
104.75254136398213
10.01766474689637
42.202980536311024
75.00017030488128
104.88707609885249
100.22888756291957
166.84895418846006
76.31184708858316
39.060396449422235
46.11890641556835
25.993748777266404
140.26416178832366
124.20571039128083
139.02429954312416
134.43728498101038
56.177726008033524
131.51475062363394
91.39459031851551
155.67328471598242
161.95874254905974
102.25180821924644
110.0335827343945
15.199250820269096
43.452643703640824
72.94782792360272
107.57653409044157
87.49942613131743
162.34587803046338
72.94505421816794
37.9997382101032
44.64692060383645
25.193312127915522
139.17119316659037
125.15587688047553
143.38318326361045
137.00286368940726
53.94915167326302
