120.82917199408013
128.78006453767148
163.5381577669375
159.39834718674285
92.01134101361619
109.26561344980834
37.113659013026755
43.15908151991357
71.92371608187723
119.51027019825601
141.57385307884266
160.40603542754386
70.22328224220935
29.01327671666273
41.67924198914521
29.240133668951866
140.53470847466625
142.45919207460025
139.3228689422113
97.97898418592406
47.466594661194684
118.78114719067499
134.51272098642067
167.25183398427174
165.03344756016594
88.09767396546013
113.39653559000604
37.07217423769798
41.935945248194685
75.51243970664544
119.47725193257045
139.95792287797542
160.05272569481525
70.39417652610724
29.035230518972966
42.43956298842187
29.943826193113683
142.17246381312714
142.80948086446932
135.97797039146838
97.99727491264409
47.298886380279534
135.8776512925795
116.98833943711477
157.48141841558424
159.5079246448093
94.77174701503483
105.56613238157577
37.97269540546101
37.60783772249864
75.74747434833498
117.67467032231126
138.98747461480863
159.79106070854272
69.49926859910916
30.008889657286172
41.74530939404152
29.570098285226024
142.01069154814263
143.35305867558614
134.39495635347353
98.02325770452428
47.080117661334484
128.25142494203337
72.60462781934777
162.31657032819191
150.3858847516963
95.73036072809955
94.8748673514648
15.022620995455082
34.62331186613075
76.36346366744418
92.4240867008975
137.90633098805932
160.782004883841
65.38192108766185
18.53321181358949
37.1715932828044
28.319457905777085
134.71109120205728
143.20173191111954
163.27169952394544
97.82681820743421
47.648923834577595
127.56012175863837
131.7068384392305
163.15488211110645
154.58051916227208
94.1058148297663
97.8278068660198
8.588498467608204
34.31196194739418
73.64245810635559
91.1008444619516
142.86182266835223
160.2166791838305
67.04951476795716
18.680631890700358
38.66770282150175
28.26668017988069
137.15348334718408
142.80966986370797
159.92726412932754
97.83521712422011
46.97565449135163
125.25666815747964
123.63044703232711
156.27828849575855
157.0307252382149
101.59204292240024
102.31100881964795
10.538595161694651
42.33727364483347
73.07819890446748
94.3088616303189
145.3611389359105
160.1292314649511
66.74196689325777
19.558995723472595
38.721680777595495
28.115165285133664
137.9380456365164
142.47253265387738
158.393516635397
97.85601562121578
46.960327856891794
