134.13848848987695
116.26789118453955
169.45835108698455
152.51540268841774
96.24695914911621
88.39712273301753
12.788708604123535
16.70910578724085
83.62595827196415
82.16185687157736
96.89520554731048
154.8824620460911
67.01782690027788
47.28175014400731
37.115561539637135
33.85375771013187
138.44264365611764
142.48652233100202
156.99397439133676
164.34709140145475
51.12503206672084
122.04071450649684
105.07579140928539
152.9278061861586
154.13847842180976
90.76981601143595
76.42793987634961
7.021878068180097
24.428750427527273
84.7333136674417
81.65162480017105
93.46303583481765
156.19331807761276
66.70312325673147
48.50990992226074
36.78477036833227
34.721889129943946
137.9080570199735
142.3636017306133
158.73385655969847
157.24001767859292
51.490950189032425
119.18291849384677
108.24792874995735
159.51771893209187
148.74977672138067
89.14507973038334
78.50969762525585
5.9277543663724055
28.567912757735847
83.77021501711012
88.3552826534365
106.07727012493739
155.8092835278343
65.74506977566756
52.53001435940826
34.63239955329208
35.20355449407102
135.22720355852024
141.85477631047493
162.10970454430824
151.87509989329595
51.79175552571883
116.73668059651315
134.6956637154164
165.2335272738449
160.22535388523738
96.88888747947152
104.31913683560286
43.510945682260726
48.48057991271675
72.05218209441585
118.87358803278903
102.21437666164158
160.71137147760595
71.63599888959031
51.089989617119116
39.17854662807964
30.836967752125034
137.91104233123914
140.49314652940106
142.5429684434444
164.33255284974976
50.859892261156006
114.81510162479842
117.10436803484347
163.3733663457822
157.29400818070218
96.88410432860226
103.11994792027481
44.504473447067525
47.40870947733324
71.76545421999553
118.68978209480414
101.48018141637891
158.9617544341105
72.72443137635841
50.6859030839833
40.877708772496035
31.372915564182936
142.32909108400884
140.2586241658341
140.3234849694875
164.33271628565626
51.08484487568814
128.70306588588772
136.80990857551245
169.37446481981917
160.52840141636818
94.03810491541614
101.66956243028557
44.586426052599656
47.36069105867504
71.70283248157843
117.19854869688648
104.96076440203477
161.10813544488346
70.99983561061259
50.53778835735358
38.39310787867556
31.59140729828965
141.36849287453728
140.22232081988662
144.39583896472132
164.3362061631324
49.7300671388281
