132.16443344137232
127.06216433469075
148.03342320065886
123.65778489494069
97.19878099742222
98.92349950251558
37.126311612994044
17.3083521151553
83.27493366922457
100.52175059972005
113.76809009381253
154.17408675126492
77.11756747907097
60.75616059029377
42.77586525591582
36.024843429603465
131.14773254334318
134.44705259733985
167.26785200250433
152.93728519394622
63.444415606055536
137.79774228902082
131.8309946740276
150.29818560071138
125.4148258730895
93.86954472221896
98.1165418359719
39.496952827582255
13.787190348304716
81.00654917847592
102.08958368912086
112.79003254777527
154.89249867666186
76.15217560344061
59.954941012574125
42.022277998480064
35.72649886630005
131.18326982850343
131.76742460443484
167.22492430893038
154.47302080644903
63.90518331211963
133.79575595170084
53.960530833789484
150.6189138784828
129.75207378767774
94.61777979446673
96.25333487547935
37.25092424586631
14.033511109520443
88.47276727059263
98.94554937207323
107.01515395393996
155.15123747104488
73.05806401553797
57.46555528461773
39.49349196582816
34.734914977035494
132.3896076698584
128.66459727527078
168.0106152141248
161.38467705372457
66.2103945899971
113.01382487092106
136.26464226390897
151.16314447745393
137.20904684135323
95.91479666531798
95.54198038329314
6.57328282289595
44.4001447970613
84.80886049458076
87.95623602322422
99.62476103721531
157.07498422857725
70.34072664122408
50.747999770025494
39.66576870779981
28.421456086571094
130.5839681216636
129.46707448058623
159.52738620616617
165.39374524480104
60.830654655493376
108.84230161556644
144.1408197655919
154.73886053612122
132.07648950137377
93.26783321815883
103.66667104047599
3.714909203859245
45.4372345198242
86.79986993562564
86.27402493890163
100.64118879058763
155.72042694404416
72.3151597447463
52.43935340727879
39.72657241138037
30.988390562531208
130.36267822443818
129.92491467844505
161.76281923533878
163.55540588514526
62.47604911326509
116.03120950504062
114.52065342275291
163.2591650807266
141.09336245547394
92.60011749208468
74.34668578232515
7.240341926025023
33.35949339763293
85.87621623603933
90.22280479635918
98.31049289837269
157.7734506007515
73.62502392985564
54.52781786649107
41.2643061539358
31.307878535546465
131.01345084414535
128.86521715978031
162.4834553224238
156.4227097386443
63.680163121612
