116.01951208454045
113.06198525824077
155.68102839641804
160.39030000119484
97.35475301619115
105.57270119939156
40.18544156420268
44.20468889298069
70.58362748764007
118.89294820711089
82.49793479198684
160.5868784046009
69.46113287296328
41.414944395058235
38.990994850310074
29.445150470531445
142.44850343483196
138.54921622985708
147.25237093954252
146.55565590639566
50.23011391966444
112.74719573331588
124.55847017126706
175.05903092828567
161.1862962390892
92.32063236311312
102.32094354392585
42.655913276516024
45.29052918046659
70.17589174372561
117.86396435226825
87.59059489707496
160.9628500734901
70.92048214192455
41.628640936566185
40.90441534086898
29.020912282719355
143.99253661302816
138.4102436199417
140.08653274927877
146.56174769376318
49.94361192328217
108.72214360187418
114.81124010601371
174.10855548868605
159.82972781753963
91.32785049282329
103.3151649134678
41.799990989485394
43.40736633381177
70.13542004052614
115.7365209334371
89.32183060413224
162.3695141500907
68.4888748879897
40.652005295882425
36.81724015889341
29.487961967448403
139.8056319754899
138.29160034972938
149.3575458007453
146.56169064599518
49.90498314823167
121.96926619202026
81.3054408896086
161.0738697847622
172.12563218742812
97.28952934045205
91.26495522936642
15.506513806453105
31.89488124527749
74.62952555172728
90.16093404221546
99.99506970601183
160.9789772091253
65.39363085889443
39.4825361777407
36.12996144676019
26.926014604185863
134.13029376815786
139.77259183372846
156.19851780093444
151.2690408328096
50.836127037345996
124.8310326305544
127.82604317983781
161.59785261543155
160.73942754825399
96.99917252839826
97.68373331889545
9.310839551733906
36.87556202856091
72.8816587127116
95.4719659982391
89.48128382608145
160.31331866543553
64.88311572334023
36.08888535577908
35.618612906092444
27.17143909062911
136.31945032821363
139.38784805536756
154.48301756670432
145.47777404829893
50.29386251646883
123.62715432001794
124.62792312410672
161.1503337976341
155.75655812541584
97.58853913076757
102.62838326012394
11.026892198532888
41.455305096147626
72.60297904022939
104.75826455900786
88.29120531566669
159.60576678184435
65.4848633402887
37.82179976469471
34.537389442267745
28.71773059254497
135.19196961301185
138.69782845959114
153.52346241179174
146.7931402266637
51.21108411201936
