127.65891380491941
110.57667108952161
160.83355889085408
143.97592444153315
97.05988344143262
92.86988047501922
14.11514743427846
34.27741072441591
76.43922330877771
85.49695792321192
103.0762777360081
154.48462992877683
65.79643627068515
45.19372961571065
38.9799726549837
27.38650558415813
135.3608966222503
139.79307253404906
154.71840396498717
162.362348406876
49.38097815938014
126.37738611165823
128.01253102295001
161.99618559537433
156.08093515273896
96.40266161704083
100.72780654581081
8.735745255899415
38.47777510439628
75.27859893377081
90.31350783754378
94.35640124454679
158.252429431944
68.94228971289417
45.57908319999349
40.74263000777812
28.08345591844023
137.61167820503536
138.54151200302223
153.07247915949966
162.17442843017488
49.98950207056263
123.518433567097
129.05485849254052
165.32889189125092
154.87837439887147
95.56161769115913
107.34036168284553
10.269789483124018
42.953783245223526
73.41306608589687
100.76935804579392
87.35535845823934
156.88773535662344
69.68891044856343
36.596771000963294
41.415869917961444
28.698542176824713
140.1358422343501
138.63852949705702
147.0221934635531
133.693560299436
48.68330098311713
132.16443344137232
127.06216433469075
148.03342320065886
123.65778489494069
97.19878099742222
98.92349950251558
37.126311612994044
17.3083521151553
83.27493366922457
100.52175059972005
113.76809009381253
154.17408675126492
77.11756747907097
60.75616059029377
42.77586525591582
36.024843429603465
131.14773254334318
134.44705259733985
167.26785200250433
152.93728519394622
63.444415606055536
137.79774228902082
131.8309946740276
150.29818560071138
125.4148258730895
93.86954472221896
98.1165418359719
39.496952827582255
13.787190348304716
81.00654917847592
102.08958368912086
112.79003254777527
154.89249867666186
76.15217560344061
59.954941012574125
42.022277998480064
35.72649886630005
131.18326982850343
131.76742460443484
167.22492430893038
154.47302080644903
63.90518331211963
133.79575595170084
53.960530833789484
150.6189138784828
129.75207378767774
94.61777979446673
96.25333487547935
37.25092424586631
14.033511109520443
88.47276727059263
98.94554937207323
107.01515395393996
155.15123747104488
73.05806401553797
57.46555528461773
39.49349196582816
34.734914977035494
132.3896076698584
128.66459727527078
168.0106152141248
161.38467705372457
66.2103945899971
