118.57241230391143
127.77805942745147
165.1334186591487
160.84778108000597
96.63405485121852
105.06040544443633
41.5057857002257
47.94064090603127
22.579949449974695
119.68617628641931
93.3707787890111
157.82704737143473
34.0773659466912
16.082184230203477
41.301083731780764
20.92431978395021
141.20565030290996
97.195042970253
149.3621312766782
168.84170641255295
48.60930284353449
113.77605637453216
129.2587997129395
162.9646858744693
162.0257700547916
102.1011225369167
98.74386198236924
41.86106375513848
46.83181910059667
22.404921956731755
116.36962621471187
89.85572581231207
158.76577918921626
33.949489668514026
24.744465351699944
41.61415006262241
21.7244173285913
141.8850599255591
97.4878807394528
142.91777346010247
164.12516648309298
47.79406567076329
114.77570652155077
120.47148955831281
156.39839268034984
162.17264996952738
98.56389688962263
100.91961500208461
40.64693439854474
43.91468862274399
23.055565711485
115.93048109673897
93.19513078479866
157.09550188378827
33.57095474361503
23.57041855954187
40.22820356567485
21.124385305473016
141.10318814659698
97.10704674353461
147.16364178871893
164.34269812808563
48.135148680872476
127.65891380491941
110.57667108952161
160.83355889085408
143.97592444153315
97.05988344143262
92.86988047501922
14.11514743427846
34.27741072441591
76.43922330877771
85.49695792321192
103.0762777360081
154.48462992877683
65.79643627068515
45.19372961571065
38.9799726549837
27.38650558415813
135.3608966222503
139.79307253404906
154.71840396498717
162.362348406876
49.38097815938014
126.37738611165823
128.01253102295001
161.99618559537433
156.08093515273896
96.40266161704083
100.72780654581081
8.735745255899415
38.47777510439628
75.27859893377081
90.31350783754378
94.35640124454679
158.252429431944
68.94228971289417
45.57908319999349
40.74263000777812
28.08345591844023
137.61167820503536
138.54151200302223
153.07247915949966
162.17442843017488
49.98950207056263
123.518433567097
129.05485849254052
165.32889189125092
154.87837439887147
95.56161769115913
107.34036168284553
10.269789483124018
42.953783245223526
73.41306608589687
100.76935804579392
87.35535845823934
156.88773535662344
69.68891044856343
36.596771000963294
41.415869917961444
28.698542176824713
140.1358422343501
138.63852949705702
147.0221934635531
133.693560299436
48.68330098311713
