132.22351710333996
154.30664613560182
171.79342962358268
158.16120034499139
78.89452114641652
93.10494859335763
29.119475327600934
43.302784194141005
90.98120397653616
101.65215896588514
103.2750275004617
160.04497203219339
67.98219952423764
57.246650067964104
34.05100293801067
38.880122813334744
134.96982128592683
143.68438888627426
164.28024747255694
158.28049498353514
52.43983029930269
135.14585385901773
153.50019828219848
168.69751202341803
160.53222679887494
79.9816239932512
95.24772792146476
33.56462552120465
47.833367626295896
92.991811762517
100.42642985446246
104.43495168625357
159.30299467549486
68.61959946592442
58.34981669337054
34.86837943293328
39.42194719955606
135.5819130329421
145.0611071041961
167.66313410380837
158.94551099707203
52.66539160814633
130.88074505451183
142.69357305597825
171.47250050956268
167.49309550527246
77.60915933650382
90.6522434084653
33.37425781589393
42.60181985434913
90.26276748073609
101.09270319854703
109.24915596795698
159.01222909042977
69.36314615582842
59.25125660330063
36.30503607262342
38.51163522245209
135.91389877817053
145.43217846453288
166.32652442738407
158.7615535988949
51.91855811977585
111.26973013885159
105.0325790810458
154.58261930568818
145.4707653585809
88.46211294863964
69.9681334532411
9.524981972873661
23.641272958151163
77.4925970612156
94.55657749076288
85.76240414547834
159.37246569884027
66.38230462552059
46.17845359306367
34.68371047653739
34.08245033981254
138.67871980341332
138.97956393836407
158.9064261539497
160.82755923296128
51.44829776051788
124.68163502247305
140.00037594090202
150.00649028501383
148.92562512281273
87.53248643366702
69.75928145293858
3.051921013221288
32.70136452478405
79.76728157922706
92.8192141005717
99.65968292155212
161.87822797592816
65.50053565295184
49.0714453744634
32.92652205109973
34.301484510031536
136.88290976860975
138.75732099946916
164.51331262546495
157.70932250654312
51.97514344951377
131.42163934522986
114.07901659152215
151.08714501027404
135.31409082347164
81.3428279246616
68.47923346513514
6.3073405879841475
36.49672033107348
82.02755077697398
97.93872087081023
102.2040706397126
161.17593229724125
65.38442293863494
52.43519018796831
31.8883128600167
35.07554260634166
136.6676108361519
140.41765708491192
165.9798434504442
171.63312755307524
51.97401140382458
