93.61942783235195
121.43148829737378
156.06729939781087
147.6076453061712
103.38877961647334
100.63287289463486
11.777662423883156
41.31812301696566
80.51343119227778
93.15872795015974
75.88921649520509
165.98114187842185
74.55979275688311
40.68117306700184
43.99975629053875
26.345762455760056
136.87077238750862
126.50249758334306
151.652713732304
147.37343013469075
58.01767689860993
91.59392330371082
133.1316374329585
156.74237036266558
150.54654156801146
100.86057615598118
104.90440367360955
10.496648072228517
42.791766245732006
81.72653106752811
99.69889670376551
73.93632788804942
164.67378769794487
75.33993940303957
41.93096569702267
44.573025874882966
28.557086730944512
139.4995888497013
129.07623026664243
145.1643425009256
144.34309905176636
57.0947564016525
135.26808734959266
88.63483168832731
159.5239612469735
156.68843190198697
95.18697444335459
112.08659975941059
13.994474446464254
45.31645803439894
82.10102303665285
107.20425186657594
90.24521262784465
165.3284508035238
76.97906733324112
37.209837863967735
46.61375586077923
29.469615283658122
141.32751323696957
131.2626122853518
139.64789143858354
124.35944311692623
56.27298923980895
133.65671094242217
76.53425994070277
166.9553213682816
153.68885083553238
96.98244108262008
104.13257395657196
35.9275170418262
42.1702200499661
83.67911222180729
97.72011390977657
92.24271084856503
165.72252915789298
71.08308083632296
51.767272084371335
42.264479777327395
28.798217511639777
127.56225137548397
128.28608733030785
166.76260955488317
162.86807488726222
59.52182827097499
129.61866583884768
74.56533934731213
162.8497661348561
154.0966716527601
95.19618201806588
104.77475349262798
38.194691692686774
43.1866988034641
84.93600373682159
100.85510525308794
90.88270396037741
165.15858806500881
70.83781788801538
53.04201125471196
42.66173830795958
29.45894495771483
128.0379772376536
129.2494916813005
168.45657839677045
161.72246178079556
58.38507448554888
126.2793528036786
70.71460957198549
161.63724351411355
154.5962441237889
100.53973230946235
103.55571602879557
38.08213037539601
48.610611869763844
88.7958599394517
98.91398189713999
88.72784558434208
166.82424480811176
68.37615009379134
52.566176662498044
40.776596814882694
30.509948854623097
129.76803501627472
128.1439605734153
170.91665869993471
159.77740009856933
58.66921143294026
