121.30486243167313
134.04934133196343
162.30102984579642
163.15228401320022
95.28401633190653
105.64956564216845
41.323287798881246
43.71583856829133
19.942069229555273
129.43513781417298
93.85485720426517
161.7392608097287
30.385559782741456
15.179720342221813
36.679011914547004
23.48178818604942
136.1730627786785
97.83008213806959
131.2944263893635
172.23946808804453
48.13516572195926
112.67432474287348
133.35244559231924
161.27104170428993
164.1820760976649
93.82195705794433
107.86759568342444
40.915674426597754
43.93616654064177
20.918041869330786
119.31350865128141
94.52104286740719
160.13565809971166
26.890744737301485
14.291827614683395
32.8192527672277
22.622963385702093
133.96331929024782
97.80729020869586
143.843697226484
172.37671731397626
47.80365174484959
112.89334795145234
124.12086224250903
153.35394842228374
161.36237946292843
94.73538068430842
105.99011743415642
39.44524987672363
43.08281218129173
21.290884961434113
115.4566643626433
97.95186003147124
160.4902155194052
27.463768794114337
10.135615368383597
33.411747166568105
23.385944325408214
136.1051715197497
97.293300134947
144.7554920516715
172.273842503279
47.396712985812925
127.69715832379192
141.73465464322746
164.64334556828496
152.8718828693145
91.42475034391539
105.14639987804823
11.094444741935902
37.67369796810987
76.09103052340377
108.08929101894174
111.312176149525
163.48850110416777
67.96272405122617
32.944202167819185
37.972546409326945
34.11120475830722
140.307629176204
149.7679867320367
147.80415720519127
121.10285065952961
45.044019329570446
123.40292847173988
107.56094437209936
160.6926671483842
155.69078474039443
94.59543536368862
110.3687942584991
8.076536084992087
45.679605429932586
73.56152508416541
112.73945940941482
113.62833802792723
162.12427125157697
67.85006234965002
34.36988938375568
36.73940482816029
33.81741688981137
138.83234342130757
149.5479010747229
141.30548131627506
121.27945410545296
45.58696606877423
127.0482582650305
142.94292098277015
159.83653759942416
155.14115902524753
96.05312426157973
113.24449446862525
15.379256491577308
46.964565026507664
73.53608797022454
112.51522773091509
108.73937609937114
163.05467701626037
64.65448123850464
34.762845147668386
34.902910854869646
33.12538410428092
132.76389629712025
149.7351204424378
147.59392749644863
121.23519089167144
45.314055787054414
