79.27025561352353
137.72657805740315
164.47812548667585
164.2915788383268
92.65342847353185
111.85817943785021
39.092497810149176
44.2384644723726
75.2530711856662
112.67339398264376
56.51455161780239
163.74580616247601
70.27726396474277
33.66361235506025
48.32373663715658
23.079793801402246
146.1682570970069
132.75143485114614
122.22365190118734
141.55747575549535
47.36596937409117
75.88075476789253
141.66016401409848
167.66879423485068
163.780409748212
92.1238770357946
110.07348250968718
40.674409780372635
43.76124995998165
73.88447117949971
110.9481441145391
61.99029466070313
165.2458695515263
68.22350061674263
32.13593614636838
44.955713180818876
23.08408030955254
141.8729471579468
132.99279152340864
129.19505286849102
140.31499773497254
47.05179548082325
72.74181258003297
138.42072957964385
167.83423262830843
166.6561681578955
93.92254483589281
105.86198590669952
40.248983178983224
43.4178195543139
74.23513204366463
111.95983131269614
54.511295658668686
162.92725408652714
67.99931300961656
29.73624056224814
43.80752429315087
23.34054659383484
141.60412027844023
132.0669671149451
130.64725673277354
137.9328990958302
47.62319173892478
92.43640778924556
126.4304133402548
158.16749696798752
146.8039440512571
98.71924722889477
101.84771458517592
12.677866192659348
39.4352647619385
81.35382198688568
96.25768097745535
79.6246484153753
164.39732586694657
72.08253881329141
39.52409348554253
40.88942442342713
29.740028681297403
137.37837174328152
132.54016473968926
154.3346234979789
137.6495577303938
54.332030568451394
90.6041334914453
133.31498540660934
159.0698351491032
142.93497762487442
98.31977191243477
108.26445444672866
10.705061392225302
43.04111065433594
83.42460926393277
96.2673840070219
81.55353616680365
165.85408337074594
69.92276331052447
39.30460142149185
39.14929470519299
32.66417967401091
135.8229246268979
136.95880390920377
158.26663469502253
132.83510304330434
50.36221024438164
132.109076280692
89.31485886621782
157.55431415370145
157.74349481265543
98.50602232626078
108.27152689765221
13.149449093652342
44.20598001862773
77.93439191257589
110.5212731898387
69.40537173356734
165.8008799225443
74.19478488196992
39.094685693273085
45.5051584083023
30.4823303016387
142.3020031638348
134.29776361401514
141.49870969683798
136.81535696773423
47.30263688872197
