123.08726383061574
142.31830814485474
161.9412304806567
160.08334985794167
97.70927607803762
103.51138746324014
32.789666359116524
45.28960267407434
30.25105096150647
116.02270413876738
79.13614717539718
154.43642459894062
35.46581053774301
24.001354888546267
37.22724787498793
16.554305032855535
134.56232191396077
103.99489238382415
148.5164723261358
170.17690948133517
50.62337218639253
123.67598514132891
131.589551604975
163.26074186777268
147.76435579504718
96.88724303415734
105.29662169364713
39.91172780489786
44.79537847381311
30.515318895600863
120.63805536638078
73.5952387471833
155.1174864194592
39.64154268217294
23.595815596770507
41.279029684753915
15.771177360415463
137.49207775124992
103.96086559362234
148.51509869365063
170.30592103276558
51.014349803122805
125.284742226286
137.50737436924794
162.50792597760253
159.60904236225812
97.81427728812542
106.00816876523639
38.93184392801957
46.8933321612106
30.690337149555592
120.26249928106911
76.24405111196278
155.25308288661367
36.93450606315987
24.8287941272294
39.04628638901035
16.361520022663843
134.19532609323952
104.01001168332911
148.2739530169112
170.23701732693905
51.2000660837576
135.38218785076634
79.70260381522215
166.1864285249854
164.14018474674629
92.89822365198307
100.0878313318768
19.44131884314427
36.21100664337429
33.6154668016158
99.58574043566374
81.56692813368585
160.69100352670483
38.1288154972281
14.687789492584917
38.163208607766016
15.262903608949195
142.6387799826526
103.66749346387626
152.76938732985425
171.5883181222794
48.94998907540783
103.6597757298472
120.15904675344834
156.6730367599472
159.60788078976418
90.59976353464658
97.58731720569816
10.990663700429556
33.98517704654911
32.318429531816335
100.55772442675375
85.61048202089378
163.0765619789647
38.0518292414748
16.88039035486847
37.65217770057038
15.877758835999126
139.6839210957428
104.13140745904047
153.48193592218715
169.51766852548607
47.90702880512485
125.42699360514257
133.62523917976603
163.3634728053823
146.68740970632575
95.99212327573886
104.97455772748908
13.70945355502426
44.438028551816245
30.910945704816918
111.10055078929054
82.15985884764201
159.66563661008493
37.485337242674184
19.26226682873212
36.958516773623415
15.419808621718236
137.86859884471687
103.82336018309745
155.52980795825133
170.6175765009719
50.01200053144549
