120.14609116503013
125.9908208033161
167.8784394524692
160.7289242254112
92.55539992447417
71.25293657945956
33.98638786719938
45.08880084591804
86.9662268386161
89.52755151366677
115.23755359655448
159.3117986111599
72.53158455011784
58.70119958477183
34.714854853557945
40.680010001959346
133.41366048763422
143.51411327220129
167.00548173312228
153.40753284503867
57.53438397342904
123.96058718925242
88.16902888439935
158.34509745922708
151.27108430847747
90.80642440914981
81.41899019738335
39.761995800851054
42.95821569111264
86.16596582254203
90.55124438874773
117.98307513048
160.58873396932256
72.45580505795589
60.56336866026975
34.708061928653066
41.023416143782946
134.68500563887318
144.3245078988514
166.21139741705903
141.4062844099879
56.4785344818821
140.01441577699015
86.93916013454871
165.26302450760502
146.55865175716832
87.66272001972932
77.89449223919097
39.58495174765513
45.84049167625305
84.43421514129453
95.55098080720988
118.67270539780667
160.1014852149089
71.79841329069653
61.01789088659709
33.729651253983505
44.123561676871105
136.02275494173236
152.44085522603083
169.9789780534016
142.45399778880736
50.64834191532494
116.78578138643823
132.3037542835131
155.02872024310017
160.85375823849336
97.2638015501996
95.15255769425643
14.158810990748131
31.387135287481286
76.55902918804045
84.8986902124263
84.58743096075413
158.71948024779672
62.8645280801121
46.55175760945511
38.444698115890326
20.28989007919316
134.62093583928325
128.13029077883684
152.39059440131044
175.07077801026497
52.52058234656425
122.05407122158752
100.27475984728625
159.40814047570063
157.0232801855641
97.3515639582524
92.87297418665021
8.041730967214724
32.014379884913964
82.88969668882001
81.08102086009566
101.18502073474589
157.21070997771926
67.53297682236645
48.52451502823956
37.66045061909673
27.870347003709256
133.02430106915966
135.76092585821513
156.8774729912785
169.53187486356293
52.1118491989825
95.42468051397661
109.12048417107533
174.9836961582696
143.8436995527653
95.00475537761639
75.59502445797519
10.64735775666242
34.25003441064703
90.07101221035796
77.47100802766322
95.94105571092487
156.74413777801715
68.32794422953307
50.128477821619775
38.05986618808993
30.589434504794504
133.6782112558805
136.61348698604172
158.754832841184
161.25697897441253
55.30671563827246
