108.94210067343039
103.87462206369707
142.18905396190917
161.8226738636105
91.96384519808053
91.46230330523312
19.199889031346576
10.893127082098022
72.0848825989537
88.20940715814422
168.8030898774282
158.60454199585104
65.51548676901076
28.855348444336688
34.011384407883526
26.588440632711333
135.45595324705934
132.85424854558755
166.29387684132521
127.31347860124964
53.283355162410786
134.08813522787574
108.3799244925893
148.33231356847844
152.90432992116547
86.55993384834557
84.339944457323
5.863162846957589
22.43380751158722
72.64230561935605
91.07533256401408
163.46960151386855
155.40553120016176
66.23941442904918
23.18488989214916
35.051531992390395
27.1757337067258
136.35621853877464
132.69343058355557
165.97838650712467
107.804263502661
53.13849680886364
131.97861474535947
108.85989454893745
151.05868051344285
149.6490240941049
89.03595273950995
78.75361707378421
6.827880653622254
29.194141102288526
72.49507389723229
91.02753256484922
107.81345411435292
158.25266312258168
67.1349433230391
51.503648674680655
38.482691955089955
26.2849942452696
135.51594393526653
133.04775016253177
166.34929361485
167.29419230417867
53.285218856933476
129.70467275866466
123.93646231245157
165.1670793330844
159.04192176141675
96.16211315328152
103.46834597621239
37.672716314994375
42.85155009309854
66.58153763263442
121.02406339043898
139.17129935747616
162.58759491286918
66.48944733996366
34.60458831890063
40.00969145107527
24.119813286836504
136.35998516044214
133.10708961206672
143.3467304395955
127.22941894122316
51.510851565437875
128.53411972562805
131.43769460377297
161.9406300976225
160.78643241651307
96.62119907251504
102.07526962057123
39.283064833906856
41.463999884756255
65.2622235923457
120.95161245470797
146.56145922899915
158.33790126998844
68.81831510402871
33.76892890704512
41.42659312648726
23.589492053313787
141.50575365478124
133.08646022458925
138.93125981161103
127.24557541972406
52.2587043571251
124.43580513622575
136.73416213867478
159.43151225938777
161.3821942012671
95.88033417139172
100.49094582663346
39.079823805395456
39.78262494937313
65.30911488026992
120.00052458689422
158.9808127797439
161.25041679485344
70.01981725936393
33.89207577296231
41.01186961940879
24.189907347334007
141.81729366687856
132.81149124707906
137.56023708689156
127.63537951380881
51.941355712844896
