77.91372784348965
138.13045970062876
161.63084531677453
155.34309542841092
97.03002076594044
107.3230308216171
40.539713260124586
45.70940953045169
73.32867276999761
112.29390971751603
58.44172122622231
162.9687772123003
68.7091233106421
37.097529701279264
42.75541932586194
26.174278633767088
135.61094379518616
141.14122971285101
141.64237244728247
134.38046550358106
46.93070288249889
75.43329814178334
119.8857969389453
161.99330458198978
160.50850762072946
96.35617412858882
109.45793458810002
41.24438584158475
47.18847493154541
73.83555155355549
113.78700732999798
59.051896681944875
161.09483360352525
67.80278368996339
37.104632404547544
41.88431934352334
26.449096519363234
136.2925213661038
143.4533257734163
140.40129054522146
134.3800465738744
46.091443622483645
72.60928283633942
137.7715512073315
166.2529890045496
166.55201564822846
96.51308588496234
106.02164593908047
40.924765009310384
45.893594092650666
73.30843861626347
112.9301702746938
64.02888022511276
162.13259122459598
67.2949794250601
36.803921771566976
41.572989606765205
25.67057903711355
136.16973794541778
142.67008176450008
138.89079641519803
134.38177947803322
46.1607608124884
93.15957711092625
126.2118138869834
155.60400802940532
154.89087849241653
102.93801128012021
99.46454643044424
12.481769038387828
41.69106558606407
78.61813972163313
82.97077930251027
94.99521863446661
163.0076411179498
68.39454443899268
47.30408732759968
38.10092986992843
27.6892845088097
130.76353078803024
134.90964668664103
162.10758433278693
161.536870640705
51.90542464247537
89.94664239246345
133.47253179292284
153.02395810162457
157.3724340097735
106.03223179589432
97.92137044971814
10.99197351010884
42.65539848758939
76.01750128484562
86.93983578232056
86.872784426346
162.01570096669658
68.37188854118546
44.35616554951205
39.810849698360244
25.608500237724513
130.85571753841003
135.76948109260871
155.18662761414387
156.6411156953206
51.014506201026826
88.76269807255859
92.06111721800447
152.54602013418386
168.94786617942603
106.62595324642031
101.73972141531024
15.00553416351157
44.20615332601842
75.08502652702023
88.66234010316816
78.44909179295043
162.42706734169167
69.20948931420561
35.71375804476759
40.89810142884939
25.33150083415436
131.81761834286755
136.73292820220965
153.17963736192237
132.91527249120455
50.1511582943132
