81.02593871526935
136.28767248557298
161.47154158059823
165.10036440884974
92.0361704662973
115.63920863164677
35.81665517339655
42.347511144101496
67.74949827733649
108.98405219634448
87.88179222168817
162.89347639718673
74.6703912145323
42.0621967669115
48.892230350613545
26.45289375539
146.34423901923884
137.82321105533663
137.0055437540692
140.80781408361338
46.088558122077266
78.99137925187098
129.04181255144866
160.34347321777864
166.28321652596128
93.51391511774142
110.91513773173783
36.071652975510055
40.56857236965163
66.92601494969989
109.00047958991277
91.89292528514235
164.41410662239178
74.20084837808379
41.57517178753121
47.12504582771217
26.33796305783869
145.07603132018085
135.6917524631205
139.3447971438807
142.49204698370528
46.575337908471006
75.66147161139675
127.29427591334799
161.85765578810816
163.3016797460137
94.81823047653997
105.23280768752402
35.11892133405974
37.22057862743744
68.52774561567135
109.8522360913961
94.82587694328042
164.14527621713177
75.25273628951616
41.78870036552744
45.68479491394077
27.69544300089391
143.90442347016437
132.3766288762408
138.82737255509488
142.18992624087582
48.81393146858527
94.15746361909177
133.99429128982206
156.542481860955
151.36633082751217
100.00806575615096
104.79522016143282
14.89545038156086
41.4333326412456
76.05074609736711
91.15704250263191
94.75708518439494
163.15565759296763
72.27133176755864
48.82353961141306
41.54842587303229
29.885297811577534
135.378630545477
139.13155599190526
154.91126811503872
154.60269310222628
53.37714730935132
92.12100276152275
82.82730196514406
156.56512177934476
157.80753370533265
101.61099912357719
105.35635604250294
12.545506577516896
42.576368261900406
70.80580415138164
91.38969942912709
95.99936733613019
161.39457943740504
67.73313201746345
40.64050990104757
42.65635199172218
25.193113749797703
136.68372642638718
142.04326915328335
153.4609364986947
143.0292073650004
46.62207749611787
135.28036317755434
90.87310607972516
152.06169526126504
164.10791960164931
100.95733988564314
106.55250176987734
13.511428270967045
42.370728352871254
71.69244097670895
99.46859284200212
93.46377097594348
163.33801742173102
69.35104612811924
41.92187109868759
44.44753055739517
25.816230316909298
139.01496390574718
147.49502570384135
151.5481558099218
143.00777567404623
47.477458688911355
