129.70467275866466
123.93646231245157
165.1670793330844
159.04192176141675
96.16211315328152
103.46834597621239
37.672716314994375
42.85155009309854
66.58153763263442
121.02406339043898
139.17129935747616
162.58759491286918
66.48944733996366
34.60458831890063
40.00969145107527
24.119813286836504
136.35998516044214
133.10708961206672
143.3467304395955
127.22941894122316
51.510851565437875
128.53411972562805
131.43769460377297
161.9406300976225
160.78643241651307
96.62119907251504
102.07526962057123
39.283064833906856
41.463999884756255
65.2622235923457
120.95161245470797
146.56145922899915
158.33790126998844
68.81831510402871
33.76892890704512
41.42659312648726
23.589492053313787
141.50575365478124
133.08646022458925
138.93125981161103
127.24557541972406
52.2587043571251
124.43580513622575
136.73416213867478
159.43151225938777
161.3821942012671
95.88033417139172
100.49094582663346
39.079823805395456
39.78262494937313
65.30911488026992
120.00052458689422
158.9808127797439
161.25041679485344
70.01981725936393
33.89207577296231
41.01186961940879
24.189907347334007
141.81729366687856
132.81149124707906
137.56023708689156
127.63537951380881
51.941355712844896
131.1170140428443
124.9820203733784
163.93766504248805
155.59099922870652
97.18700472722796
101.0678163481894
12.812151034824058
35.083787548480416
69.62192170348551
99.26666097881913
155.49361847950664
159.9662891568725
65.6939329077048
27.618820292309795
38.00193725426816
24.392282934432128
140.47714111441263
133.8658692829215
149.8248698462091
127.05815455702144
51.1526642579885
121.75447226935016
132.838513670218
160.76480300838875
154.39819752618078
98.62736258411093
106.71221344594396
7.966502487555624
39.949534502048316
64.5980071305977
106.0147442639954
149.67565831045104
160.88827345864928
67.62317932773419
29.267322858671175
40.08626404936624
24.38904005219535
142.20630707069662
133.2620496332257
151.03822648865946
127.11697587789531
50.81268466290099
129.8524134611696
94.68499515395914
162.28631371464942
155.00496030247407
95.33214249024036
110.71924446271467
12.958540802987773
42.25442866782318
63.097882303851506
109.99459472353736
142.3464591435201
159.90078489878377
67.75434030130894
30.350990033682645
40.79947152936091
23.63301026417875
141.77047014026726
133.23945767813365
148.37300989728317
127.14251101080245
51.11234878133379
