136.96523255990323
131.78289631738946
164.37190992092638
162.04583964576474
73.61925668671081
84.33058008751568
36.11590171195896
51.59965342879757
67.62018622827108
108.24130888351222
120.234365341763
160.41893382135552
75.52644474694739
66.65315097169521
39.2650947929733
35.239496948082014
141.1253782112319
134.8287770521603
175.44663188476954
164.20598127626894
47.90345175952032
130.79727399192052
131.58498646912406
169.60159658433886
164.77468495878426
71.88896829075624
86.53331309323943
38.31297277386837
49.58983278786762
67.06685458572666
105.59527529001348
120.06129234677685
161.0076080856275
74.29407745513747
64.66998632809096
38.56517907083557
33.92237136838829
141.24231894357797
133.852564057719
174.0992951955113
166.32284948619647
47.885134636978634
131.8561325736678
133.12411677521843
160.54106571413044
166.95455206218028
75.83268782291962
85.02794924069352
39.411532171426245
54.13684241769266
66.72376420767316
103.73961998028791
120.59151306876811
161.89700176664076
73.47806551033536
62.69332308156785
37.843436051563764
33.52610389445008
141.82320119457347
133.4071430602012
174.89367603650598
168.21508016458378
47.96354202279755
110.74412189371962
100.92750972235558
151.99087210827224
156.07915507711027
86.67736071558976
86.40959285630908
10.185987502976872
18.712418113148118
64.20161946147219
95.74054709836716
127.16394151886219
157.3462999883184
73.52080764535921
55.12086202485534
37.35233331888393
34.46892674163734
138.09046004796932
139.2543871801035
165.18394155644006
152.01015062867393
48.41385828689876
107.82821650116821
113.25969492702924
145.13047687889875
140.0395235201371
84.85862350347227
80.83585027815053
6.785627740195095
33.10321091861427
64.40180205178453
95.40887303975417
128.70544981079613
157.42872041793822
74.15445891273224
58.00353111819356
38.777618450718684
34.59792565121843
138.18748861837716
139.01447709538397
165.32603257229817
145.89900482695106
48.22509027020926
97.09576292602719
142.47304354589758
161.2104159997649
154.22300350263615
81.53435136276968
75.65406372984187
13.743705912320658
35.00586855857147
65.37117125621346
100.85143835533819
122.42107647022803
158.68221092281823
72.81746333783197
60.41535341425299
39.85968103227725
30.10488309393445
139.74516280212487
133.6024992960625
166.2332819013863
167.88484702852324
48.686109036805725
