128.21949424178717
131.83334104215427
157.43315248814702
168.95069909722113
93.6627266004693
64.57452847393522
43.29738998423772
39.34932320834164
69.10871158629695
101.48712988804346
124.84116178208822
160.06360563565073
72.48221640242492
60.266755061364755
42.169250835954855
29.217148519462405
137.15839198907972
140.8200263758303
172.85689579636227
172.9380664127448
46.47234277076466
126.04562581026076
132.52646940671434
154.76283100019066
171.2680877416549
97.92175475476175
58.473482379469935
42.789767689257154
37.016562280714574
72.82987056874266
95.48531566416706
122.19009444449796
160.75540377550107
72.30673544624511
58.486378989813986
44.00083866386753
27.679671642098878
136.364302954489
141.92133305824365
172.2477061863087
171.84950199911398
47.08034167452141
126.69590595176406
55.03527370899055
150.97516702398232
124.5478689589247
95.42400970910869
104.53057709424598
35.03167893661886
14.29228075691599
71.96692571437984
94.85665854355412
123.79338970609128
154.2423271611541
71.50527840640105
56.025549499606726
42.92720100820288
27.457221824463275
135.79693456225223
141.73192268359125
167.30254533341332
171.048872914644
47.04964386340081
105.5698048450156
103.93312130512587
156.7877071235826
149.1089108749015
93.71303806059956
89.98960029897249
8.332875798075088
27.383310709855905
64.71966919438198
92.89145834885497
123.19598586868518
159.35886246707983
67.69097255525664
54.912486640676825
38.166220848066935
26.008830291987753
137.4194255395706
131.45162207112458
167.1998248499721
160.91630795185387
48.12059739495998
105.45621934232629
114.45032896343699
160.2144203858634
145.75509011966278
90.50717715833393
82.18647243454508
7.551156085442628
24.69386301683897
65.68087446172171
93.98269498529918
120.23002803423331
159.16864700216524
68.27170416007759
57.48707435119434
38.861349688097185
27.152067682230804
138.35863149029538
131.16347596746832
167.68807876458712
155.33316912406127
47.92055833335363
101.96765800052836
139.02676011952744
171.55049735927605
154.44938472872371
85.80540882980338
79.67471100519498
12.634927514471519
31.495977207907607
70.45884065778009
100.08053010062035
113.84815078126174
160.77411259747316
75.28395141253465
60.732804933751844
39.25100480318638
35.51362050793134
138.15570217961002
141.57532158206527
168.6730970588315
171.7171289799644
48.38181410202162
