80.76329676108449
126.48757502252975
160.9481330995085
157.33363039528953
94.91661424773687
112.28540526280864
42.155141156494835
47.26188359316644
61.335607127091365
115.01677505498225
108.94220561107986
161.86660694081758
77.74998138851184
53.56842674377124
45.85975820047344
25.269090545598164
143.13864704092737
125.29547557322044
134.79989855056888
169.22900847031963
51.04681284455092
77.36246491540071
123.89642072276222
163.6845139504227
155.63614488993332
96.3032807694299
106.56744882908306
42.579465596319345
46.26849430605664
59.60385868069969
112.78295916609616
110.66079766974244
162.7177666414611
73.64736997787584
50.381268001658434
44.57164878050784
23.170982297070495
141.26135234933625
124.81569208081564
138.9924551990014
169.2246569159219
48.249781233750326
74.22457670044687
136.22851225538554
165.20105681955044
165.92732508070858
96.90835102976696
108.88747380629813
41.47244519041471
48.146618037900765
59.19811982296145
114.03796034634229
114.83821999652955
160.2389818371213
73.65913057381889
50.704121664831156
43.62861686574739
23.443275035382914
140.57783538957045
126.35349826646154
136.62021826890586
169.22397985650647
48.53189244329463
93.39833940016257
127.75460842718437
154.34985216062694
146.33543232607045
100.33852044697268
105.78408195052673
13.725632680695247
42.33728914257225
72.01129234947507
93.08499601248204
102.30391030970037
162.3224623679107
73.2103982640014
50.46173547426247
39.47942574808613
25.82024669612643
133.9475578038561
126.26901494218953
160.02268053148654
171.09210996130452
58.04933949476388
91.01734749833135
81.3250085390182
154.84831289428496
155.67536091179878
102.48988218984258
106.19863633590712
11.182584156976493
44.497677432685684
66.11485788787327
96.77536682013819
109.35055132833872
160.92306997294793
73.18746925189811
51.29133163399583
40.62509743751743
25.584184108838283
135.0624714832415
127.39107177792016
158.12088890564024
169.83295593840657
53.064034310302034
90.11058139131242
87.88091041892889
155.89844583070533
157.29496860959608
101.36450081249514
110.55744211890277
14.825120301857597
46.93545715591672
64.7641609395734
104.40810009453739
107.0778259059222
161.92160857441638
78.64854979253327
53.73174481377013
45.71124501108138
26.748678428649853
141.08243664869073
129.48952069264462
150.9625861106363
169.62575056991116
52.418283266728324
