124.5233609472165
134.30605736269354
161.7402092238838
160.94907737503715
95.94663495591003
107.44707607815167
40.34119322072512
46.95898987967656
60.26954431933527
124.93853154351783
142.76000176231955
160.11411438946982
70.71029183603646
37.71201483712782
37.857287355010506
31.08176301124256
133.22334227570312
139.2418319362931
140.58884366211657
118.66919280938258
48.079637135657606
126.22591817157566
133.20673778588326
162.31387183212655
158.66802602910425
97.4121772391015
104.12727380788003
41.14880693240223
47.45175489574524
61.168918816923764
128.41079948265596
146.97904601938166
160.27715049063448
70.55901466113303
37.413218239801814
36.871819077444734
31.53466812259658
132.45805611042093
139.31943255505817
142.5468205178755
118.68574604344299
48.74925745012446
130.0348495170084
133.37508451294678
161.97012482350755
164.301945848553
97.73645203268924
104.80571998604782
41.817299610806536
47.04249768566663
61.23312246848783
129.97711378932388
148.0115984392404
161.62899566041636
71.08291790509998
37.3536453952804
36.22842920782449
32.20090180875667
133.90227339068716
138.9961167291823
138.07330878020431
118.70094093586651
48.08851127942763
105.38662610030146
76.19526016099317
155.04783990023
144.56507591999383
87.66424781381392
96.27311964402337
13.877912436193562
33.130026356289754
61.991179976123
99.22209604725829
169.13929019264936
161.61648209766463
68.63382457467769
28.987792744591122
34.452803166548186
31.532759663282484
141.78311208954216
139.5438102968708
156.10965148723437
118.47858184160934
45.09454343299423
105.19321895083581
134.71434684443946
151.61267571035415
156.00855062715397
90.21823653243369
96.13626870653205
7.8668822005899885
35.04097427153413
61.45735303092633
100.73634161373074
169.6222991396189
160.980135671633
68.59695388728906
30.439012668799407
35.66974229405901
30.469443082846418
139.5395849558537
139.6447450378817
156.74488999163765
118.54544971232092
45.9193218424453
107.3353199910975
127.00746726534233
145.15823946164505
150.3103542909635
82.85195353374078
102.69951030978808
6.828535379386456
39.27874147290786
59.2030813955035
112.64281757521192
157.74850802276242
162.71993739983697
71.70934193440549
32.94343472615503
34.95168507153599
33.925279367864476
141.02823990129596
138.92941409080825
153.06699278413967
118.61501554923682
46.860512689208
