140.01241976104987
75.23044124434382
170.99532826400068
159.49512021577158
96.42634462244554
86.26792770905341
30.16104939772639
18.954645671066547
81.91392112390164
100.84197313088487
117.12567816191087
161.1226362419305
79.01672797552875
65.68377339218698
41.77812990221609
38.84657502770125
135.38870057632698
139.41404735545584
168.42694870986307
147.22357253417957
59.18551223473726
129.34456243829598
132.3885383776111
174.1365095347781
143.59695870110545
86.5008720148854
88.6843118877666
35.36657076765904
15.756434130391767
83.28566493400966
104.76146189773387
119.23935975505526
161.57096086020337
79.07578379354418
66.87471378674609
41.79251280665201
41.82182497106766
135.23589090145163
144.0347232243792
169.4859981146525
149.05678514956261
58.16021678645645
139.84464845360756
131.07975733534485
160.36023216052828
119.19670810477888
96.06228002462468
102.9510596300367
34.8466736018325
15.732006081154957
82.41969192417234
104.4751309286025
120.09519206092895
162.46036087048157
78.16252090585273
68.01527339499084
39.97320509197235
41.94143643949065
135.34275773703354
143.54691764240494
173.95027938723723
143.9536004355934
58.0183199308292
114.54540198218835
101.63422280263099
149.24385104295183
149.10381422113858
90.54473051622288
93.51699313425681
4.447449094654638
25.98351569560793
78.23883839589134
93.63509059309398
112.27636601569917
163.0134343324467
73.94729967589727
54.45378309415628
36.67796083302613
37.26205552030879
133.27424531021327
142.58214574708188
162.67143757089053
157.14358431319405
54.84534709143664
119.89298262589223
153.15888933860876
156.48613597971337
155.53162328000244
89.79004082799173
92.15997280522373
2.591954931175661
24.579694188701737
80.49458082557415
92.47564476645174
115.86201095257812
163.0505581270586
76.3310058861319
58.044449609199425
38.444698176944485
37.501023479132996
134.22453566440927
139.68625878714863
165.06812731842254
155.6686633733612
57.77073347227304
99.47210434318193
88.99325341102767
165.4063052988037
164.0557148337302
89.53638668183656
89.83310022008382
17.839557517662204
15.091312465640673
81.3929278504124
94.65628826476895
116.5759941791726
161.6435594021106
76.61129990317018
60.8244877188283
39.839847511906925
36.0116441641526
133.7726643795736
136.05264517649297
165.78663554195683
150.43008151217612
59.95790091241188
