117.66341267698041
97.48900838382976
148.26642283405172
149.2933830343206
96.26383737961534
109.0733492224869
8.732974325416194
41.37837108879618
78.46146352416817
89.86334096224894
100.87109606091127
162.42776517120168
71.84375829878365
52.38931223866392
39.8423421072368
28.269158959996926
134.23354130412812
131.7677422371272
160.43137929849428
163.1410066922595
57.32292302254796
123.5254996864
102.60724882601765
152.10455579868415
135.1586927724677
97.54577008970877
96.62444654098415
5.744692343467039
43.24269827713468
81.29004769919291
89.4527562397374
98.71744735816132
161.91190115808186
74.44921269063165
53.715654463609205
41.903367968039305
30.113631475107567
134.18494179482045
131.76646500048062
160.8079417322793
162.6917743189804
59.44604615213305
118.47020529286961
123.66325413645113
153.63529247132624
134.3454386044455
95.93059480614545
74.26838128809447
2.1914684349407056
31.50606123984133
81.63122785133066
88.47636747150099
112.35036630814977
161.43712947371415
75.49353312062048
57.28629110028811
42.577064512648754
29.94801353431105
132.92018901486938
129.3848521048303
163.8837208260105
159.6752363435567
60.782462368507424
82.85981528149122
137.04952897380807
162.4562698345655
165.93614502376067
93.19070872824271
114.5159599616679
37.63252662815785
47.329311442535676
67.98263143578
111.82760573090147
97.775315793219
164.4968352758405
80.84076556365767
57.33896878239458
49.49803294535758
28.12468102814525
146.07729700803208
128.39767476728994
133.31331857582404
166.2653876493998
52.9556126427526
78.7784061439011
124.23842990040916
165.63177192902475
158.56862184294238
94.06144962970326
111.28342906331946
40.13483954635474
43.23544819876313
66.28669162739683
113.17794276276645
98.60902138044555
164.0366170846448
80.06432388253765
55.41903925556442
50.00047115213821
24.49151751484333
145.81344395994668
124.0306067637969
131.197884059555
170.0889041382114
54.64664236360805
77.39582712967449
139.21580608228226
165.79560793965413
169.17028822567084
94.64478421127151
113.61440722199946
39.751551468798866
47.60330726553977
67.49654347554936
111.71595024866208
99.82334348917682
164.90173698538197
77.20455989247482
54.73694577420574
46.13344407607328
26.25172760262325
142.58836073060522
125.05834713489777
136.7786932001983
167.77528491823224
53.61214633884012
