133.50188807842017
72.76561222098539
173.61268534670967
150.65211638184968
94.78001106383932
91.0406299703113
26.265059458098836
9.224613742662246
80.3393054094588
90.55596797926866
115.28973111060553
166.1392655215047
79.29426430642711
57.27722456201962
40.4233181586403
33.25900758186943
131.63049400698264
129.10220972136588
155.22739113831233
160.03331297059881
59.63047893619322
122.541946824532
71.94171907952914
161.24222679126532
153.35820106520097
96.5706665316271
89.68141138236908
31.892535461980746
12.397786408525059
80.68286840732739
89.859290455956
116.09262656833673
164.4715650510667
77.97285491719389
58.101064266555284
40.87613576535818
31.93511320839117
132.24251950001013
129.13186144628918
159.80604882405552
153.2150175976894
59.41967241699123
122.25094751671396
62.65532868963656
159.4414366297196
134.68543879630565
103.15103670268732
90.88736085650818
33.328342066594814
12.88519635391742
81.32559326454681
90.08484161709333
118.08547185002851
166.07586260794386
78.29817339747417
58.64415575855837
41.043396183384694
32.56581036029193
132.3356034911176
128.7441272401062
162.06009929318446
156.0378635285124
59.780412730721395
121.10703097549117
133.1098850791555
150.9244919274057
153.49730703283097
99.78989411744924
95.85474365963476
10.178285261387508
37.697286942835355
77.49832594504296
91.3713379673129
101.083356151856
162.83878107678902
73.82481790854538
50.210670859051405
38.3224557969093
27.96141873511897
127.65189266547928
128.5848165475288
155.80991036217875
167.81848635227044
59.38540104337696
118.6381545373797
136.7830715997622
151.53671945588448
148.0548873626696
98.568348748883
96.47630975105194
8.834172909700932
39.37948999799408
78.56695547499426
91.7791467154053
113.78643132653994
164.79709229728627
73.86610749688671
53.15713270208039
38.89310620516268
27.570243351158446
129.1057943616573
126.47110089320377
153.9851981097952
165.01609707798985
59.771331428226226
91.81493713813121
129.560889728032
164.55827163884888
140.67859899599873
98.57752738206165
102.17450773914234
11.46569042594085
45.56509054813787
80.21977067265364
87.6146200973701
110.63430667820707
164.49332881768322
74.89541569821772
53.83953817343944
38.33193451991494
30.30470139219244
129.37925331768903
128.84804748272722
152.36586714714988
164.45594072420533
58.848476031151584
