135.595344110935
130.4947216340604
164.41865603503095
148.03988673350622
94.0345575657866
111.06849478104073
47.16006609624511
53.55713135040524
44.711073700818936
128.66597995319256
136.8772522063799
160.5599212863096
43.21099391649524
31.010639930334655
32.96033404371661
11.684536387685736
133.02244936494765
99.92194051509424
146.7415315366837
156.32200932239488
55.05357687045913
77.74896642784897
132.1950878991654
163.98577392127453
159.74508364673088
96.69079213569296
111.79116309552312
47.30583439777294
56.635185331578086
42.04115161523501
121.00945743755335
134.39596906769938
161.85515326860622
42.028957181264595
30.543818752753477
32.64706439565468
12.359483697930724
128.36002072934073
100.02179274584073
156.23798443796028
156.47749144857406
54.72588077527486
76.5707015748043
123.21558320320773
166.71473039765849
153.7261111030204
96.4499006812987
108.05066689306678
47.81589437547288
53.54526395642807
44.22766494660354
121.35500167341817
134.79478000628737
161.510207158402
42.47337706061932
29.001883510187763
31.471087613464345
11.674410597945792
130.5684553476665
99.93702412791161
152.6987126537339
156.4136618414551
55.08414075825062
127.21988253663254
126.62954438754466
168.5492572715787
138.9170828746533
86.93891200465967
98.5480577562188
12.277101266790826
40.3362876677945
49.168204550134945
112.14784224141694
116.57827959911123
162.30995534948931
46.735880817731655
18.18867862185743
34.802710961672936
10.952605840999102
141.96808695251164
99.42853410597587
152.43401827760337
173.14470950288504
54.32706712801195
130.14250385623157
135.40645717902788
173.90021480519025
159.0243652733839
81.53111858322136
99.15420934696489
11.858674080342825
36.590276327852834
48.322621495414474
111.32326439022772
126.82397751552575
161.41155286771868
42.72149608410399
20.451078090095105
30.78095453500475
9.68465124543187
136.48857482368192
99.93376347749319
161.65448929981955
170.97624439485529
54.62192867523962
126.60811096372117
135.26138541693146
163.55463638960921
139.88272553383217
86.94042324916178
104.68969275729047
12.340100068654355
45.64675996729615
44.781284699743715
113.9301011017805
119.13222467424521
158.24450108145933
42.68828529462984
22.36012634129187
32.34037482148922
11.239177460431128
135.30669716042274
99.9216540566033
162.715418641429
169.30536699205967
54.86722088982647
