129.17647678433644
157.10655753751524
120.47552223466188
123.75159944326924
72.23371940035948
88.11558843419077
12.654792167640789
48.27822323133289
68.04622622032359
90.79793114217259
158.76160366724284
164.1166492931131
61.87725127462759
22.483636508984223
31.156313114444828
30.776995551067753
135.3527808217799
146.91653895896667
161.16328327104483
110.96392398198134
45.05623601680246
128.71911174992823
141.47308232764817
119.4613989531803
130.55507104793907
70.11243398854162
84.92427323465478
11.659048171803198
45.76326465299713
67.11419140023806
91.28941395777838
151.9032372383134
164.431726958023
62.16578326197957
22.72156880410612
31.616931301898447
30.695329277451403
134.75500007016416
146.93835655324818
160.9550478993402
110.98962440849714
45.11436197863508
128.07373133342804
115.0442598626279
119.22297821136031
142.7711321574739
73.4198965088588
80.88217054488288
10.937367718559958
37.25024036182077
66.69097008089956
93.27670117699763
146.77570542544242
163.84222237337542
62.90655428001121
28.059912377529404
33.95762656578012
29.624252238374872
135.15589763357806
147.20553508483954
162.77790626796175
123.72568682948716
45.32449601260188
116.9556709219306
128.81407626215437
171.07788018284683
166.14682822122114
82.00057411385787
76.46557208679747
44.32577711055404
50.74512419460743
79.03886191708348
88.854170030505
101.61673216726278
158.96146833700496
68.0301604334453
52.06212616179155
31.487986098391872
38.038230871010796
135.35328360821444
147.73847663647172
165.3443294485151
171.54411899304745
47.29224393786977
116.42154485083408
125.8451715891845
161.2695711105761
168.05681556724687
83.28381728838066
80.44862333219375
43.55425153249265
43.869328070456795
80.67849114303962
88.68107947927832
98.8421192871421
159.7061958511021
67.78703011509305
50.50004271796111
33.179627603519634
36.86108170280563
135.41726329761
147.92386734042023
165.22277524072078
170.16870534657392
48.24878420839357
118.86786164791387
77.99698547130384
157.15955433251727
147.2233975680052
69.56588308278363
69.3767359699158
43.76062822044913
41.17937717021412
72.5982634028398
98.97234510944152
107.40292825651804
161.3015570196531
68.36623597471248
46.4088049749365
32.009885332974555
36.65049248012912
136.4494758188988
147.29699241837181
159.36062535503967
164.4082939724985
46.78953836379025
