124.13221255702007
94.08982285473465
158.6672008877172
149.45797874259438
94.34802937343376
68.59184098930193
37.886020782902065
41.31426134283433
92.88923090721619
98.09756249399574
112.7488798288512
157.84682057384728
69.88887979030328
64.19758777793734
42.308364468772524
35.28016483063078
130.31553388413354
151.68669836954018
172.70787542116904
138.67608101368813
48.164473486807665
142.2643224788653
134.13092414668552
169.6899514359245
168.38901548411383
85.42118555656033
65.56622533568515
40.97281102329579
47.96222838691171
90.89963959343083
100.66938135770512
114.94997510086763
159.31204655562536
68.97302977865515
63.00796420773232
40.479261422854776
34.70708406416897
129.48848600750958
151.28755771323094
176.6383224321374
142.11886132599983
48.08151644734955
118.90042212686207
145.5705907056914
172.45203171539737
161.70969460517972
90.8708517125183
53.06894533688625
42.068216887037714
49.95257634225318
91.46739117264669
95.86123480761222
114.96325239687744
157.1466174160139
67.82767691267507
60.73538608941343
42.71092016955861
33.49696424460564
131.70680764980173
151.98630812522254
171.0414560008401
145.4633541366632
46.66594074431865
123.87403007324755
132.11795521237215
145.9497004469675
162.97354658381457
94.49651693377359
74.17034786380111
7.357731154218037
28.7714979087529
81.84471547012483
91.2015879671232
102.57419694248175
155.63022898997218
67.80532957654619
49.431206073914986
38.61366986004433
31.93492562799627
131.787147938301
142.87581821928032
160.92027191190695
150.63763521119589
49.22342682085306
113.67564522967523
148.1882028639159
149.0870186199711
156.27846389552968
92.3880591614999
76.07034646260786
1.702352049468017
33.397844516648675
86.55845793444331
83.65839296634208
103.81460909711696
157.09615946720544
63.57628336563112
51.14976831157709
34.93634765883782
32.880675555741774
130.4471445548735
142.18714668640516
167.54771598582585
145.60279871015643
47.91753613777533
130.79638551256247
132.97268311240325
153.56417049657568
159.2611560998953
89.81413792041617
79.65324192374837
9.848917703231812
34.851413158196124
91.77559011502005
86.38393625380131
99.20711137215362
156.54586327720227
66.72002237086592
53.05476817811359
36.931199389330494
35.83120917763609
132.43611813575203
151.64933642750074
165.28194946307818
158.68907551855116
47.70814241478891
