134.430176989453
93.99337505309549
177.00066438816924
150.89882287099573
91.61645395591728
67.94045125483044
34.32436985612717
40.118224184754176
87.04006610516605
94.55360081038397
117.11866594240661
160.9816244898519
73.90168827936118
61.62546527916254
39.71702788878254
35.462495956203476
134.08237344040108
139.95203755460028
166.11500037036237
133.46686841927436
55.393743953586714
128.1769049311565
85.56687650088891
177.3150667545219
159.90419350018664
90.52608078290238
68.02576090810236
36.862862679398084
39.78456483517667
87.84114101853895
94.67253551052173
118.28866937224832
161.83921238210766
74.99157913683258
62.775419343647094
39.790373266015685
38.17422624013478
134.36902876570343
141.6030873602074
165.52822034966047
134.70465698285395
56.48418777925476
135.88167096813697
86.6698190408983
165.40753778678254
151.85655464828332
91.46384442468225
65.08761695934727
37.31900825367056
38.38571926290375
85.38495404580917
95.31661582923982
122.7599168397175
162.54376170726673
74.33909461582945
62.63243489728584
39.68577062932562
36.651284507368125
135.01347827071498
141.12553324938756
169.6920318049257
134.58522315386065
55.84858456307231
125.52752081049016
100.25351674222625
144.80013646040584
143.79577652709327
95.4142211340304
96.22788261200984
6.405284780549362
38.12556633470118
84.47073616703241
86.90504748045862
91.43129002304147
161.8869065796123
66.00689584429527
46.901155890433564
36.99268174883631
25.672164257409428
129.99004919155894
128.99711495156055
161.6128576027531
162.33060823044167
56.07483312754374
111.00266928137026
119.33091962594845
149.89453639071908
138.49674621131123
96.3479891491906
72.53400887495984
0.6421112467516799
32.919856823118366
85.67978743823821
85.60595718944809
97.41528375722642
160.9419610755985
68.91955727712222
49.29072519624806
37.17385394251915
28.929883548362202
130.05079719848817
131.377852182711
162.9106813551568
151.80467007666877
57.24705217044636
126.33004190280982
103.7837388137682
157.3727263213751
143.95190474501868
92.38350488356613
65.38436404130553
16.334647569274985
36.40483887236713
82.27778064964666
88.54064668107108
106.09763095591329
163.39406662194827
72.17774106403525
53.37489433948342
37.02755525010203
32.86235423328381
130.73710666107036
135.13681216844017
164.93360182632617
148.43064622440025
57.46558599362324
