117.83006773090565
134.38497568220066
146.7332063419322
148.28907438847267
100.60597880506567
98.42808912366587
8.79003746518002
38.155642500961456
77.7839984783343
84.47368124070006
102.162726047181
164.50178960771476
70.69536461124008
50.22601063811678
38.356356471475785
25.89355768615566
131.49319996147682
124.71154525914079
165.120243012988
170.61828756871614
59.684494172590206
119.40447749780245
103.48304936729045
150.9057952572293
136.00788886890362
98.14417211663188
102.3314877127485
4.929518970471962
43.73308775261762
80.12488262734449
85.44647206295
98.08284198891045
165.3103907645845
72.54467601009311
51.75464263391296
38.84129754084576
28.981547327101005
131.00018909743238
128.15526135929042
163.89030245297596
166.5585375546565
59.654409020674045
96.00617823581995
109.43372502787012
168.74069603286392
130.52095020024868
98.05397572002406
104.69843934641679
4.75794823787041
46.89306163072877
81.83785306271886
86.10321223993641
109.00613127329952
164.74826779945434
73.2726222624205
55.04388272083566
39.10200964806655
30.96617580183227
131.67160524978704
130.22483745859466
163.66802422212575
160.9649479895371
59.6090692433507
82.45794638543292
123.13906016052707
168.12354871806886
157.19447917641008
95.66733370676654
106.51658370910103
36.799827069687154
41.1817582802637
68.57202067382563
103.42594761475438
93.09156618878532
164.15027181086458
79.83956952235316
45.59721653654364
46.13966286882581
28.249913609417113
139.2591677625251
127.36068451697878
143.65737373978837
145.51603820137956
55.02628951108374
78.75882894306173
125.33361447245807
170.07367220395506
160.76435002118893
94.60505054172768
105.6856957647296
37.436562593531264
38.70182317460295
69.09799364607512
104.08049463224741
94.46666826838803
165.08721208840396
80.18392948159601
46.43739731656633
45.340222950524904
30.834207692808544
140.56295800371345
131.25153603589186
144.1661967136477
144.67056966247233
52.98750519756724
76.43905324369696
121.3923939060195
172.5244605822325
165.06459429031995
93.28828520859891
106.07457442878008
37.40479752586871
40.28776069898807
69.41658768813747
105.0988892822078
86.85316983744588
164.65104597596886
76.8459043329065
42.68756429785958
45.23188274738688
27.365494444394848
140.85237648808655
131.3574554798889
143.43573562900983
144.85323535045956
53.70721859674234
