126.86281957349665
125.54885367649632
163.858897612428
155.05736352609213
94.00436501051155
108.26889255552693
35.536357275891774
41.92264154841367
77.83818265471251
116.03225586918623
57.7783559289118
161.22886155079252
73.41713943144526
36.962444530566636
47.306099765377965
31.539959081627504
142.12149268985326
141.30381476557656
137.87773103748927
117.85123312011791
46.613383493962374
127.46149059774515
142.6251046981726
161.2914446618775
158.13828285273476
95.52944573362534
105.91871052853938
37.262633028598614
40.53878785284868
75.31513335514033
117.01667674714072
62.80420133798291
164.26014956080184
70.69580312165836
37.48547995157686
44.9444831558457
31.236881463010924
136.86974584835963
141.4277076660842
152.45435006428858
117.86038609990975
45.16349723115069
131.57702293917282
140.78360564236175
162.31550614026418
167.13620549771372
94.76932985949777
109.40915961527615
37.38437468052098
43.02790658937475
80.44527794669347
118.47068541424628
63.615034918262985
163.7543335450491
70.84364378090943
38.16856008686187
46.24940342872733
32.03324446262237
139.86612805285418
141.28185102947893
139.0381877662053
117.87642971435874
46.208518505824365
133.20021935016578
77.65538592489153
161.60082363973925
152.57342866090553
98.39508008028865
95.55558893385485
13.93942064396735
36.612244136780845
76.20289253561621
100.8427778015331
72.7912704024339
160.32884599088604
66.12429987824494
27.99354309536198
40.18342064084262
29.04605697056351
140.70273626394115
142.66144403272176
154.3578651498001
117.48931612798263
42.349044937976835
127.29453184635643
129.92630228923642
162.26741084883966
158.83009599841085
98.50582759764123
99.8076675692383
8.63166915550389
37.564650518127166
75.54953725585504
98.11410035889213
77.70687353763701
160.43360080185815
66.67673493844356
27.56414140564527
40.74574756076312
29.39254477413868
141.8086763748647
141.7847717206507
155.11766923442218
117.65083050131105
42.76019110045525
126.19905788924983
134.65625063122548
162.59159368383033
152.49330234575447
98.2574359304953
107.26220974653631
11.095039263560844
41.936486928595436
75.07990226352507
102.65629824470341
82.89656566847817
156.96866090336727
67.71261218074552
30.213755725127413
41.47711410066126
30.238087445639742
140.79900335382052
141.25429142590892
154.5603333581996
117.75993656220643
45.063270864162874
