127.78254435813218
153.86664934897937
172.12744451463462
163.1510870760742
78.70400907222205
89.86787203748129
30.442075837917933
43.81749744618527
77.90654222216972
100.48818731724886
103.84822453616023
162.1043576002716
73.18310690285693
59.813839482633064
34.24698425689674
42.787054136257076
138.51267862557646
149.7035875732701
167.65217274560084
165.0786769403476
47.05508870173589
141.43685136309867
147.06038286122356
173.43627770790022
164.41127312092223
73.75052563669402
90.93382912472006
35.699496386893074
43.85791737748063
75.68446625560986
99.16248724332789
106.37455994724436
161.91528698689783
72.80179259074166
59.46015965622004
32.79316123511355
43.1297518687935
136.90792969467643
149.44537546452895
167.6141181809515
161.51250755191273
46.63723608405147
142.86656004041237
95.78721261137895
174.4847254521455
141.85622279371506
82.80755977515601
76.77760047613643
37.71965355190275
48.01767007962371
74.82051189195472
100.89806515336659
115.70212815120837
160.35764463627794
73.08018929721851
59.99992303675629
38.701396563110634
37.98419327538054
138.46750297691477
153.06738519187658
166.4758200081418
166.31049639901184
46.212075016518874
87.97988012367156
136.89623238594976
148.50534879310618
148.94851364696802
90.66677761763728
71.10048035980516
9.071526482988235
30.819060163292065
68.92004318232462
92.83053564300897
118.90759613910559
160.68714390868632
71.47847685526158
51.43388982659327
37.26516838216345
38.01915214974354
136.9881907050385
141.57795508077157
161.57223018739083
151.22001592502224
45.97479198687548
94.53078624548297
117.58059352963853
148.18938534322317
133.05421905323766
86.55990651308096
76.5221487901184
6.45909698428956
35.914641107548036
70.00779413410459
92.54863217373249
117.38827959716144
160.85452170365204
71.4226798327776
54.03766170458665
36.23633164232701
39.212083338900364
136.93875609280317
141.4585195951995
165.5558662602224
152.17980738406453
46.702397898252954
94.54439403247895
117.4380350395573
158.14958408259128
132.7995909571684
81.51044760216865
79.24551655958133
7.36186031094188
38.36530142472316
70.65470014611321
97.99751197639965
112.86436135952907
161.12756048217125
71.59245661326841
56.860462313212665
35.21845883357608
40.89030668940444
138.15454775834817
140.94293311870257
166.54892260091802
149.98364491084146
46.246196248301125
