131.32602469978818
131.6738811302445
158.436836439308
156.7484444650599
92.20169070079044
121.41917814301948
36.576129668470216
43.27628969055385
77.56737500869964
115.32921793125041
46.8617677747993
158.0728936775937
67.66197276020314
31.159953819738348
39.314700008051375
27.126051091475723
137.9853298138297
131.58163319406057
145.6365016892775
127.92830201718385
54.931068477816495
129.74920080082026
129.83896199610433
159.0029868846538
154.32773075211665
93.42149200232285
114.65964054600902
38.92330555434783
41.8621392252748
75.87808095493699
116.53630590974184
74.68401227645084
161.3787333306123
67.62943909389585
32.29144989178408
38.8798327543538
25.639898909295248
136.70966400694323
131.3640251906232
146.13479746985695
128.06743103996877
55.23768654403343
133.18827272999894
143.032018571485
159.9320929999307
162.12590043683872
92.89861398640933
116.25796149004195
39.08324525936883
42.02935561122881
78.10889297684334
111.63497344447322
49.55170114055525
164.29685550775662
68.74466069481961
31.528792916168857
39.724742691410235
26.59342439558235
138.07239981778085
131.49902438425005
136.8648077779035
128.02073467219216
54.7210866271798
134.0707690592952
158.86386429906642
159.6681282325547
147.5111503321464
97.70891404740746
101.24431840352366
7.206991543121688
33.58443786787305
78.64440105431379
97.657869009316
17.185238942380533
158.01027941352945
64.06752646308071
27.65773120498171
36.88221104347394
24.413101847463643
136.66284907222112
132.46471751937443
153.51051590200757
133.75546592004736
54.26149268081962
135.64296558353
137.49762617384087
160.22483034122223
156.2444310994282
95.99211028066655
104.75052159082453
6.784549493030107
35.32287331094014
78.23146532953255
102.40419192667716
14.190180569964403
157.09106517493626
64.26893181258521
28.377649109847475
37.03409593731891
25.0348937648052
138.23575421523356
132.24347190310934
150.9942451967929
132.3348764265385
54.20950605855136
131.06142707270234
142.66959712880544
159.9541657059255
160.30523321835486
94.26351879349463
112.16236158242906
14.59391720243248
38.251028443822904
76.98613940436996
105.74169952742508
63.260290555805184
155.83531977627766
65.05974832620278
27.219812367310897
37.47628769692068
25.547216836933035
137.7717420834127
132.01764383276856
148.79640336423378
128.4618586692953
55.27995292243915
