137.49774783745994
131.07248395885549
143.426614099042
159.5486690775788
88.98395314285743
78.29175866512539
43.78572694716316
39.03562240783678
82.69626660813378
98.92559223218598
113.71041245234525
155.3443094814884
62.60359727274948
31.061922657830856
37.43972457065245
25.319953376380937
132.08271684592262
130.7855923106133
168.1499885889099
131.10291146236975
55.679092972515676
137.58090784647482
145.48964078145457
171.94749429787976
118.78550550124166
79.55850009838034
121.11406284342667
51.48487283738852
15.340644113970688
81.55426007358484
101.70552608793356
117.93028692883199
159.2561476711757
62.350200506066656
30.20443716244247
34.67381708092932
26.833304664184066
130.01674484464996
130.46190366293663
169.57607003896675
131.101022770311
55.53572438408194
132.87361810379022
51.52425976729932
169.98848739648054
123.50292853059749
75.54708401154815
112.96687148130628
50.017858184525984
9.448145416407153
82.38685925085564
100.84594388574283
105.12798403347577
161.54290825728447
61.69907322983692
30.448627446847404
32.87995734002775
27.67475402139692
130.19909421716366
130.4013895935849
175.073925171642
131.10132389668397
55.258361392742025
121.68708869417846
144.34139521021999
150.65981547240852
156.31692036582066
90.6854830197405
81.11486349495684
7.652354924325447
29.091093030914966
84.96139752159452
84.86691484506655
61.985335530353574
161.3360374933342
64.94036523756918
28.516882251560833
35.979084068242194
28.95457756389487
134.79861377497042
131.41163294461887
160.07467273348567
130.84097947699735
55.007507740969494
127.73736390092454
146.98891199478427
147.6986541700728
154.8179747877069
85.23001659566448
106.5163163957518
5.350262666502816
38.743313206137586
82.8871800916556
92.53411212269596
75.84356338464163
154.9439461734038
65.12147351566516
30.37561335818439
36.52844350671645
27.875169385413308
134.01704011495846
131.16938269248172
160.26962313585113
131.03684839224445
56.182247027413695
95.50038834402446
104.32910675013129
159.64330610668134
146.0885647997606
79.03413659817019
111.96851284231437
16.12302936944973
43.12865889225867
82.14790671503755
96.83048095251266
86.78081593238291
158.8305830389692
64.75903430884274
31.24546363389378
36.12699368050966
28.042928606493167
133.50645694265998
130.73392422564598
161.52850151882066
131.0866268937107
55.26788762255823
