134.7986149388859
101.94437311833205
175.40853983778698
143.29820724752256
87.54292706133931
81.47728704187433
31.09187530585512
43.91395749270834
97.91212389825426
96.00173430114025
99.56511328872624
160.80001371991688
69.12079453625152
58.605048315792395
37.77225280844799
35.12755486289835
132.3878980766015
126.5496667893517
162.72168935849038
162.90911153926263
59.59659271812366
139.4163777218386
134.63972178386064
173.2263190497731
161.78648447422128
84.5019757562473
78.85691810500684
38.433371386763696
45.553145218175324
95.18732599638194
96.1468526451017
106.80141979229741
159.64556381377352
69.20717791082068
59.154201495056824
36.90870633069345
35.177746696369034
132.60563903373267
126.76665728139166
167.78544719282016
158.88585524628022
59.56731073188152
139.4622924041896
91.70669994419828
168.24458725649984
148.87499278081265
86.34753140041536
79.70834574180856
38.472807148143616
43.12128418314309
96.7703242535199
98.45924288403886
104.36802325721295
158.80259250882875
70.64878124549713
59.20608378829464
38.394183892681525
36.78801946648917
133.7286640921489
126.32948043918293
164.26995663374078
165.6581194800254
59.229570599972405
114.50548396407929
114.37903054557962
147.24252799138657
151.7267698728803
91.94915040346811
88.0152848896536
19.839552940541616
16.608478003409886
88.27534655967837
92.31875324951531
126.61560153081045
156.015544013404
66.52907756393077
22.508683062116997
35.182916340868594
31.160525132303338
134.07012578976943
129.6859766647246
163.87340706274253
107.90658013420051
59.537694671326996
111.54137184143178
136.5021630089258
152.151845492805
157.7343687159568
88.68216130726672
86.12238035437727
4.887755474561688
29.23983655535184
88.90210687783717
91.90633770850337
92.31656745419097
160.10752599820194
66.81252694675061
47.555564281822356
35.375466661222994
31.844061169726007
134.7250421455628
129.46310631924737
165.31118701269878
162.32890904346104
59.1289148681209
116.35804938307741
110.60233142795083
150.2857712341085
141.9963733739616
88.42326629043079
80.86285668764448
3.7194816726822113
33.462522107580504
92.08476643733724
86.54449982646754
94.1257948107156
160.77519387029008
65.0717989185591
49.7905538764863
33.79673097416303
32.452732005407846
132.55817992052857
129.49330083995392
169.52089846133813
155.36780589050937
59.50068129079612
