113.71865536558886
143.47428913384215
143.14428499867972
139.66283024878018
96.46980836357493
100.17080843473927
15.799831538770745
48.599917730192956
76.6469856249038
87.12000607477222
88.81816036557704
163.57006551531273
62.08623835243377
45.109960501791655
38.42856657979525
22.0224027798193
132.6820918621869
139.00869191148908
156.21464023105852
177.84133773764074
47.51630607119336
123.13538356790632
133.44339829381605
143.85756053730915
131.60052864264415
91.23877095769798
104.46521646026818
9.324009279292335
47.24160849968471
85.46135778307489
86.14528903907852
95.23863459813263
166.04043679704654
68.37843519306836
47.704962208793646
35.46577132912945
33.8299702769829
131.696092182957
139.50419038762635
161.38400894942959
158.48201648811633
51.94265721460043
92.94201368005274
127.91945752496156
162.52248952012272
159.1271809943436
92.28393416547144
74.72248220546292
14.262982996816268
34.7220242469136
86.47982478396271
89.0535827125901
103.56310401468119
165.36918961880096
72.85514875398451
54.91387674181082
39.51056574586721
33.134699272411815
131.8387579760879
129.99345057085256
161.79453086208196
153.9387879683816
58.974542499276865
75.81549210678975
139.140567502832
166.97972218446424
168.1130233779814
96.05557978478312
110.49084840891817
39.80327232041465
45.17626310381144
75.03423966675044
114.889660343737
92.37107708210311
163.7454252480854
68.50156983818499
51.57434664528511
43.214875237884975
24.33934711649913
140.193952729645
137.70838843880455
127.44591677255126
177.86975204175843
48.79801831035097
73.62425062044129
114.11007671259345
167.659542168548
162.29224096462846
96.93572429384619
106.77830435544458
39.97297888523957
44.18945756531635
74.19246154997022
114.72621627437145
93.16961085367997
163.26121839450516
67.5087228086407
50.43443153846217
41.88854129810009
24.08467744344158
138.99850040237698
137.80326215077574
128.0889016102343
177.86667389375097
47.2510423943726
69.00579532701947
111.25645259438936
168.95226284849204
161.21275813875383
92.94464776617033
105.89289816321565
37.95872753312193
37.868506493721725
74.897404525563
106.36321990826698
93.21931686910266
163.41965890182587
66.48458486660026
47.85032393687853
40.86640324017563
24.329866461367192
138.8905589832416
138.1238161877386
132.84735838189258
177.86298571947827
47.56305348884685
