125.81286221892168
101.63988778974614
174.9297250969556
148.65577272086435
80.854589026119
97.59276221627472
26.131883082631145
39.06285497321682
100.2348718780083
97.50240684397214
101.11262525985164
161.5727058250799
72.6983060543574
65.917409672143
39.64124550492492
41.02445857693304
134.1955886322661
132.1022741280801
165.19380120694706
153.93944313100036
57.88267970451085
134.22010660358228
96.21147534531279
168.33421850107428
150.51940736022996
83.21077360642614
95.52724677072314
31.65536082819119
38.50075352441526
97.35068702450107
98.87407408450731
111.92663743086015
159.15669080385652
73.97778437826058
70.08229807276392
45.30630990708216
37.331150964345994
133.97077318160413
132.45078808071602
167.20067367207025
144.5894383218305
58.011450698515404
144.52074323109917
95.91246496898933
176.80393453029978
149.88131761661433
83.85870612041445
93.84261520080284
33.39820067578029
44.26281745899983
95.91960217598032
99.0288634233694
113.18579012987648
159.88972124182513
75.56050665072095
71.30592098652858
45.63880198804228
38.92488178994533
133.66472614136623
134.64278997151487
168.68034392054045
144.93102988149872
57.53945780611014
121.18045041791312
109.1040560388537
156.57976285245573
149.48055262473451
94.93513776873188
77.1408331754963
8.886651702128203
25.86911615387117
86.2465433558518
83.96050877039004
100.16831513552265
153.00428799572856
66.29606579840569
47.74351954588704
37.14631718641267
28.94031839027846
132.44814652360185
131.45498305437548
159.95038546116953
141.72956937666572
58.29580536012641
121.45240992515146
152.80326503616521
157.28854509576792
160.60329285753735
87.75218176781347
90.56092880226434
6.008985725082923
34.04508679873501
95.5329009898711
84.06488546093233
95.88547970570522
159.94994222105328
66.53997386637705
52.934519683788906
32.92111040935102
35.09490441160823
131.34377448483062
132.91266862738058
171.1900237515932
168.27341006594347
58.06499323880967
98.55322979664528
136.33482283462754
167.70492220493452
153.47777461307436
85.28418368948445
88.30974683861737
14.765961620434497
37.37076332158967
97.31314645820316
88.81323862261368
97.36876453686375
160.6712608829195
68.13184619921894
57.15534865176495
34.54327525246584
36.810013406827785
133.0277628654731
132.34720023938823
168.0412362853767
160.5727802953539
58.2127498546514
