130.28634491949109
139.89026416721944
162.85637778779184
154.21132743557234
96.09585858056025
105.61106507738748
40.281040238376875
42.449359508350994
74.99064310674657
119.91307620144923
38.36885816582291
163.0708045265154
67.59243291255918
39.376638985287855
46.36684538712522
27.738194958177594
132.5369742678064
139.2307223532486
153.47677751227897
123.75423714156554
50.204097521116374
133.0404839339683
136.4856654556803
161.17003883065382
158.8308924736312
97.433264326589
108.21238764077991
41.73341643700333
43.72699782636011
76.37566677564683
123.81483555841227
40.95213798495992
162.44615758620813
69.50994292322797
41.64522600788209
46.739775220069426
28.18088071248243
135.25476806231944
138.99588756634768
138.33108612134254
123.78638930740247
51.17199514836193
137.9227176077757
135.72924419991975
159.1705916444023
161.36161028157696
96.36350249817139
109.18113859258365
42.345939629798856
45.59312966671015
76.41264704531093
124.11221273268717
48.17741332392865
162.09519307039085
69.97990899220669
42.424290169109575
46.08234277053698
27.733745948423884
140.5212530851374
139.02090663862464
130.0763326464735
123.78825482890818
50.2214661584993
133.53622217111808
89.35221340252689
161.96852507259516
163.57580519488013
98.68421268598516
93.78095846974514
10.104168870512256
33.99318470605898
75.67909931241203
99.98173376208696
86.63502716398287
163.27877219769394
62.12046382402428
39.28915532804444
36.78044365989519
25.48186347961415
136.77697070644714
139.56816460089365
154.67710749692858
160.35945207268654
47.233593146961006
96.42597485316838
135.3678934520978
160.77061907976108
154.528883405323
97.01335830529243
104.53175705784606
8.978087997535503
38.288445074088365
74.08334686799013
102.97443518176561
69.59200583011902
162.7522514661534
63.0449506197335
27.677507419741612
38.30482735788264
27.15155515107649
135.15117245825095
138.98237002449827
156.138201584339
123.8191593758888
48.700911204752295
132.75039960682207
143.02990340491996
161.65307217663607
162.08810560811645
95.63530094945334
107.71219355015268
16.04730786650096
40.68055031117572
74.1731253461933
111.53675389036634
64.4441425106968
163.54988358042365
63.54989790290637
31.51346619685235
39.07189835186427
26.80136853960458
135.1748028335674
139.2024613030331
151.8205855640606
123.67328623456869
48.52406811867824
