138.66381488547304
132.4661671964932
162.1349555994372
167.57457405908403
65.7341437846618
83.47068693978628
45.543212663387855
53.38942904296319
84.34576090262314
112.40515703134157
113.26873017910498
162.09697430898655
67.93624721246023
66.77535723776263
34.90790657554785
38.2925964635024
131.42708495534202
137.45400399933905
173.71149690921865
119.07259542730752
48.8155789439969
128.24043938019636
131.80779219826368
156.66993450891047
162.00507243734137
67.32259774444894
79.22405305912915
46.01491551798853
57.12585512314891
84.36700821675461
111.34694121219836
114.842388346187
163.6135221933054
67.49309585427677
65.73368631660256
34.29642327967371
37.46937415423934
131.5609087184039
138.14316861802664
171.95327549495823
123.06571089429808
47.83716473985501
137.49003610840484
87.35907037168832
155.36203583668186
146.8666727696057
63.78668136927449
73.31139790372933
47.66459327837974
61.15967842638483
82.4234910024188
106.76945877046687
115.5456315764426
163.50612770116612
65.86158782777333
62.9623407231448
31.495844737714776
35.88928913031978
130.15603095744495
136.51942156198075
174.8033860330547
126.7797911991892
47.842126734086925
131.58899569822208
130.14211578275248
143.42749371553077
173.0745002319999
99.05308044390584
80.25237193674074
9.521272065288548
22.97157000537085
80.96435044767011
86.24321100723925
62.274667155973475
154.2836432927224
66.11194965562285
26.963521570349446
37.24643142079797
31.58965041897168
134.9613534396495
142.51153096699224
159.20264928605184
121.00078907978012
48.86464172294337
120.91940404696756
109.88274963435879
146.42300644106874
149.59750420784056
98.37001672294683
70.20389858711036
2.632408357041947
30.31504957658132
80.50387815742195
82.92375155157572
100.11762952780605
158.2957927593398
66.79573183331067
46.00831307728914
38.00640831592092
30.99090277808915
134.3158424519059
141.3681441257606
161.7593191637933
150.6457711901643
48.233617752869655
128.28063948086066
111.93885993488863
144.94414122409307
140.03418095916533
88.5868683445031
66.11886079222099
5.202485814573161
36.2817659990219
79.9711633636911
95.7700306972879
104.99910388167035
159.3217421778576
66.65332439175272
51.48327569498114
35.74235439884606
35.155424947056034
134.96555682079244
141.17503399866678
166.80206133266012
144.33931374988936
48.17231363546752
