122.03221383625684
124.22185427942077
162.6717118887452
154.41091130511487
96.48102234078709
103.70214474181387
43.27226961449965
44.20569438432081
69.28771085176726
122.80877360959845
151.02239990602254
159.54648841535834
65.62245603450273
36.332719649522396
39.5175016791924
25.10755005348323
135.69606025112975
134.5383918310218
145.6847947656467
125.74813799402936
52.39386618196388
125.39095103051366
142.70128175560538
159.98190516353563
164.0600134768939
100.5082237112857
101.3595750511728
43.9255460599899
48.50918667914722
67.95380798435063
123.76597754585029
158.41068984265075
159.656998750555
65.45712433269584
36.12382817307374
38.11685259935879
24.486299500396854
134.22511029266713
134.28409479127106
147.47314516647214
125.22495695823812
52.444452738658335
66.75858518783787
141.01499285023394
152.7086202324332
164.89784369413215
105.0053899824207
97.10293201017862
39.300704522484516
45.57508154621033
67.75736660860841
112.44053122693744
143.92026103282723
158.15354981643574
64.15019971106341
33.42666145171256
36.67214939708295
23.289787411760138
134.44080283558858
134.2165146526342
150.46844292296035
125.28975875139989
51.95685496114635
123.98404377877492
115.76692453831674
155.24367449950503
156.73214263432746
100.0153711166797
99.61379779889947
10.950681114329626
39.530133872260556
77.25890944309246
88.985155461351
101.98528653611126
159.7811543012697
61.499648647613846
21.830206885716688
36.055036139069294
23.4733497886347
136.76249891515977
135.88373530479652
160.1044579688602
124.06365274304328
50.98537727209554
123.37195216662407
114.4406986919802
156.21743068152819
157.088134892346
100.66047030682381
102.57299036199029
7.644773783853109
40.4449257002922
75.04232933699251
94.1973905518638
89.55154724180176
160.5702587983401
62.5109607885877
22.88036009158247
36.198255959799766
24.567428977416366
136.9311786908351
135.6841029192117
160.21905535897923
126.54673862005274
51.67370409333005
124.6992968192379
136.19255935217953
157.59535854600435
154.1267902636899
101.26196559663866
107.2158509634182
14.967386260795932
45.74387611192367
72.56196463127843
100.9299121283429
78.16379338370471
160.96522362691124
65.59439513550498
25.350500704126826
39.36252492996925
25.237357216127684
138.57711721473842
135.3316062070896
154.95588810354482
129.70825085568868
51.567348639836105
