118.73273837712446
96.91312397730489
139.81596822410083
125.80258616656093
101.72852816568123
92.25768312057842
16.837050701746364
60.06791261899509
74.74121460975925
89.77656063374717
106.844738815722
156.5872653356278
64.9367285542117
25.525599704263204
37.64181701863721
24.329407310969174
137.42267459526826
134.8890115988914
156.67474615275867
130.34845723257686
52.143467966916575
110.90842824619905
109.14561543579205
150.31551795488602
143.99621559075223
85.42581858151517
79.90426678763785
6.356093187432872
31.212720997451513
78.68047613082952
94.3691054831429
73.04186675957827
158.28251184682978
64.70186069543138
29.7831270234529
33.205280229542744
29.16823181813564
137.40494890119237
134.20887166286593
159.67199852510612
138.49185771628714
52.531282434899836
117.58389969592395
133.38576748793116
136.64633124405722
157.41480166062115
78.54884930922913
93.03509182041415
6.503917429444754
44.44183293026926
76.10722186811905
98.85907556738206
95.11658849265275
159.53150427073453
64.61531803757428
47.9270237337483
30.258543223175867
31.017455280033996
136.5718429949259
133.07867977371643
161.55909228828966
168.86999163755485
52.6600227549299
122.03221383625684
124.22185427942077
162.6717118887452
154.41091130511487
96.48102234078709
103.70214474181387
43.27226961449965
44.20569438432081
69.28771085176726
122.80877360959845
151.02239990602254
159.54648841535834
65.62245603450273
36.332719649522396
39.5175016791924
25.10755005348323
135.69606025112975
134.5383918310218
145.6847947656467
125.74813799402936
52.39386618196388
125.39095103051366
142.70128175560538
159.98190516353563
164.0600134768939
100.5082237112857
101.3595750511728
43.9255460599899
48.50918667914722
67.95380798435063
123.76597754585029
158.41068984265075
159.656998750555
65.45712433269584
36.12382817307374
38.11685259935879
24.486299500396854
134.22511029266713
134.28409479127106
147.47314516647214
125.22495695823812
52.444452738658335
66.75858518783787
141.01499285023394
152.7086202324332
164.89784369413215
105.0053899824207
97.10293201017862
39.300704522484516
45.57508154621033
67.75736660860841
112.44053122693744
143.92026103282723
158.15354981643574
64.15019971106341
33.42666145171256
36.67214939708295
23.289787411760138
134.44080283558858
134.2165146526342
150.46844292296035
125.28975875139989
51.95685496114635
