105.47463949720206
140.68238071727924
142.7824588512266
155.7182021798018
97.18717143284621
96.01866429861639
16.24855862580417
36.853030626669096
85.81842996529839
88.62894867377663
89.74431445127532
161.10314038476804
67.96099641831802
49.045029634229664
38.244379156042704
33.0490456979882
130.47156282794893
141.36231479294176
155.19776357278448
162.74337209483573
51.47852686635053
127.74598814735396
131.46333034665523
139.46845586688173
156.79607985104929
96.8407587539613
96.48810715172048
10.011110068688103
31.588314374302815
87.88640176234017
87.4204753374492
92.65857449143674
162.7896868400911
67.8044323580034
50.72296942076047
37.74955930373779
31.649319721135853
130.7517992567018
143.44180570063025
159.80253589843576
167.56475247046757
52.2835232840053
118.73047903850397
114.0525835964447
150.52520992071263
149.237345315578
94.8061560720549
99.98497601882241
11.376082364124485
34.16421961601571
89.39460010252509
86.80716625066273
96.96700087733481
162.4773669430911
68.8427918243526
52.63399176248702
37.250885815470774
30.84448809860049
130.72003052847023
131.8522490254779
161.0115375376732
162.57688695145941
59.28903731056975
80.16655254621584
140.57301250688815
171.17395138090015
164.08273366002533
92.22696765025599
109.63844306364432
36.903259983487544
38.92899028678571
77.70336898316769
107.7956359795655
84.50080938870619
163.87913916265484
72.10436235593303
44.98806631034348
42.4881811360785
31.079455608100787
138.27146934736294
140.26429147826045
134.18592516341596
148.54437574122034
46.73621009163172
79.13523276095752
141.9221868951598
169.0844087168658
162.51170378826907
93.35266189175496
106.41463915535681
37.08810242878879
39.989443067181014
76.87851924755722
109.71676827554306
87.15604940571576
164.15198574644828
70.49917369819262
44.856395970867496
40.3747078409872
30.901994167888578
137.01155741320508
140.49841472162686
136.86120586123488
148.5481494614092
46.53992141316463
74.5514439498135
117.79500217472592
165.25457188952421
159.32352503188244
95.11354114760013
107.0110070704758
37.69219947565967
38.533741186733806
76.66035654366736
109.1259918219492
88.89377360275527
164.55377477743227
71.06087935375886
44.762935237503676
40.83149695406289
31.064073955385556
137.7531254441768
140.3473034823663
136.35066648211915
148.54740676628734
46.788655579950685
