136.95037622597673
91.10972330005488
173.58666009883598
151.64275762930706
86.53615410620137
69.00314868558998
35.21067040560954
37.9270705863691
87.0021748790383
116.7251914916253
108.40415371058221
166.7755182842783
84.83712013293544
76.65579430304386
62.34273315410833
38.88470557313416
144.82743675160478
145.2559685606738
167.7242844962052
138.0099593346651
54.517072046468286
140.28479898290914
90.85259093074774
156.17268324394658
148.57790073811296
92.32398248073204
65.37665123206713
38.44966724902327
36.22781149848964
89.1156024624118
117.94364424772641
106.4670108673508
164.72226369778613
86.51743346315583
77.0223376994221
63.99759151829652
37.37485411338596
144.07873170046332
142.0368698486053
168.60540834592373
147.35554108337095
54.43396073654817
143.2940038513257
88.8441110005135
156.19556132655583
147.2032602058284
94.7753867887597
63.49231095220653
40.800911030543844
42.143468560237636
85.82802822804885
117.28480063128863
111.71569762739539
165.1782139940801
84.94269333746512
77.11242316638211
65.23706600689643
36.88267376128602
145.8373380049216
143.5890846570324
167.37996368436424
140.52593141261403
53.62665548556077
116.92766089447053
106.85208489812241
147.95071578980196
134.02573399553916
94.41540949957708
96.46203328492274
7.803092098505515
42.89747872050302
90.99254644016173
87.11720607659103
92.0355321522815
167.17157761059283
74.0729479893804
57.47892300769303
49.00645640490308
29.108584240223557
139.0688336847056
130.89330310997553
160.01862332373926
173.46019494296442
55.83655341857192
105.80871079033041
117.00818496347225
152.36168131976586
135.8177990213197
91.48163366664903
69.65747087133344
3.9468822615674837
31.644301804521827
89.30469526481124
91.44217253199564
96.28716217931067
166.39786854292225
75.60840053213195
62.021792786504236
51.93161070512873
32.76494665170375
140.5790662818358
137.35552312017012
164.1688748352091
156.84251758090264
54.72469379725825
99.86902173502459
136.37930601814648
166.95691103725136
163.24498247834168
89.6030293535913
71.1276726062432
19.244614761817978
33.10702690257893
91.52664910950305
98.59172812619113
97.20836268975438
166.72444690201232
80.04298369373201
66.05622981599092
54.76524284921175
35.766626369613796
140.88679809382828
141.65302165342734
163.85422054727758
153.50889503327392
53.19990430017052
