143.66836791358003
137.83940375346882
172.8244754529113
174.06668018974094
96.95568973925504
63.63988068942617
46.563726396992934
48.55346148442053
94.12586550552305
100.7593915773878
118.99150478719997
159.47499623438597
73.19342014937276
68.26792834280496
45.80051318380576
35.86104380742107
134.22159158752123
147.30725668802486
176.42271516399097
147.82588041444635
50.099944779546725
142.80956472017508
137.72990342351784
169.23314882706686
172.43260192557045
96.01140489317967
63.023065451276516
47.228052916780754
57.458897323649126
94.40145242754981
96.99299171630395
119.51622577614899
159.99559644684612
71.22551986475169
65.98556507239768
46.132334447248724
33.638987111552936
132.25300237755062
147.76588575913848
174.92739440139897
144.6995973247477
49.84314161419207
119.80648061017436
76.90481042013803
176.48714414813517
161.35296003892827
84.83872871352337
75.07452938486583
49.11696772495858
56.076482012539415
88.26966682975622
99.81099443101101
112.85191889370782
161.2939264326224
70.26763376035927
63.04048996274119
42.18115860263333
34.1707079735948
132.66823196142778
144.7920469910914
176.14459647192876
161.4998053951561
49.62326631294561
134.51959859978038
93.61730646721381
144.54793895523017
163.9219868318932
100.78555100733979
88.42522277340127
11.46724721481101
31.14512910393401
78.03264125613883
92.46809708665064
98.52231646070595
158.36394036992016
68.25612447019233
51.00301212953916
39.25759941113594
28.78298069938047
132.5369700445463
139.37310848464082
165.72760987898144
145.59104335964687
52.752335453382784
135.97390047525536
95.27024683029272
146.6177979697577
160.11147450780393
97.25782851106922
78.50286044988933
8.67302676063807
17.589007280019327
87.01562617601772
88.67585149644694
98.43968220143854
158.5413070511799
67.91726235662745
53.74197796227685
38.5175212233207
30.572726107362246
133.74253218557803
143.07950550769914
164.80098057588953
167.28037829699605
51.706298810415554
132.63367909137372
112.82311897569373
153.09608623827748
140.34140434539168
90.50522572574405
78.97921096392668
7.249450341688414
37.664024328887336
90.62621580159046
90.69140753132166
97.39816666153132
160.30138543904894
70.16729432468946
56.858777878565206
38.193070437651336
36.73924053813058
136.03029460755897
143.8549761239583
162.83453145187607
160.57157405996674
51.818133348780506
