77.86310958540601
141.71115038333227
165.81475466685094
168.38539525770582
96.93107727128526
108.9148850498229
42.368080585972066
46.51205516049056
73.85953872300263
123.6834204008231
81.0440321367458
160.15906473831762
67.95074490591018
40.472168831002136
40.488155641114005
27.244384761486582
132.56682932226911
138.84842865988136
133.0311026764483
123.10199477597313
49.415698009667615
75.27717407865494
119.89935949949736
168.67928368380535
161.5876542256473
97.44555290105235
107.14523733525365
43.36986436711205
46.019362128389105
74.27542242941597
124.34322144712026
94.77941014661523
157.84073049942785
69.06222715609299
38.80543007848847
40.33139997636407
27.677875930457166
132.76576499229336
138.48089087814876
131.06553179301633
123.11828686475714
50.34755815500073
71.112538125189
115.14247746802242
169.64389442433307
162.71048310706158
98.743168042931
103.85957540094631
42.85378689109503
45.780391262940846
74.34051658583058
123.10705576654982
98.48316479013316
157.7148536490127
69.26094908719423
44.53279950061158
39.562363889827495
27.785727857917454
135.5375183096771
138.7414731175361
128.7617009391304
133.99300252973578
50.51736963497047
133.8742155505415
79.72764281462716
160.6372344130238
157.22212732002794
97.00289892274247
103.2205061305786
11.718389193757737
36.35675997444055
75.42529302718886
100.54764562365361
69.86146168241359
161.0229811477058
65.2227516777792
26.0002502004941
36.464655988031176
26.415912153642907
133.65816822539512
138.9055935077983
151.50337087779553
122.81175627280375
50.28798340887715
132.03047988365321
123.71603616990451
160.67822099669698
150.8941956011804
96.35997108213978
106.77830222967758
8.932629701804153
38.92478573207171
73.38062069735552
108.67600282290923
78.93693496564354
160.16864021392857
64.89583077992833
28.569712653499256
35.66287095066048
27.251911802713686
129.7332817882248
138.72358339163063
156.05371329065306
122.52404956385618
50.81092683442591
132.01092105272892
93.20721360380766
159.06995956846774
159.88801398372385
95.77645692544941
111.46267689145803
12.986718960658035
41.43600247575437
72.7864597728978
113.1199270433273
66.33172676047022
160.43716946410535
65.61232623834366
32.30117726621214
37.8192926526719
27.149300167366196
127.0315853926141
138.64542893806563
155.45552771296508
122.82564231454471
51.279208973428695
