122.97795384154615
97.57045932833184
177.19164817581293
147.7510718051768
87.7783961142735
66.2764960803295
27.905799383504437
38.05845156084824
89.36551593667288
104.27849557431544
108.80830502083212
162.34141485369744
79.5870298855951
69.85682276646742
46.896399888488716
39.40057696375112
135.07484192622923
140.5684774141305
168.64679976031215
147.58693323563344
57.77532300175282
128.17847141172143
97.08108147659257
151.26514607585688
145.92491196674663
91.90664443100643
65.33771776169858
33.62991128931061
30.403324631058528
89.80089181099892
105.72441038367116
109.90025348468436
165.13422649835553
80.09949546516424
69.93978062333753
47.11262313815787
41.22018333206099
135.76826348071373
142.76452926883232
169.3558166218229
148.81111517714805
57.294646043216424
134.76595128062598
95.18659785806236
145.21853054044283
145.97703435029212
90.63776173942257
67.47416264366538
33.76975999572119
29.21259970706112
92.19298778073296
106.81231700658508
111.94785255379877
162.20884193962235
79.32632188441548
71.19850256782877
47.18686852586321
40.433680133704875
135.37824140169337
142.01499522375295
170.06621701596063
146.25130403218174
56.46309576020577
119.99477751336987
136.48145103324637
151.1182159441329
161.27670903390876
90.93845428633917
73.03946124894316
7.52272386849923
25.17233951145597
92.27019916725376
86.15390540547278
97.86979930257392
162.83126319905372
72.3035873023254
56.41952601208978
42.958811228291935
33.54883087570685
135.3466905752316
132.8711020521509
160.89596536578836
163.72769665595519
59.12051095288097
110.69077490854795
122.66654916941796
148.59788997585662
133.13845576581033
89.65389864569792
70.933665186829
4.803923319592455
31.42949816620412
92.83326659843172
88.16088596343752
96.36626588206607
163.55090361914077
75.0668878034601
60.419230301752165
43.25334160645785
37.45677129387511
134.00763135707365
137.8399807602989
163.44780389313271
159.3094161656098
58.08114955851407
99.3244424977648
108.97031196198839
169.0648503975751
139.86861998734682
89.07586244568505
69.7078091072116
13.883641139134724
34.99946635567285
90.71224839037724
94.58759751448358
97.9990575770792
163.888789220741
77.39090067625557
63.45199188049248
46.166300950072625
38.63450797876567
136.34573085529672
141.20816443613663
164.83652931778235
155.26179665019467
56.79120330642825
