119.99477751336987
136.48145103324637
151.1182159441329
161.27670903390876
90.93845428633917
73.03946124894316
7.52272386849923
25.17233951145597
92.27019916725376
86.15390540547278
97.86979930257392
162.83126319905372
72.3035873023254
56.41952601208978
42.958811228291935
33.54883087570685
135.3466905752316
132.8711020521509
160.89596536578836
163.72769665595519
59.12051095288097
110.69077490854795
122.66654916941796
148.59788997585662
133.13845576581033
89.65389864569792
70.933665186829
4.803923319592455
31.42949816620412
92.83326659843172
88.16088596343752
96.36626588206607
163.55090361914077
75.0668878034601
60.419230301752165
43.25334160645785
37.45677129387511
134.00763135707365
137.8399807602989
163.44780389313271
159.3094161656098
58.08114955851407
99.3244424977648
108.97031196198839
169.0648503975751
139.86861998734682
89.07586244568505
69.7078091072116
13.883641139134724
34.99946635567285
90.71224839037724
94.58759751448358
97.9990575770792
163.888789220741
77.39090067625557
63.45199188049248
46.166300950072625
38.63450797876567
136.34573085529672
141.20816443613663
164.83652931778235
155.26179665019467
56.79120330642825
76.06203201112746
134.28736948952013
165.54282895004366
165.8136186210721
93.3086806768817
114.80443704435802
43.96963347645109
47.20829854586173
80.4433581109361
112.77203824791508
79.18989172409977
163.0102746770422
70.84431873198172
48.391159052058754
43.477022193833086
28.223698632747002
140.01190724171533
138.44857236431
131.5600960890269
161.79983006600855
50.67121339447488
72.36127403842825
136.7607457929444
166.48229388445816
164.88687430457261
95.06115403215505
110.08158221683247
44.80402989178423
45.023023926054925
79.46037863052268
111.02536720514523
80.69761256797723
164.7384648929515
69.88197229753382
47.388459250654016
41.22183768721748
28.667715565930823
138.03524658372424
138.42325708964657
138.01224257907478
161.799467207489
50.218681366580064
70.18173805514292
137.48530169391591
166.76081809338882
165.76711843634732
97.81875926251718
104.35788826735507
43.74112853212536
45.4926185340094
78.63776020671749
106.08576015059144
83.48865942285259
163.72029105728038
68.40604966979559
46.68305196599866
39.7209059421853
28.5214511574868
136.42138126613932
139.10725570447647
142.97903315508117
161.79806234396008
49.46795227604796
