144.36126691647365
138.97700223098389
172.4086852817436
167.9509291808471
93.2617886054731
71.5164094503896
39.881113716087086
46.80033224456701
94.78076790872747
96.37653589941294
110.78580743597061
154.27170408626662
67.0980926832866
57.98141047686813
42.430919070942615
31.4545834859788
134.52989076060607
151.8570039067343
173.07482507352518
140.93774036183336
49.60043845952422
134.5706443081962
138.26713600303125
145.64285243878237
168.95757305765292
94.31204392659583
72.10163275692805
42.42777323578399
36.539747557775236
96.6137745237998
93.22609091289694
106.21154234141157
157.64552161566917
67.34597013789475
55.84421703256541
41.38559068534449
32.72722989660419
134.61980358854575
151.07777397951105
172.58072537483937
147.36264560362062
49.54690081914774
135.29731902268048
57.26166473498726
142.3666019253779
124.24908500135587
93.01643681593296
84.4515848139896
36.51717520578062
17.212101070836642
95.356605557307
93.05712792853687
102.86826582457732
156.47860926499504
65.71410094383191
53.123713310420484
39.62773390913207
31.794484857274302
132.48064510548076
150.07665597130767
170.82867188288802
145.78247845510307
50.22937760742136
117.29199151613074
123.76721539564033
152.47878392705115
163.40914893583513
92.24586043767671
80.50170099336701
10.140670223665529
12.205576484950841
92.33069881074707
84.93941699177118
97.36359569779098
154.95528005113283
66.79172117515671
52.52401795257843
36.51591958161715
33.27428578585288
129.39913889191368
152.02440811382314
162.64797619550978
162.51479864559374
50.5805822575057
125.33321149350697
119.77344584362648
155.3646527067375
170.63659233557357
89.8742444121875
81.56154020234037
6.939697881601335
21.52154982207536
93.65772963790624
86.52966249513668
98.44670243903886
157.3850523750706
67.69743360060139
54.72387309824605
37.60396341786862
35.772308259011034
130.86093609155736
152.6288884221377
159.0463598068417
152.45702481982116
50.439224265569806
135.9917095448675
126.7139504836736
163.48882366688116
154.89296597941504
83.71469451695299
88.75870880311594
15.11275201727453
33.84316698574795
93.28908559508939
91.09280720137164
97.7883710061965
156.3226378024772
68.37685374511864
56.02102087368274
36.794884990200046
38.26294695526282
131.33744543089733
153.85593367409746
161.61489305532152
151.05818137771595
50.30561980563467
