98.85136786925632
123.25231319891286
171.80745675466426
149.27380155735565
83.28669033863181
84.23526858427081
7.060431585824536
3.6835125249954057
73.37403850982123
100.64871041924432
108.11418545990402
163.11366038896844
59.808123641189994
20.062906541278398
26.962961579601313
39.81457650172591
127.05152871184625
144.31593917381218
153.23301533492344
117.79655331946273
49.47936931215371
132.01433865335218
134.43607822426486
166.5540055245361
149.66989439947267
85.93297515200946
83.55123035318441
3.1208983205487186
2.9274435810150843
73.58353244333634
106.58932355131927
106.47705074188886
162.34973825183644
59.20423789523772
19.58332626483969
26.7395188026986
39.69984359513674
125.54628355532552
144.52144324009708
151.9234840377669
117.83213837739109
49.8365033856285
137.77145441665039
91.87313759158538
168.83578678678694
147.47856280851693
83.37206190429956
86.93368189138441
5.584165246080151
2.7861468429119456
72.09337197867072
104.23876923895085
96.65820516720547
162.70725459645988
58.73053824154088
19.133917178382664
26.114539108139052
41.42530441124352
125.17882412611226
144.2207906214169
153.13880822507963
117.85051422115373
50.04577860313772
115.21704223894425
144.6927533353522
164.7771098718227
145.9244553513315
64.50291411190217
93.72000679325477
37.54589755064489
21.978787716290434
85.11406312211591
101.6529607680634
107.3485070833468
164.79381300242508
71.60380789825788
54.94581770592913
29.275247144971782
46.53682623942412
136.16861476297126
148.00408400237862
162.17615781247434
153.69891699552258
50.077436102432934
114.80861607454307
145.75201189936593
166.7273957169176
146.67457834498217
68.87168843692258
86.54878969050381
40.73857173257543
26.536854473784192
82.47063856522786
105.44622986832846
105.20622476370906
164.03063903320736
68.8397533779948
52.00725934025086
32.10613585624199
39.441550534444076
138.51312510357877
143.09387260324684
158.99963876040403
171.23982710618765
49.40675137504684
135.45359577022353
57.36289954816363
145.85562201930068
143.0569440121777
70.81656638923867
93.58416667725012
32.68274829438929
24.915562069528
81.50608243459995
99.70224885378738
109.42227162560219
162.87099837895303
66.41882749737026
52.77238309200582
32.88584911514147
35.323186716546054
137.19617140983473
144.21407384243108
165.0146575562719
176.6415896998318
48.39625659884937
