116.79922257704503
115.400174243325
131.59385493577267
135.11996473003242
94.31548058977174
83.28318744156707
8.022389645621681
22.939197434065097
86.41943221927555
84.70301011675522
140.99532946536758
154.6927680501625
70.27338075903785
21.841344332201658
40.28378087957033
33.56016439381175
135.05105148347644
143.8196068573049
169.7044778408527
91.67941182436721
53.842519637230794
117.74301995053635
131.16900485599632
131.91186026841507
136.90996882538172
93.94016808505582
85.49937510721728
4.739509098617859
23.54969549641336
86.16609247918217
85.68076885744993
142.08982829264335
154.03292520068268
70.78006064531885
22.068427838850788
40.343163012645
34.104766561397696
134.9695091622605
143.8358567815155
168.54547388772272
91.23255741452422
54.23638152502595
118.76714772456637
126.31040554381939
131.48394066459818
139.72164989174613
93.72598505899475
84.78005979410364
4.776932162490093
22.712586993550286
86.36876001919441
86.02014069051884
141.25444904422685
154.2269363291681
71.18288642970596
22.320457384196015
40.81351408046963
34.51713031412051
135.36222181964138
143.9050764157497
166.83521353623158
90.94396464331543
54.29645611291136
136.1448732913066
136.14387139394043
163.14355001307072
164.46274433830314
99.12656939343358
108.07068945630134
41.966185577461616
47.931436545757016
72.034390254429
119.15519887648345
94.88198489532924
162.47163965279668
71.88909798631134
46.21179504768866
37.6557622673564
33.0964723631018
131.92188973757266
143.27392455084652
146.13414822985067
156.1909586044861
52.965776356691244
137.41812530126683
117.02897619832747
161.47558842639327
161.0525942824447
100.07581952843155
106.89197372974358
42.77814348148152
49.834774402038626
71.28194445893452
117.01996284643816
94.53356740996914
161.719681229659
71.24198262048169
45.165318066771654
36.24533248757983
32.86157222646629
131.9642977199398
143.0655194684648
148.04039186045026
156.1946103753786
52.89680990832922
132.2379070858526
113.59762179144337
161.66899635175793
162.24680016574393
101.65180429443011
104.46363960089052
42.943819519235404
51.20305815255181
70.66440873675248
114.80846256333533
99.33791682946519
163.08764035903965
68.82181521135523
44.839871149731785
33.82051055152464
32.107400020419405
132.170461879731
142.7942835780461
150.59748934156963
156.19882980210872
51.82521755227351
