130.84375533518497
93.16494352569194
169.79944727673373
149.94899547551873
88.0896818084778
70.44789006425633
37.25960845341133
40.27769720160326
88.95074586225026
100.12183214401647
110.40556670540305
164.08148660882492
76.54934870563038
61.69720040208396
37.68252056608241
43.1766344840934
132.5712352154342
146.20623920416944
168.7200591807304
144.69445886816965
56.72371450859628
134.79757910459705
80.49171608456611
156.61252064203674
162.63353108828412
89.25119843264983
71.20135575864391
40.95461502806731
31.40513494930762
88.48586514219241
100.48219838461215
112.60791595895664
163.92072309866407
77.02351638151968
60.88737330611789
37.76559206437437
42.96779320315662
133.83131400397434
142.05636472554076
167.4697253901896
149.28805713549974
56.90012968489893
128.20832285700553
86.11290094401035
170.1081734745535
150.3980597724861
85.23786027655883
72.27402797583865
41.1556513841456
43.68263537918367
90.28827829142668
99.50730683156111
114.21573889832204
165.3708508188507
76.48305738617101
60.37919105043425
37.35721557794004
43.447240619157554
135.21893859012354
140.741382294875
167.20702450027667
141.53432234402607
58.92020267222779
99.30902122159327
104.2209100145348
148.51237553187246
131.98296574388885
94.4022741176319
102.97806423729403
12.502239012664678
48.48535550529436
89.89182655774509
87.88659034412335
90.44242713534426
162.31071853144178
68.16222057230544
53.097555290061266
37.28943161748395
32.25350891559858
129.3650524385917
137.77603774701674
166.78779650375094
166.1761173495063
54.98258930143918
107.69633455920047
117.53915354212646
145.74254352201396
137.9967879312378
92.05255340583051
71.89567954262796
8.33757035433928
32.57562012225872
88.66587355880534
90.12279682291614
98.2895029871765
164.09549265292276
70.99597002950397
55.85751985744831
37.94994633381132
33.0633921029941
130.5342723340247
134.53617596487004
165.14215905504182
163.16681897764835
57.816147706778345
94.76360626863611
110.90268325994383
168.58648588250054
139.77992866778996
91.85082257177228
71.48301273107585
9.269646945922588
32.50448972150365
88.67701397101732
91.88999726565277
97.69338894366257
162.86055506704756
72.23386512125322
57.48122701428191
37.30403332170981
35.08778717028328
130.27178349300405
136.4944692382201
168.8495128457705
159.4967843814676
57.83793073600797
