81.36000380091706
134.08120894532792
167.85662671756415
161.6008618137711
95.40323411664014
109.43154556249414
39.788081144266776
42.436438494157684
78.74131833727563
108.16283519102149
84.66232694633223
162.9390139604156
76.41961204032638
51.12000140848167
42.717950907514876
34.319712213063106
138.2469623674927
130.31923419968746
128.99864014444216
149.43410038262937
49.05290808450105
79.02966111675077
135.5053133855742
166.87388781287402
164.59044800639322
95.14527649946861
110.6050014674241
42.368743687638094
43.73860808111023
81.30926316702204
110.5215817946218
85.58473312839304
165.48417422597916
78.81915458137337
52.87455056716139
44.04404956951734
36.30380513895127
139.62254578050042
134.13214927742624
127.2092388125353
149.43422100591218
50.35466925205947
76.87729825600724
124.24812168780765
168.94657719640463
157.99431500535837
94.9548163093222
108.46918779333431
43.5396171908075
44.603885135303386
80.86757547043166
110.92280785923592
87.39906192653612
165.6488998319854
77.79444697790072
51.766034938771284
42.037157217818
36.77774890027699
138.72242552442785
131.50084304959051
130.52651645707073
149.43664084613334
51.18232911099922
138.0231967514131
73.55518108279757
159.25089518300203
161.02871872315015
98.83646410534199
91.24207759992431
16.574184705690104
33.901899483829666
80.41341557829335
88.25572119580518
98.55495717703194
166.77714936819552
71.02034691242643
50.236863611499615
36.66141741512899
36.97694385419005
132.51091918398424
140.45679082552374
161.658439423228
148.28251321719577
46.396748617705526
140.4689061628792
130.6793522189001
158.18398535830949
163.0573189788116
98.73988685314734
92.71852227365042
11.316372978026678
32.418516302573344
79.38177666864726
89.25698956538267
96.10987932158261
164.85759403922938
72.90402092031715
49.692789901700415
39.329407464795935
35.38529311785145
135.27170521054956
137.2698002073154
158.29020136721954
153.51667120744818
46.96689578014025
137.03759068425018
91.5705296672204
156.12660006528353
171.95611243381148
100.49240696401819
96.8244575636727
12.816654030736672
35.38840680411786
79.17432504469977
96.78826379657202
90.86315630207478
164.98526785286535
73.41867978074842
49.62353130886352
40.60447235970929
34.47548639060357
136.71806577173538
136.86759005854995
150.71417426179568
149.6199973969378
47.2507825791563
