126.89810859090201
93.44654158334095
173.22829401474834
151.47677615486768
85.18884215891048
73.6635057569687
31.80556665661026
40.32083408579677
88.84338830213441
101.21725852194379
111.50166381389755
161.87876364551494
74.41744045397995
65.40596233790755
37.972166321563314
41.97504723099232
131.24115810204285
144.5969607985704
172.11612066141046
137.5150103013131
56.567339228809004
130.25256179941687
91.48180178596306
161.80896392444157
149.22602147831225
89.52887573168118
66.54523393308428
36.758138159638534
39.344407243974345
91.3065316961445
101.70624485812802
112.62143569121379
161.7491578850505
74.75087068820166
66.55090280807303
39.70512398813643
41.917783118153324
131.5013337397365
148.58240748638954
172.80054878962275
142.1222322549779
55.578072127608394
127.82733059362971
84.77217431828204
160.55070873634733
156.2130337038154
88.7369919980132
68.94721630617744
36.77701195156394
34.514916417060974
91.42987588217791
99.92293193506653
114.16576425471551
161.23290592029312
73.8359109545818
67.51324327537571
38.49859878112387
42.26080958156802
131.0011207730164
148.10221632487355
175.29910002187393
136.6387850713127
55.85064761185579
108.04289531420878
103.02867169521222
145.45455472586306
132.2009226328829
98.8758795732571
97.61214386573516
7.422666370669478
48.354295481253715
82.2287549289703
86.57362571969514
95.0969754130547
161.7918775825058
68.0220046015964
48.32389718803619
38.569323385880764
29.387352358578493
130.17768787594147
140.65458872576235
157.46762695354
156.2398662827235
50.77395757583794
125.38193754603965
110.64287331653951
146.1720925735054
123.71293926394748
97.92175495998534
101.45557699195567
4.927318285371112
50.8850037425962
84.48425259751366
87.39809119623007
99.6634688568583
161.82430980224828
70.28991290657599
52.27678820741615
38.15634249406063
33.233328878155184
131.09565832067258
141.6175773183133
157.76244077925898
153.51695785777753
52.70133085251438
129.61644511937692
107.3675201522707
150.10658789490972
125.74361442446866
94.78679213320942
98.85108096752761
7.4514149405011105
49.0906076345458
85.27063739325241
89.46588108480908
102.47469845001217
162.15438786977862
71.72850458150062
55.01563403900367
37.75179263746423
35.067248415100636
131.13209377750408
139.22035985339267
160.0409940683365
146.0429397065941
55.92702738723044
