97.0067594974588
100.36709984952911
144.0662694749601
139.5455914617437
96.46556365261237
104.08470256929894
12.880701188506356
44.06992160922997
90.34524942566685
82.27526763029334
106.62315658529428
164.09887717397564
79.23257096767571
68.87568605733156
40.0045802700889
39.67323173078844
130.27915628184704
133.98806066081232
174.36164533193698
156.84098997006274
60.986768746362856
103.24185943298195
115.07969158145696
141.8999371176694
147.22089999972715
95.42608743370873
75.08268390978887
6.978551216232649
32.56427927998778
90.58565140710138
87.58016654773597
111.12075834548683
162.11666807716145
84.4792247897324
76.50094087136046
46.21183363529911
41.29025975923693
133.9744555052573
135.14384540117632
172.47456006534858
144.09325631108837
60.876338464540815
122.51277692302793
115.48003944440994
153.15177990203566
141.19738798520734
94.53432797799196
73.70470612045685
7.010763684949218
34.5451263777669
90.91799418478188
92.97253560236746
112.60977768402589
163.16670073959241
89.82148046878623
82.01806590847026
51.861252175903545
44.48919328751323
137.69850400250954
136.89117290280686
169.78237719798733
146.07162190205398
61.093331429818754
80.3320423583635
140.6202278361411
161.09291741138284
163.90509332206878
87.89003304309139
112.36573141630998
39.29579746050832
38.85411316608957
88.55614196133924
127.16055092811767
80.17440688709405
161.87358740981588
77.0958369633261
59.58257322238737
48.229568348440374
29.9567359347901
127.81274223100431
136.65481955917608
122.72470205041158
165.69697563734022
57.15356514169818
77.95879132390819
140.40996315636943
161.4420257920474
168.52811398158778
88.57136339034062
113.12922337558268
40.216579023389436
40.287933609087794
89.67902413011491
130.5871564200267
81.03237279659274
162.16057582368634
77.18506153598194
59.06955400680063
49.267790771042755
30.16568517108762
134.4048842883547
136.5283496357465
114.80401375536596
165.69533085640117
56.412599526555034
75.84151736104997
141.2757680354358
161.2839368291822
169.43790051650643
88.4864322492152
111.6432296101612
40.51256210002707
41.56132995678756
88.81526888012586
135.2928210739144
82.42391587548879
161.63505139949518
76.44157301455083
57.87683610298517
46.804982031161856
30.559166950767686
131.7702335475693
136.31884263078916
113.19648275945181
165.6933895941954
57.02528473120189
