128.54326885574548
127.50559478667124
175.8519605026963
147.9310959260546
89.31982435900566
81.63958418984174
25.225087146479506
13.16217250670018
96.47714487328788
99.63276859610278
105.38981250445022
161.76017923870268
76.3359541975255
69.30658015079577
50.28749343160101
34.4927324672491
135.20920065519744
132.78841849156626
167.373173337457
154.5654713363255
57.80297074062376
137.34932316314809
129.81278528284875
178.68900320503738
143.92447941459952
86.27998397437273
85.76153479307614
30.086879918066263
16.196144117333226
94.96614611853533
102.73187356788439
110.27907240102002
161.08293387598815
76.09573324365273
70.66047418495704
50.13332283066678
34.29781762785943
134.8624194951793
132.3601743118316
168.92884380449846
147.6278749738125
57.53491865295479
139.1985939837271
131.50045362735892
176.35293440531294
141.70594984842444
87.36043209851246
86.53085778563305
30.982648739459204
14.533129067844932
96.97941227325502
102.01814104327852
110.27795634265333
160.49841154964346
74.63765699896952
69.56686370255272
47.875914086194236
34.30548892707124
134.0441775671108
132.61511357294353
170.67803212522364
147.4678914746828
58.065285645888316
124.44340117966186
101.09927463838783
154.84355160612353
160.96889872555693
90.3453069828796
80.56721096523205
6.026142962749281
18.09549380813438
94.72596411368481
84.699438341275
95.8137153813412
162.86014043630024
70.61577128759563
58.17682515073348
41.15710862394469
34.72498994088585
135.07702347896412
132.90301766941874
166.40653788353353
164.84743936206746
57.46993048728179
131.1529957953759
138.8140076980709
156.79227641790808
161.718936781573
90.89127949956391
81.19083278167143
5.721870411559258
29.379843280514155
95.89354752297083
84.80074504476109
100.4710909467829
160.87458871041275
71.85226755274986
61.78721861653182
44.95035085377205
34.25186313087107
135.04825069994854
133.62072553501318
165.24321267762377
158.71134044221458
57.10862942226411
98.56109950192148
103.98874637041129
168.43207471390724
155.11526608237685
87.43177412500147
86.06388250821597
14.377568310365355
33.46958505217456
94.49024015007403
92.33484604754884
100.50356297782896
162.07346951450955
74.2111975017779
64.69962278103893
45.528600880767605
35.307473947840265
135.31829706195995
133.01948646375035
168.58785742405811
160.88781639409606
57.574198033033305
