133.41944309362498
102.35478152953468
163.2755083444036
143.4440365443943
92.73428229882573
72.61908648602588
22.763121040078506
42.286956168763055
85.8961970956942
96.37097496565846
103.18362815039708
165.25780621494704
75.69551492166543
59.21120712531034
41.60434323148025
37.040731900822635
132.54666673435594
142.26765425924205
158.6269388560366
148.73964173742837
53.19315279844881
126.3501730860734
136.35422543759395
173.51746641047893
166.85512964843008
89.0119234241565
74.87127983417707
31.66430624238499
36.041394323278716
84.772071513475
101.35906331635638
111.43868121429699
165.27491126820425
76.54844767034076
62.09224630698539
41.343180034157854
37.74651028501984
132.52885747604057
141.03265415202154
162.703683508125
151.02095268664786
54.50790063949267
130.19448905772293
96.77975610839168
139.4407842470049
144.99498292436095
92.3807072826096
75.51424933271855
31.70416827811838
31.16106386562109
87.28615246260256
101.74698764442421
106.77398638500462
163.99568942885625
77.23188771112444
64.15420113493907
42.43205383699924
38.77801451614012
132.20655000100902
142.7063460448743
167.64438878866775
150.6507368568634
54.670555420598895
97.4978062707438
95.8656728794929
139.69754225848175
154.1757265539712
100.38493519249835
93.885293669669
16.899901244244624
37.88053933816788
80.9565074089688
91.60662439855923
96.89528907287166
162.46913717265411
71.15374048309019
48.397066661056975
38.061003979430396
29.888181447964595
130.08593778593018
132.44779668859803
154.3014065465734
160.44646627481796
53.66526642138961
125.23034943341473
136.19001663105183
141.9182578578847
143.96562933222063
98.13638112868134
97.32455489506877
7.512258489794002
41.410249607711364
83.76786888219678
92.44611698555359
101.02877909696781
164.73477285774152
71.01113274335374
49.52308230354259
38.43173180053202
29.312068981767244
130.5216357481616
128.899132125212
152.79982227580368
157.31808085268986
55.31388403183491
114.34308137541417
97.48091933667385
148.1491727924437
145.04972756780265
96.54360163194751
101.32618699687033
7.223969119424722
42.673140959001316
86.85612277592551
91.1133480878158
92.04883739364524
165.28230792458237
71.47056126411852
50.949943051341435
38.82526356327616
31.80119419357604
131.35094935310173
134.5661747854017
152.78983460921754
157.59867924421528
54.20472303007282
