123.64127601090506
140.93117452086457
171.24379337448843
168.44572259759798
88.85865748618724
69.12714460129331
40.36145081370279
45.647450078604905
98.13000735389176
100.41397916978288
104.77437206890636
161.60472384965902
74.25620457218403
65.69255600247348
47.20990398494428
35.61685166584911
135.59051959056987
137.81351051121317
174.01482276678541
167.37877357161142
54.88949289430935
143.04465519583297
141.49717301245016
171.55135705986112
165.73006539968776
95.34871534040255
55.67100528659622
41.527352732763894
49.11320796629111
92.38266840366028
97.40347714031238
109.5604293918767
159.5496789953538
73.00197633743008
63.03350058739042
47.08177923230149
32.38194981063
132.63116553561994
137.07862631794694
171.26770701591096
168.149189881376
54.944912651208625
134.4196982728747
140.23977661725255
144.4934406110481
168.54898201802536
92.37891011824566
58.82267187152951
41.57831024560772
32.19450463198397
95.64420210430653
97.60216292348673
104.92362884512718
162.35055325451984
71.38687996894431
60.743176072733945
42.2571122175749
35.99146308404762
132.9212153889096
138.1299317752143
172.47439402746792
166.2815801090856
54.16391217429687
117.72799125427323
146.07314937306052
150.65588990813256
164.3817668598328
91.65049006001095
90.79565243523945
7.3498800065249625
26.163866718152665
87.51466270535029
88.67066550518199
88.09866974140128
158.15715233625542
64.93320691657848
42.65060979101571
33.6257497997791
31.572755839672205
133.33013060118634
134.86920356210928
161.64028805451952
155.7027424225445
55.2298228195974
125.09167653894463
125.79952460197828
153.1615886198377
148.49479569159894
94.0066598297542
94.19994975949092
0.8360718901478676
29.86966569758444
86.5352761565234
82.78163997949348
99.3860973908153
157.60434332293093
65.57826976139974
48.12270831004222
36.16543759004001
30.097169621010412
133.54727018630317
134.79853441612673
167.49917275139336
155.97708046306465
55.3464084182456
119.57356872032254
109.15564713401439
148.92791049752344
148.1406905259112
92.86220509132511
80.24634001685422
7.759714582689839
31.781737057062593
91.03686004720865
82.5311699088221
100.01433836915977
156.30402681895103
64.07293418826451
52.54420286107718
35.23491262929567
30.96046434305563
132.8136729297166
134.66237236801774
170.42390232712364
147.92743352363584
55.5359895209499
