131.60532953664813
87.10151932063535
152.22449189580587
145.94700346266708
89.91850919702945
64.60105993590378
40.104136626520656
36.73252031718657
92.8452697418607
102.57349372739037
116.5032445581163
163.45989681406814
71.55836375853396
65.3323833449843
41.07285980186671
36.9506760569594
130.82474672126713
140.3996799597147
173.0987119511562
137.69256949117843
54.93125403470075
133.52962883551834
135.76578669439826
156.55920160950546
170.41964837167293
89.81715310374967
67.12093885625389
42.120231144618394
37.165837365918584
97.40985956404467
100.00070566899197
114.23544768044309
164.96849803415085
69.70810418255024
62.23545362210859
38.579546877850554
37.30340768088095
131.31221107212457
139.55944148306912
172.18376494905374
149.4534125560135
54.02641337166529
132.4190073033071
76.30262382168857
159.2013960858266
148.26716640645824
89.24425179692152
67.69407315432002
40.23649003202897
39.13218131368171
91.45550635143837
98.8651475416427
110.18700168966555
164.9867839618146
69.80572784182976
58.84356158780798
38.74836606619688
37.05435661497513
133.40554382217564
139.50657444945932
171.53064054581998
148.46031162214442
53.75799532321872
111.03177864646774
101.63333464586083
143.41209017860513
134.6560726601044
94.86852138958272
98.52141788790797
12.18154734050476
47.47423036742978
86.36345457892251
84.31640846060925
86.65300801475858
163.1819925868932
61.19160656114528
48.92714061970294
35.97479487601087
26.213471476784246
128.83240921367766
134.81210714830374
162.1211422386938
155.81958058886383
50.646567424858546
124.79166776826652
116.03049701827416
147.36379336704226
140.90638763380636
95.49694377897646
70.35820691935469
6.3728622505115275
33.310341531210355
90.5167247548322
83.15684593080663
94.3143740500396
164.1631998775891
67.65040061789261
50.580933119671734
37.89765302633797
31.6983217572956
129.22105111386313
141.52435590168386
162.57858407794512
157.32604764382396
51.33909944253198
126.95538031672777
118.57672691815793
147.84514134842044
133.31706776954303
91.74597855075353
70.00298192922611
5.529766835322603
35.1067386185597
90.3473085930208
86.36641123182638
96.70336395462293
164.39681105306383
69.61261718179937
53.96498358094005
38.3853489695892
34.602809871120414
131.26736693377202
136.0686882330639
164.2633530191348
150.65243946138477
56.08718848545824
