139.01915318553623
142.4711783212573
159.80651003810158
155.69998634404163
96.47247065035322
107.62324108747413
40.74756911867294
41.13847248671091
74.25090754420542
126.81811344193022
44.250833825820735
159.12895429778695
64.12175597187391
40.71994005338006
40.852601311956306
26.993521508775512
127.8846710841676
134.5876635038209
143.23329423650395
125.76934678199466
53.286173103736246
78.30823851123152
138.1194282472203
166.61329258172526
161.2434646133338
95.53950503207238
110.83129834594263
41.14680969815959
41.830600445674676
74.0914665936766
121.12966032391532
44.385944356809276
159.4612445501356
64.46003040704818
40.794812053034136
40.95115096855013
27.522937051875893
125.35069258595418
134.56411856103665
142.5238829289826
125.7720673009244
53.906987047232576
73.34770060975526
122.68535480679454
162.52870115192158
156.2682385868684
99.11961057213033
105.89814750827428
42.39775258929152
41.741117956975465
75.2842460222786
119.96034288754994
81.01906739117776
159.00942223106262
63.55913942388949
47.626733135660146
39.33089888834349
27.626534968899918
126.3497457061738
134.46454358059069
143.72854460321233
134.69574767728756
54.03247072742322
136.82634044063357
112.05649225427635
157.22887163594567
152.29220097888717
98.8268789679157
96.65232520648912
11.458342241209627
33.61960025697764
78.53257174732344
99.36216804459006
79.12347845884639
160.05567839859444
64.8400690549638
26.242384903778266
35.81433037948103
27.30137552211802
136.4541203083936
134.60221450282828
156.12774727744545
124.8213245587846
52.755329037718866
139.15376345630642
142.99710113051935
156.73954096389505
156.0357655520852
97.82792925184135
103.09475155193822
10.500988967483122
36.29856815749281
76.25668375380839
106.23210813911146
84.77932789927785
160.61868921342807
63.60723700182193
27.888381095829
35.44648904383465
27.71792482264586
133.9317304362785
134.3329101158399
158.10405330635345
124.70997098070352
52.753858816157205
137.29389328558833
96.37960200558074
157.58019191881093
165.29678030350038
96.88272288176066
106.53625372278997
15.257620205526582
39.535426315103756
73.65620273991607
112.96671682424753
74.60584613568446
160.54727665257099
64.57787284316532
31.23729935095875
36.10218510360069
28.117143171274563
133.0091525675675
134.11986363754428
156.08876016720933
125.39488714886352
53.000894604495265
