87.76101724124503
135.57838574518823
160.40637378410125
146.55284283072805
78.56527529176878
95.30322134414673
16.20982297806411
2.966484635376051
87.6916203386137
82.71439068004253
80.1721359606986
168.96309226576682
70.39892949111916
48.40199988379817
29.552249264327923
50.29116832557635
136.0316739007351
158.9070977975436
176.51192513463943
143.82532994314332
44.923682132285386
128.8207892305064
99.79762850019465
144.541435065815
125.4924623026535
88.09638179908544
71.78796498295104
15.076522060278796
16.273209256319344
91.02841172990686
86.57153322252134
84.83449140188932
167.45723503469884
72.21177448850707
52.23121827965342
37.01634363786475
48.277983181325595
137.29873442618074
160.51698706299047
177.36960276376576
143.8304334537483
45.44004265051637
113.32151989034418
101.03187448756721
149.6853726042755
159.27554119555617
86.88263741690234
78.61341039973075
17.797583568888086
10.853731235133719
90.72165049324578
89.8248611211781
84.19891942095792
165.26473653141423
73.5867029057429
53.278039138510984
39.15608823491811
48.92864814002844
137.81101209156844
160.05360077960904
176.1490357500704
143.83548363428878
45.735917403256494
135.91438689528755
135.25654922364
161.66062160434598
161.83129557796585
99.40784711471956
111.66332233349955
44.04820223062597
56.00492576996536
68.13360651950741
136.79570468201328
86.66279740834918
164.12054904101245
75.64299352798125
56.53030287079978
43.65257657089148
41.17630845542601
133.25229042979808
159.29705645675728
125.75172310791875
143.75545070562163
46.44990359990646
78.99840167287107
132.68700695143397
165.08575789335057
160.66340536461786
99.28479204528931
112.01822216746525
45.59367888767689
54.04776672273786
68.32265802808776
130.23134833493705
87.55280023586269
164.26012671492973
74.18473403308793
54.53334360175634
40.11922866099501
41.82920654884517
133.59027853522645
159.18105979598303
125.93888888118171
143.75877684148142
46.180784561838294
77.89553574193123
136.1917796323352
163.5706574148777
160.44440748975515
106.0688800097251
99.18217129007165
44.07310932360201
52.020268346967484
73.73537333154192
125.19702424447269
83.65870727749821
164.89424083258888
70.60209548875419
51.84260631950199
35.54676101287355
41.286131767192806
128.93387291560424
160.52654765769333
132.83479228914538
143.7657795681877
46.025367591938235
