94.5413863395731
65.33111069080361
156.29777872594272
153.35621967454156
102.75394213484003
93.9045978218009
16.95937669651843
36.50694133820229
82.40821511422992
83.66151649037644
95.00610311288351
165.0656359833609
69.66695869802444
45.37814074473351
39.31390317075289
27.847113419965435
134.180506132609
132.25363265885142
158.01945984577006
150.11765125378642
52.864590192732166
92.80929416188383
134.26138767397154
155.73917004349096
152.7169829548604
102.96851918199667
97.78686696655515
10.256108995986459
37.397423456851726
81.97580699899608
87.48167089250892
90.19799741382876
164.85477448575213
70.34274058915449
45.28109824947548
41.501512157904116
27.636780486298637
137.5432001959645
134.430311827299
154.90793441924586
156.79369058687692
52.23835664050475
135.3115638915377
89.41380821047925
153.32486109514505
169.77105408158408
101.78102646212913
100.72610111310826
12.834518884588883
38.94494881652679
80.76592354589553
103.66972729226636
84.37628773681843
164.2121758215242
70.0780486458698
46.24227317222262
42.285110766088785
27.09618225210225
138.1549270063304
135.1912027720972
144.2475363925548
161.04839084898342
51.0474901678458
122.81235292971581
81.27546212745192
147.24870263418023
136.91445485886987
102.16909192206143
102.49058829935305
39.89177799681207
68.06743282023328
86.91914685206136
105.53683332267296
86.36227628230154
166.66216672750883
73.72395039282763
61.684384463936965
51.464494720902884
27.312567602206723
133.59505256351724
120.6519345676568
174.4486672158009
163.52144155451822
57.77001230183937
121.98346720866641
70.75796645886479
152.39353242818285
150.81680099772234
94.930244471526
99.77958879621006
39.819176693708876
48.28043616364013
89.6959067141192
105.20546667600566
90.33790183028673
168.22605282909802
73.45051937600218
61.128075539137605
50.440176826688756
28.63753507194293
132.2021774544159
124.8945974232917
174.04212824312765
163.86813322625974
55.58463962995465
115.92698172893668
67.83861938075712
160.24652102394194
151.68266020094387
93.49731429475563
100.46669091675055
39.24443599465035
46.267367633483765
86.99343488966561
106.37655308731935
90.67495446594585
168.96577126290612
73.73087303522587
61.126126370977765
49.39465028137565
28.498928519908386
134.61588939862756
124.48890103799002
173.30334744484978
162.48587491998367
54.69150978044645
