82.70090709788306
135.26243377584433
166.46099857232312
159.7363069534762
95.05734320301966
106.62307391246381
37.455808561853964
41.217046640536694
79.8880018670441
103.50302655627272
82.26511190108873
163.1363575993243
72.6243642683009
49.820249299544855
44.13965407613457
27.713282351369568
140.7177560215744
131.96800290088188
142.52551606984036
165.72020938605
52.113195994419144
80.60484811547053
136.08152780353504
168.1115208477973
159.054559718802
94.83046400279066
104.43246412784663
38.37680218040929
40.85353885059031
79.61871665119651
104.5836677401057
83.23392271797884
163.62742169268512
72.55308866433315
49.580428254543094
44.25896025527801
27.388489366501428
140.82756011998447
131.90642673734666
139.30305207611184
165.7216024557774
52.61714383149925
78.6649685655906
133.37066726827058
169.06331561301886
166.97498555392283
96.20299294415656
105.00351770360102
38.189911206226945
43.19426608576912
79.61465070793665
102.14396228049063
84.18846592151633
163.13422233526003
72.2965032331138
48.68673703812254
44.30112365844366
27.358649330186257
141.6204188496123
132.0920212170474
138.88574400232295
165.72081230072922
51.82765446972602
95.27117504281127
80.90422840979406
157.8674801106775
170.90996342557705
102.38896661322258
90.47626930930912
13.381436619599656
33.55023574495128
80.89522091241271
82.2951845655989
90.2244245961185
163.01967499445075
67.97645345611318
47.15075996650859
39.56974444364412
26.700461309381357
135.494166448703
132.99133979924983
160.84127536392896
166.22527766534378
51.12127630966396
93.2290364037115
130.61361292614623
154.44166612983983
159.63998593660216
104.63664233008531
93.22598256838214
8.515237766557567
35.837270069803125
79.68841730668294
83.51907284866388
93.16219393117723
162.20660916544
68.77130528095402
46.49042551801099
41.36510620519714
25.871963445419915
137.45994206430498
132.95138914984503
155.89264051707045
166.09241866496913
50.70101922221298
91.5375067098737
93.2575110697873
155.99228290681256
169.2216800476976
104.24294745364075
99.16683502526745
12.33440524960465
38.74072786978764
80.22716235210646
86.43512858420478
87.16602065263855
163.50807494873052
70.09647097117475
46.360542392152645
42.719465681354855
26.273145676089996
138.745089131928
132.5082164676142
156.10934009133734
165.92737777822106
51.399808097297125
