139.09376176481874
129.05232161126472
168.9073333248955
123.63318325083334
86.06359523520256
105.43797505769892
37.80406046446595
1.1270627494754684
86.81775249709959
101.891902032588
115.41861584101396
158.12116927587763
76.34504544220536
69.8793624136724
48.86776651459375
38.88402517555797
134.98365429108628
156.82649721828156
173.10625933965298
159.37851994104165
42.66415603501665
112.46645845535272
112.88614745963152
154.75260111503445
139.63678929692026
64.96416733945821
96.60743163046492
43.10796202918638
31.502080100921944
82.87383716802582
105.4137855030732
116.87406795490453
160.410149254026
73.99486159752432
68.19397291806492
44.238974045294604
49.54878297769915
132.39860630412937
132.88602764273418
174.697575303568
140.5594270158252
37.248798831415755
109.13343321861589
140.6767457670901
164.88153759897722
122.46118287330668
78.34624868256424
104.22799925030023
40.65040078373342
17.60470021907654
83.07271535933896
100.1418880475765
114.52921882516489
161.59748543337534
70.49969923670902
65.03128524898591
39.5901662131165
45.436847813833374
132.71646732513085
139.78375896939153
175.6931685876247
160.78288555911564
34.758619333248895
121.27363776427904
101.7115262140726
153.7558151810437
136.4265583938198
93.06984779607231
98.2427418595835
7.266140657298862
39.637170448978395
76.53784740333028
85.70458873955305
91.6909477713573
160.42892292757318
67.32020793375116
50.93108859604328
37.78252259518214
31.399095644127808
137.9717464883104
141.75014985135257
161.78632301520162
170.19665457374836
44.235991941981005
131.96310608823075
146.74523589614057
155.70001331134048
131.7100829289648
93.55498742242112
100.37568738888498
6.111813039990529
42.895679600469876
79.78002889351545
86.62485215065512
100.13920317527098
155.27715458891174
64.89855654847257
55.14708770781794
35.753360249478646
31.71891354483186
134.04632545349634
142.24952334292783
167.8314187213348
166.40362046749632
43.83945293448307
125.54833728296397
141.3874756540073
158.71263184356303
151.7063886116184
91.15637369076734
71.66942433043472
8.194837530845252
32.08864635930262
80.3841138658921
90.39566281457742
96.8319129023459
157.96199802542614
65.59587953075123
58.67772543087782
38.47890486526899
32.21614657173056
135.8145540111675
141.98423525822142
165.79350897190506
160.38679728868672
43.86778484680439
