135.13108611642988
137.07585839146674
162.09250151345378
148.87030929264895
96.86055478912344
94.94925276083886
12.46091583214623
33.369884012522135
82.25281579640586
94.99283862897474
79.33245117585685
162.4672622870217
67.32973307261963
26.722034735900397
38.05454019028185
30.174463282058408
139.75406781349463
138.87413994058366
153.77623618132196
122.05993802986403
51.929095394318416
131.39835798377408
135.98270320385208
161.2249997693266
154.9768772566831
98.05154110326191
99.25421300840468
7.876859860939174
36.42930544334757
81.33838512397176
101.35642783182165
72.34107429303954
162.42264647690612
68.56380030812743
28.506627864179052
39.847578295011836
30.367784810363563
140.76718421744937
138.75782641557734
148.66644716872017
122.01458331796329
52.15137808397359
130.70618420928614
92.48969974732142
160.8433089390411
161.04289498984593
97.86762751636998
104.6804086385773
11.24998421253454
38.29932667399123
80.50353893147748
106.63478335057751
68.59084626127766
162.36237456233243
68.737883839555
30.597129051657056
40.80390929268566
31.446836771348273
139.09750543622752
138.63317527121632
150.87887818974264
121.93979200054173
53.16829460105049
131.60532953664813
87.10151932063535
152.22449189580587
145.94700346266708
89.91850919702945
64.60105993590378
40.104136626520656
36.73252031718657
92.8452697418607
102.57349372739037
116.5032445581163
163.45989681406814
71.55836375853396
65.3323833449843
41.07285980186671
36.9506760569594
130.82474672126713
140.3996799597147
173.0987119511562
137.69256949117843
54.93125403470075
133.52962883551834
135.76578669439826
156.55920160950546
170.41964837167293
89.81715310374967
67.12093885625389
42.120231144618394
37.165837365918584
97.40985956404467
100.00070566899197
114.23544768044309
164.96849803415085
69.70810418255024
62.23545362210859
38.579546877850554
37.30340768088095
131.31221107212457
139.55944148306912
172.18376494905374
149.4534125560135
54.02641337166529
132.4190073033071
76.30262382168857
159.2013960858266
148.26716640645824
89.24425179692152
67.69407315432002
40.23649003202897
39.13218131368171
91.45550635143837
98.8651475416427
110.18700168966555
164.9867839618146
69.80572784182976
58.84356158780798
38.74836606619688
37.05435661497513
133.40554382217564
139.50657444945932
171.53064054581998
148.46031162214442
53.75799532321872
