124.75047982285483
96.00904326221293
143.3586032739921
160.12741912302982
93.8861563202876
95.97268967670334
11.108748715825374
32.03045577663924
81.45723818576425
88.03423949419097
101.13118045643922
159.99232092257932
71.80010797564164
52.76185745340021
39.09085280736423
35.16262279565266
139.11868589279132
143.07328474530806
164.3947439575212
149.43837375341622
52.17507212108556
126.63996011618443
114.38134128943615
148.99007496078949
143.6813535401838
91.99090586972882
85.9159487022045
7.650585911478719
30.45084154279578
87.39318736033319
88.10758994722896
101.15408059379675
161.13594966613923
66.4768727420619
56.58287740664739
32.92057647476071
34.38857410430999
133.48095652648263
139.76063844865692
172.43073917343517
171.00126424836165
52.91722055347376
128.41371969441946
110.67258677664152
149.98178613916818
145.2431032900167
86.31148533210639
85.81194952370896
6.770474855749079
34.02297197747808
90.34540611079963
89.6219343449076
101.34360838853259
160.89000812657005
69.1575700073068
59.16046980768598
33.5790925858334
38.95591647115427
135.3240736421955
141.26378192205905
168.11875065788146
166.82602691272245
53.105742558340246
125.64674050244342
141.6362532314061
159.3266356484691
165.0305077943294
98.0948211194669
106.02581807374888
40.67883932132765
48.360894407585974
76.76645550341641
123.81163953593557
147.13038093088826
161.59334136327385
72.96567701295847
37.51510104431413
39.368931085199215
33.46072547370193
139.10702846968186
142.5844498677676
132.50743207085267
117.2894902852421
52.44999927032019
122.9128358382815
119.02706827331444
161.52744398684953
158.05040447509174
97.82523272826903
100.37213979310694
41.46353553620703
43.71793830961386
75.21933479200742
123.30906884368729
148.8006996305027
162.33897282792753
71.608240342786
36.71506085995597
37.946178028257286
33.439368888918004
138.0878627542131
142.4087644962957
143.6812078743993
117.51153751225074
51.356374345174984
117.2946844106344
141.16825360788118
161.5297250880791
167.16958143507688
97.30537405245788
101.90244207471804
40.58037138664438
44.89055282742424
74.91154976037839
121.29499240974319
149.1602200300552
160.87678593082342
70.77707323476358
34.52046630871535
35.81408226620744
33.65384812177102
138.060222557433
142.22820806088248
141.4780542754957
117.29763586476004
51.81827274597659
