133.32222088871396
140.97425479750996
161.86882963434297
166.4543737681951
95.62960514134271
106.57196910327647
39.4142718684929
42.31574316839151
80.11015631380712
126.77353921599158
36.6432667190098
162.40387484517848
66.785600320049
37.76907313865161
37.660486962708205
32.59711457887774
132.49931454027706
146.05412201883888
131.54724513363686
118.03019573487929
46.2579170540086
135.91672020957333
139.65092010724746
160.0147212914282
170.443868450226
93.53770491214559
110.63919118560777
39.48596891091469
42.52330636779981
80.58241601304921
123.69498016848
57.57256808365323
161.42317066880813
67.51710907617237
36.16457994590318
37.891506052023125
33.12521553430849
135.0755866701133
146.28236145234413
129.90822654013118
118.04771932110523
46.43072295982909
68.98061629479324
113.91120507500945
157.6630206914465
160.7509642073386
97.34975338457654
105.53911606200737
38.420374169183425
40.48002625647753
79.35054742233598
113.52756110249412
82.99135551553876
161.42571919668282
67.95597992046862
33.45423161605058
38.9424725768775
33.20430565976866
139.48211467144344
146.36317532348303
127.84996945695735
118.07150611636676
45.30351028443138
134.40096397836575
79.291962561697
166.78077812583197
149.77335028580475
92.30999561452339
99.65330273377786
11.084693176775286
30.399259233470747
78.96374957481915
101.78377445583034
87.54487243984865
164.82468734906584
63.39074089273323
33.29687532489414
37.04019210748506
30.96772735760558
136.0601549727538
145.40417225408692
155.16611625927723
130.2667579027875
43.27810976716089
134.89599099439945
94.90854935947722
164.87860979902328
149.3208179658113
91.79475215716843
106.40465008929324
6.449058547301216
35.26654362495845
77.50886806374818
107.80916383742485
50.47928676710609
161.13662664126753
63.00648514463641
28.20092081334519
36.123856894893436
31.322771735565627
134.96355094038205
145.8803917516956
152.18711754016425
116.24177372128528
43.641689403992245
132.85395606774858
94.00041711875917
162.77129901478088
161.42692169040015
93.78453577405361
105.26123166113943
11.056954029904
37.060348469060656
76.77140084447267
114.7737372418905
39.15141985059641
162.28147191820173
63.79001790801641
30.97533121045101
37.562077517057
31.107246670734785
132.19504662283285
145.5751360591423
149.2867292258551
116.38904181381477
44.44459969055351
