114.5302262061816
107.61605393157602
148.1546099485404
151.67813451704092
88.37427027154098
80.22368794971013
8.929395703813045
25.024746607267602
90.95706406709425
88.14508474770119
93.36970953865794
162.97715453435413
64.16524335596152
51.67046477447695
37.84273339038102
32.72609340939827
134.23745279201322
153.95520541901902
166.36582452897616
163.6213378772366
46.18930996192988
117.21257733482219
147.56236890263702
147.04472356760556
152.03722589581793
82.50877042986102
80.65981386280419
6.633961628538496
34.08652211648458
95.53672581845144
87.60029720354837
91.39953936912838
163.68872816335562
67.7210281094846
53.836662072518514
38.45534833699912
39.96247466695052
134.58785740991354
157.9061161808375
165.22173996822485
154.63905330010851
46.70645138465649
96.51103040560645
101.49431880141215
159.49962399257532
149.16487230267788
79.64513254901343
85.93548655758379
15.635764022113882
39.029101199185526
94.05642468733517
95.72002819074993
96.20008267719584
163.7734606691957
70.17162263969142
57.251847382864256
40.89764286319584
41.67205258316643
135.9000342054213
159.1989173187336
163.99667475367255
148.50771135172053
46.7111450544969
133.32222088871396
140.97425479750996
161.86882963434297
166.4543737681951
95.62960514134271
106.57196910327647
39.4142718684929
42.31574316839151
80.11015631380712
126.77353921599158
36.6432667190098
162.40387484517848
66.785600320049
37.76907313865161
37.660486962708205
32.59711457887774
132.49931454027706
146.05412201883888
131.54724513363686
118.03019573487929
46.2579170540086
135.91672020957333
139.65092010724746
160.0147212914282
170.443868450226
93.53770491214559
110.63919118560777
39.48596891091469
42.52330636779981
80.58241601304921
123.69498016848
57.57256808365323
161.42317066880813
67.51710907617237
36.16457994590318
37.891506052023125
33.12521553430849
135.0755866701133
146.28236145234413
129.90822654013118
118.04771932110523
46.43072295982909
68.98061629479324
113.91120507500945
157.6630206914465
160.7509642073386
97.34975338457654
105.53911606200737
38.420374169183425
40.48002625647753
79.35054742233598
113.52756110249412
82.99135551553876
161.42571919668282
67.95597992046862
33.45423161605058
38.9424725768775
33.20430565976866
139.48211467144344
146.36317532348303
127.84996945695735
118.07150611636676
45.30351028443138
