112.62339306597106
98.07708870854668
144.77801915980473
147.5679433103452
93.2036576604227
99.40274485537128
8.052289034058461
34.291573467978516
84.23186302631153
86.85952974721654
92.98951169938073
162.08553566519038
65.84802787840339
47.58994822782212
37.050767472776386
25.525228850006403
129.68398064962864
130.0412212099215
163.48193183637056
164.66501847056875
55.738422763597406
116.92054852493834
103.29100424028518
148.18050108906266
149.1166992623515
92.22295478003517
97.7167348022297
5.590306414599156
31.75256588575691
88.4356771498919
87.13686080589294
90.54572964015927
162.01023356303588
66.84343636191748
48.20228514339336
36.52690842158547
27.810117250584142
129.90270601706695
128.57954581691592
163.68416069871543
162.8024487567638
58.547361901528
98.5353854698034
100.27907970088908
169.25958010819232
153.86745676324338
91.3536770638098
98.20601456017042
10.147718741669255
31.118237843337354
88.31840861813322
89.88731181168941
91.33722296026502
161.8904569708728
66.76250439288343
49.416779684945745
35.80206905590642
29.992798672399996
130.08939527331725
133.4479082406896
164.9235086568772
161.32660258434387
57.457672014624336
136.9477553843902
141.17789259837292
161.9133013536287
161.5193899868203
92.80045565631023
103.38564057309084
34.42882994692372
35.90772373312367
80.49718623491133
105.90378733240375
80.23243297301467
165.37690813686504
70.82187794712004
44.18999813628411
42.828571243990815
24.27558547744687
137.4691166329066
124.5827968858313
140.3649486836654
160.059296298326
54.682862373925865
81.84972752515674
140.85555743424794
164.5159425960636
164.39781808362468
92.16678298622953
102.92482399046854
35.32629500837132
36.980932811838926
79.70149416380869
101.56301018419148
83.07819698020893
163.3097157004808
69.66765434048813
43.81794846876707
41.453178217265744
22.605424294060253
136.2211265008226
119.80329669973038
144.51218150527853
162.40868718661602
57.54330349854128
75.49185872220781
115.44294421260602
166.95272755040355
164.49959892137127
94.61340767003445
98.7895793637227
34.9228471172457
37.05078168436089
78.27206361452872
100.53825063799928
83.77797026524634
165.01039734200558
68.35200660602547
43.18807559535044
41.204473605527156
20.919844000976244
135.2867500310245
119.14413062761808
143.0443299180069
162.53343670465077
56.96749258690621
