113.63289184736612
135.9012242139153
140.75351957943124
152.82167388840622
86.85985850961454
79.94324347099376
13.969283661370254
25.054002534036073
82.82359086783501
92.64913162864465
54.01704013703754
159.04085812233248
67.16827536200114
31.331320764388803
38.90023817667065
34.24970033876049
136.98655315816893
143.39617303887334
156.63984999863405
126.23173830564816
48.13649411103281
116.90247734586825
131.68449909836954
148.00079328346177
160.6727795037768
91.25267380331371
75.08449331462089
6.907370885012535
28.035087241692644
81.34294539512652
88.99299988697128
95.51050799880531
158.02091282544987
67.74014811869311
48.219062362116695
43.8403854605452
29.80145594354297
136.53763020289892
143.0059008302487
155.24516309116788
151.77260046997944
47.98142590390603
127.93837754452743
118.29314579120312
142.1847103355575
148.69799850084237
78.32622576724407
79.68656279913759
8.106909809820495
36.13785289433836
86.28863460091617
91.38479140820276
95.54785332487371
160.53527075540313
66.66750679261295
50.00594291944734
38.94468987196436
38.307246190330225
137.31962798044873
143.29551916271615
157.39487172021808
149.85435055634315
47.98920064549876
84.09302775887897
128.7244433930447
165.1046608531107
154.37436730652135
92.70677890874697
111.42311592179516
38.6255483417643
41.31765759581268
77.87549843506605
111.72078755806625
27.67943335673167
165.94891936552048
68.46479023549485
34.317124885536536
40.67041268919068
31.68000539437853
137.69042151809106
141.7870378343628
147.75368247913713
119.72511807922984
45.71845522011775
134.65955465670243
140.15847578214292
160.63719471802864
161.9319113288459
93.59250513988087
110.69990262660139
39.723777682009654
42.177351881615714
78.08875549905389
120.23844250981169
30.682834009539313
165.34764264088508
69.4827006997512
35.829537511095474
40.9205266022298
31.52155844630097
139.0593464111567
141.96139179229698
137.56072959704383
119.74300769427913
46.088012389158145
135.70550627759266
142.53381632318195
158.5154655722342
165.02644694829598
93.66449326412346
110.49532657662643
39.635003380562
40.55072149458606
78.78287312858227
114.97113798192528
35.174314266137245
159.88381358180783
69.28339839073735
35.151868402275284
40.9016743218952
31.97236967309557
137.42974909810025
141.95502768441304
143.6115321063608
119.78843962795044
47.76170009887956
