108.82204499452165
134.5635663755049
149.487441411448
160.7589040411655
93.76095663619282
78.60606070623086
7.825155500314722
29.327037169584493
89.13222285376078
85.05490540374988
89.89882436625264
160.4488750552417
66.23500936459438
48.02724643882158
36.95666957654499
27.591803071474388
129.77109172503754
132.01635072869072
161.53579725871825
169.95863935294955
55.887342472610825
118.37578588135749
119.43147122812128
148.2384839334579
140.3497364410931
92.90764270386835
76.49802337315771
6.189515832109873
35.79545178094507
91.519116420836
83.9962213384521
93.53547388389228
159.09657012461614
67.19337446798001
50.806059478531175
37.62165176621678
29.67145161063674
129.94539518747766
133.40172822984366
161.01284176427515
165.50723102481305
55.17737712919073
139.47217851802003
132.27016554608264
157.02776115929052
149.85155486369874
88.2228542032605
83.40447583615342
14.477795676396022
38.57699249716912
91.96368557226307
89.91888911326134
94.52000322567133
157.56838243832786
68.6065367464533
53.43482778597327
38.145244896568606
32.42293213776859
130.30182755216714
134.21966718137008
162.1613890594275
163.26213924452918
54.90880498234004
78.76186569729686
141.41019691286337
163.5558665546013
167.96894737951192
94.06050880722034
108.71665053207164
38.08427225741133
41.41398886297133
79.59240723268192
106.2552276247218
85.50907360352694
162.72458247803087
74.23125753767968
53.873333076434385
48.33722261186231
24.312733036997752
142.1305305051551
125.67478026103495
137.110552922336
159.87194378817745
55.8897721365749
74.61018317008316
143.89323447591903
167.46684583389438
170.06873018697868
94.02375973735141
105.73568566382372
38.34036207897371
39.74683821982036
80.50126478586006
104.9473352402708
86.17343983298382
158.98385716875185
73.37463287121456
53.44897545785174
47.578815070185115
24.671745302033077
142.4648639404122
126.06457474259187
138.99427411540705
159.87689766782916
55.48889045345082
70.91400100317344
117.6170365260246
165.5808841438288
161.6284292140503
96.96576869425908
103.30736476255487
38.808513852287106
38.33481252727418
78.07008603642603
102.40793398939637
90.76029894760342
161.2774423412674
71.49040898536059
52.19731564773776
44.37902274945139
24.26184140449182
138.8178950174944
125.88723679863493
144.41012701895383
159.86833015600078
55.676655390597396
