73.5887817990019
142.86401778886517
165.02990335725633
164.43039650612008
94.28449303883336
98.51203421440988
37.87858218407567
36.10569995932472
78.09816226176963
89.71402588017295
80.68291331517997
161.04290926988813
68.57962671092756
42.615726030610084
39.112651660196
25.739496539294482
133.81120034151598
128.99736064565056
150.32912998094423
163.33279062780653
53.492642307884346
71.97610492708854
117.94522211535394
164.19894223292786
156.76888896310595
95.51390738022971
95.6418554655448
37.465906245380474
36.97230831152229
79.07383262147893
86.04057753343477
82.50620666410393
163.33184640843763
67.07151353159422
42.57387145990852
37.62250498686007
25.991147091185326
131.87206610430314
130.6319198966549
158.95648803579672
163.3323306787832
53.65014088966465
68.97670359860884
114.33103235218695
163.40327404564067
158.10017763053352
97.38618344555736
95.54065007556224
36.05457787102334
35.85741204228492
80.09803049299653
83.60992276589377
83.32127684120682
160.63761988345303
64.32968092543729
42.78541889232204
34.51649508362214
26.373473355140604
128.8924152361429
129.94059034945383
164.60764238490006
163.33187740594084
53.72939778070861
96.17516489638204
115.22686990237625
155.85191037988827
152.07242214746327
98.66679577812245
95.8627792179337
16.309375759222863
33.22262271920459
84.58312185355595
84.72113865260535
89.17504509407121
163.62734765107234
72.77562252784625
49.3071446101218
40.46999841842976
27.538078621074046
133.47828187555217
122.78459997561704
157.7171198718186
164.4420770948559
59.33978428532892
94.08854103073564
129.60259905008337
158.61253139187525
160.70851839409443
97.8462195350081
95.46821962286785
10.83281184949052
31.20656088558662
78.64665748226845
85.12211535024059
96.33662028994068
162.92502104797273
72.94724329669683
49.88355214249718
41.98566041253154
25.20889775092197
135.80567817651865
123.28240614107501
157.350226806355
170.4568567476278
57.99269351429861
94.34547982508002
90.63375736590815
156.889822224866
176.53260027272546
98.2530729465959
96.84843973310615
11.270142179247987
32.37732252263761
82.83351135406532
88.15852957167856
87.23146443756154
162.23727741459334
72.76315990672747
49.9343326325634
42.337340206263875
25.79720535989175
136.04984291689615
123.14463805271377
155.8598725049615
171.7537172945093
58.59695334020753
