138.8666500984239
130.06554607916658
173.21978079778532
139.39135632672568
75.52669019197045
112.90112580617189
28.818371587465876
10.078108807083904
88.84175852312978
101.0482745098518
101.99596097516205
163.18288692054807
66.9866043991459
55.53545376410889
34.42969286176064
34.54441774916523
134.88324600827374
135.2623730024013
164.99128253302194
143.64760808518486
54.59098571005256
126.2814384349827
135.4346497690921
170.8837518968698
136.90252562501013
78.54958993023587
110.09213992558603
33.79096019614059
7.933494099504628
88.68615025564907
100.2276211456763
103.07051834899669
162.84779390667387
66.6129925476835
55.39766707980042
34.73201147103768
33.9866602639182
135.04788883839305
135.34017058342752
165.14691167104354
147.55392860482
54.42719267449887
125.20640034865363
146.63356434284447
174.8116605820459
119.3705251383876
71.98534863018763
124.23171039908252
32.32558718009263
3.134577558943202
88.05233734927683
101.98146457420256
101.59304155490163
163.67918354657618
66.09691022865724
55.055322934870695
31.01815128917924
36.521614512848515
134.58972841318882
134.87174880814385
166.51544877893144
146.89333418111158
54.45389143892737
104.7960230671102
109.45939969955482
146.09973791331896
155.804172256203
73.87671689292445
97.42789252897974
9.605886358955413
29.97427961163633
81.36359676931392
101.50144518112103
102.2916378490108
161.39636753811368
67.30468316936054
48.11768421280877
35.11221709558414
32.99281676556553
135.36659095585975
135.1297075803433
161.6550565683379
157.30963667172256
53.812049038495566
119.44078322167661
142.3990404641908
140.2708093062417
154.51376869512237
65.02060277092934
100.39742596926726
2.5232930072583226
35.049194234388025
80.80531700155821
103.4135865563154
92.96153905939511
162.44051884581873
67.7526558369819
50.753308174874256
33.7216506801017
36.1695027321566
135.51798638977596
134.6109838835423
160.53309857543164
159.603801406237
54.20353081800511
127.74593079640495
143.56554294358983
143.92530090461182
155.73996329580496
63.28549423630703
106.41158470460131
8.028653415465898
34.259689643561714
81.53199115545772
104.96471536638386
97.6159413153927
163.3663070413199
67.41897220007556
52.672332743875856
31.891149200332297
36.50648163639291
135.88108469728704
134.26966387320329
164.98268298648705
156.0177965497178
54.07128614210296
