78.76186569729686
141.41019691286337
163.5558665546013
167.96894737951192
94.06050880722034
108.71665053207164
38.08427225741133
41.41398886297133
79.59240723268192
106.2552276247218
85.50907360352694
162.72458247803087
74.23125753767968
53.873333076434385
48.33722261186231
24.312733036997752
142.1305305051551
125.67478026103495
137.110552922336
159.87194378817745
55.8897721365749
74.61018317008316
143.89323447591903
167.46684583389438
170.06873018697868
94.02375973735141
105.73568566382372
38.34036207897371
39.74683821982036
80.50126478586006
104.9473352402708
86.17343983298382
158.98385716875185
73.37463287121456
53.44897545785174
47.578815070185115
24.671745302033077
142.4648639404122
126.06457474259187
138.99427411540705
159.87689766782916
55.48889045345082
70.91400100317344
117.6170365260246
165.5808841438288
161.6284292140503
96.96576869425908
103.30736476255487
38.808513852287106
38.33481252727418
78.07008603642603
102.40793398939637
90.76029894760342
161.2774423412674
71.49040898536059
52.19731564773776
44.37902274945139
24.26184140449182
138.8178950174944
125.88723679863493
144.41012701895383
159.86833015600078
55.676655390597396
98.06489652155457
69.13190123574236
156.68557800120237
156.76003906657198
101.27029136802655
94.61403888037621
17.83446098130291
34.71987975604645
81.7673494448089
83.20668034458606
89.0963978218074
163.77016089788216
69.63923671348905
47.697970070776016
41.70696819455195
24.247083275549436
134.56886312344304
125.5119551759394
158.54266938400227
163.83983813312594
55.944287710018074
95.86302640437324
126.57080478482
155.80830569017303
158.52142444888764
100.21049192418866
96.71995736005414
9.728089218147042
35.04370201449587
81.38295487453021
84.86382729326793
88.74303051075279
162.841072923054
71.1756553434939
47.68749482707527
43.39620282839537
24.436784585062497
136.18005900189993
123.63961992284243
154.87120918696814
160.38408955134895
56.197857308987516
94.53061040566689
89.90163649320611
155.9861148112449
171.48500668957934
101.34282505867708
98.04023469438407
11.642004769093052
36.30509515490733
78.86708972005351
90.40265782382687
84.06069193222375
161.77794063553353
69.408268216494
47.55980684328324
44.36071727666585
19.99427021837923
136.7760877355667
121.15708544850301
153.2109598023065
166.36760995568972
56.39515877623769
