132.4153876277513
91.57389824566911
168.0157483113484
135.31150662528947
93.27823760912567
109.56179347374491
26.69476452935555
53.87670046280444
89.0002557723309
93.961621674625
98.06156803530347
163.2684510689884
75.81767138267087
61.928414899601044
40.433506572139954
35.6098589302382
131.77683728221874
132.26609709288695
166.22145484195565
146.91889398612562
61.673079988562264
117.35621105198747
90.00136545532914
164.5327887246963
133.85495149701097
96.94732626646439
102.97004166552193
34.45979289905829
64.21025621299822
88.26443141758772
96.67911307564898
100.43063239019045
162.938013951999
77.47597568195835
64.04000483834805
41.540027185027355
37.883615920675325
131.2106842538306
134.64960433145885
168.92719790194957
146.56243389885907
61.78364611097611
139.5838899627702
64.15763770659383
158.65185647037998
131.11794482645834
98.0152651086331
93.37321711075136
31.29974107281745
8.356435884152527
89.90459159696927
99.26884524329358
107.41081248075078
163.98443979886187
77.66691319994986
66.31395379808525
41.72397090421627
38.52054041022834
131.3392668225291
135.87076768078254
173.36665366143356
145.1967005287179
60.753453905558715
113.19925603565105
138.06293965347834
141.55256200368814
146.8466487724141
99.75208360979013
100.9653635645916
11.470614200846708
46.1277874398357
87.09112386953257
88.52443423879873
90.53984221850865
162.20689922753562
69.67728612197024
50.7642780406559
38.44868849349845
31.698627340731445
131.3512859592726
139.91355567205326
153.9493475047217
163.1827609305622
56.161149826409975
127.68602711084499
107.01154355951735
141.63849128186806
126.88366604200397
98.52698928066734
102.7139087055054
8.21965580114314
50.63885156487471
88.82682161063494
87.97600664205825
94.84435691317891
163.41946452941994
71.71117085466337
52.78239916658299
37.17435330417648
33.14092901223789
129.9374320869438
133.74721463175172
157.39799970995344
156.8171284208714
58.92642854589676
124.0291559842237
127.23965297617563
144.82301165220431
133.205697087847
98.20230422283704
101.19538425960205
8.19946322239268
47.344176091639184
87.80899926265965
86.56081685593797
103.30987766600624
162.83313316501437
73.31984313689198
56.214497415037094
39.12419230323043
34.15523729537131
130.34793235620717
135.9120603918238
158.6903689529517
153.58106085948233
59.490626676097335
