119.51019284182243
96.3599277906829
150.629855615808
159.16378950226036
96.79243747291561
96.79701726368228
5.378085657928562
29.527169431889426
91.48904711981619
83.89632744204837
88.53990291588035
162.79344820432777
67.38634792205859
49.58825870015804
36.6701602253694
29.44255824246196
130.03315971951585
129.18320435503884
163.62189580641066
165.75413134894742
58.11394496772826
111.81893650043936
101.57974113254214
153.67280411387623
152.26378944255205
94.35766500112942
96.87743742601458
1.9200389733073393
30.34716782804484
89.56148762495413
84.40705063907696
93.86895038929308
161.82769450632625
68.49484809363913
50.679857843871396
36.7788557406709
30.513667493184748
131.52618668279325
130.5938810518005
162.09304300475668
161.14152499789373
58.22449157016767
100.05129547579631
133.62280880008112
170.43663153350187
152.5527667484406
93.8728715489771
73.09762248131234
15.14662525012356
34.76002035715701
87.65672327005201
85.29235728759592
97.83401849205963
163.00895142504785
70.02264752911896
51.640577014073656
37.489651224812015
30.19209104137781
131.6112511145898
130.55245601987409
160.80109405472686
161.54407670014035
58.348888336823414
73.5887817990019
142.86401778886517
165.02990335725633
164.43039650612008
94.28449303883336
98.51203421440988
37.87858218407567
36.10569995932472
78.09816226176963
89.71402588017295
80.68291331517997
161.04290926988813
68.57962671092756
42.615726030610084
39.112651660196
25.739496539294482
133.81120034151598
128.99736064565056
150.32912998094423
163.33279062780653
53.492642307884346
71.97610492708854
117.94522211535394
164.19894223292786
156.76888896310595
95.51390738022971
95.6418554655448
37.465906245380474
36.97230831152229
79.07383262147893
86.04057753343477
82.50620666410393
163.33184640843763
67.07151353159422
42.57387145990852
37.62250498686007
25.991147091185326
131.87206610430314
130.6319198966549
158.95648803579672
163.3323306787832
53.65014088966465
68.97670359860884
114.33103235218695
163.40327404564067
158.10017763053352
97.38618344555736
95.54065007556224
36.05457787102334
35.85741204228492
80.09803049299653
83.60992276589377
83.32127684120682
160.63761988345303
64.32968092543729
42.78541889232204
34.51649508362214
26.373473355140604
128.8924152361429
129.94059034945383
164.60764238490006
163.33187740594084
53.72939778070861
