127.94337081863488
89.96829009848337
178.43292059323286
150.1940437850408
90.86754756818901
96.20418355279675
26.621372523325856
36.488499266652966
89.31055207564047
94.65568437463551
97.14840274640997
162.3953301879764
68.65455102082313
54.04803393712938
35.84253659592062
35.69385541116644
131.15953913636864
139.75257304177097
168.94357603552987
147.3049694494109
54.59346436487174
136.0991435074152
83.40012079367719
169.93493082196213
163.46181852974365
92.66125603426174
91.84799914740995
30.5151916409814
25.30709955369326
90.09518271547441
94.31945775393272
97.1015492296615
163.01951359192103
69.99702354922536
53.83853075852697
37.27517871468658
35.18714830167933
130.97039577346607
141.85773327952472
166.8955979804971
155.95263287307446
54.334972418205396
135.75775416400117
81.90847808552012
164.1992953507783
163.8182598857961
95.63105092629229
87.48423714615672
32.104854456266935
29.470532669099978
87.11624370074354
94.23459412020692
105.05255265358208
162.08758932637255
70.0332934600759
55.5740805362
39.136793313163146
32.92506297336756
131.74405750397761
140.81612989810563
167.49771671012041
146.21217457545134
54.27622313953535
115.18950574271882
101.06943693329221
147.22347000824314
141.1207378738278
96.36599974550727
98.71557904346685
9.110888059159537
42.37665717081775
80.98300701605739
86.26303249296589
87.35573187194325
162.34833891778405
64.34321805164863
46.137785599707364
37.79828864242498
25.485197342749856
131.43907349910475
130.2743881008019
161.22039795307512
162.74864307782207
52.27013170610514
114.52844906101396
107.97749703521687
149.23093539293748
133.6057728333135
97.94970553675034
99.06756200084804
7.686611413516056
45.41832328919064
85.51535189955688
86.98317274906199
88.98336531339892
163.07360877053034
65.9534887965233
46.83205241929398
38.275217486986286
27.47102222476483
131.53982822333427
137.89408520174283
162.1831977278641
166.02626699313356
51.81955818121914
118.76892142852535
106.14021927912852
154.34871056544677
137.8775616846073
98.19764081002246
95.64818013930807
5.480501657627744
42.669286961024255
89.10238765462503
86.00377920395826
89.37098186025824
162.27887474216456
66.5576273081125
49.152057380239675
38.432474954895326
29.542450971894784
130.63611071273453
136.99755714496524
163.12832366895034
160.95553353584745
53.13003081125593
