135.8354584000755
134.19542294773706
165.7201017642132
155.0651397147674
87.83790760200037
106.35911882345111
31.675446228578014
29.018494583651897
79.82164671271447
108.0826728405313
58.90373470889595
165.87385574373775
75.81355288074931
34.93817964551159
42.67889879296686
30.23003837692919
132.65239617940406
133.055742632788
144.13959299442266
130.53372936256955
54.92501997299628
79.92597821807452
133.70272428205183
173.22102039217367
155.38449128373165
83.37987665542755
110.24939900385482
34.83940783690183
29.35649439287067
81.4206911826966
105.79495746731078
59.13800056997372
164.00419053209646
75.53113147047453
35.57846413172747
42.47773092525608
30.990949915394534
134.63417891553993
134.39520064745557
138.1167358118336
130.33168476520865
54.94279645000828
77.6657893661102
132.06069640869725
173.70350170629038
156.79520983999973
84.92522522577731
107.52899058326281
34.327517715624296
28.46795726463883
80.38394290057983
103.784537892777
62.050399449124484
164.88700423176672
75.31591692155922
34.87822745385544
42.72363066084543
30.228049535570165
134.35164773966287
133.114833864495
141.382712879839
130.38833088689435
54.869048412854056
94.82923570917839
132.7705305186603
162.45439220113457
157.95441100437964
87.64893203808234
105.34958196362437
9.852711481932566
26.045101107483287
80.29636731502927
88.8015398663466
76.87239002260303
163.9999496788845
75.25005290708582
48.75212434211012
39.17006241092048
31.094498442933325
130.6203227244762
127.46212894901319
158.23082592191224
162.26694922654377
57.36029079925625
94.09893597194085
90.07847758721098
162.56816256368433
171.21765289644168
87.11455546303937
108.45026591261909
8.819712878307056
26.33234327039626
80.93639740600257
91.38665646264388
78.92412327217379
165.19214570067214
76.7524837220693
50.06509678275802
40.57336820715202
31.4529005519522
130.55795065187212
128.90907120472016
156.1551555961604
163.91617974610722
57.42759598417962
92.67672532082905
97.32112482281953
163.41250747702352
172.18911164215118
88.39000464680699
108.84396612477651
12.700817150939832
27.720276592363078
81.31565579106905
97.58043668114206
70.56609905340201
164.97992134967342
77.28383927404528
42.64858956136236
41.967738844696896
31.345748743714612
133.37764887103722
128.9377942088462
152.5426084648847
140.99697547871153
57.88458855558343
