142.81770947148735
63.0167386247981
173.36113784699086
144.05950794812605
82.22467745067226
88.9960834646733
36.44039922839923
12.393493395687932
96.11517773889328
98.26550410827943
106.9913124604134
162.63120715089366
71.47940958316502
62.35999908044147
38.97854118268684
43.741796480097946
134.98713167655285
161.51826833176736
169.2301287999253
148.89240168610803
47.850559479940884
132.6948563386038
140.48406904234213
175.41845611628278
170.40798834372615
81.8479842433205
76.16912797109075
39.878372942225845
49.75955471089105
93.13310871896924
99.1337761486324
107.99079308335338
162.3932049948549
71.19961230307013
60.84933097055026
37.99483674488207
43.6905944413765
134.57492710869127
161.46123692417416
170.4072070703958
153.63372910191268
47.66531853449466
129.45544877813725
55.54856605913585
146.11184632189585
131.66702912461935
84.78978636644044
88.27568904901727
34.342800515807845
13.914529284854112
95.0153291598021
89.53818517803205
106.64705322791129
162.4287278974069
70.25826020609092
57.40039431965443
37.129312124106015
43.75488207527971
134.93591178156703
161.95671925972002
167.75044037747335
152.5314868065307
46.6814799905885
101.98723501134425
98.82753847134823
149.00815420252295
159.37343198565532
86.2651608006175
93.3812211809702
5.476277324424622
26.745956737735366
85.84689475156074
94.55591333616356
93.67556881636374
161.56338055042949
65.65287520032348
47.689350179144554
35.07029642863371
34.80683549964173
133.48168397294484
148.65001290762407
163.35178260559033
155.45862129222505
49.26556881852062
110.56548353755952
156.01728653443567
144.9400890762472
161.17717453088176
90.237767801432
78.01145025373495
3.3947518390741234
33.10300830610984
87.37079812614337
86.51786955998752
97.02697608341488
160.82737964380544
63.71440780396954
49.979342428620214
36.21097087113262
32.58708519013536
131.1506650202785
148.98958001861118
166.01600689197662
153.43594833091674
48.92798975299655
126.60818229246378
111.89183666688363
150.83404514329638
142.28676235985264
85.54845448122195
81.07821615383429
8.00103479238119
36.2646266523196
91.7069784632764
91.40576250276132
94.2744937634409
165.03051689575491
66.42186063961728
52.892183766966056
36.08165942593616
37.052277895460165
132.72361475549883
153.61044754225645
163.7204033462291
163.07526546390824
48.13591969462678
