121.76065186523144
101.99030826845745
160.0890612706867
154.7193548221538
94.46783833103174
89.80975964205199
3.9356523285010105
22.835828570105694
94.82247086736176
74.89995631856182
78.21926097238212
163.030329038008
67.71858973590808
50.10890907355667
35.15493690293243
31.7592291773896
124.52706053232653
134.79799795018448
169.64350233836078
171.05791184838657
58.56296433534557
89.93633336078692
128.050090560272
165.54753783282558
134.68274275848205
93.66722161571992
72.22833606139018
3.8915923882369663
23.038480420282266
94.24571885845714
78.71542255058269
91.21010947242446
162.7145412780825
69.88815920582182
53.48277778122436
35.753456636668325
34.27994065816355
125.65160455245793
136.77684896044858
170.83237129065688
167.52180061315846
58.9946431588929
106.12386826496687
113.78947908399532
171.049480144569
166.4383573215353
82.65915105436117
94.89571582536398
20.027777183477102
15.762516359564584
92.83705714524116
86.34328040525564
95.13790110831128
163.78074254244893
71.01789364307425
56.57200935085044
35.994096247608056
35.490959260065154
126.69391720678595
134.6059305989504
171.01776167663235
158.80417219592582
59.67439736031892
135.8354584000755
134.19542294773706
165.7201017642132
155.0651397147674
87.83790760200037
106.35911882345111
31.675446228578014
29.018494583651897
79.82164671271447
108.0826728405313
58.90373470889595
165.87385574373775
75.81355288074931
34.93817964551159
42.67889879296686
30.23003837692919
132.65239617940406
133.055742632788
144.13959299442266
130.53372936256955
54.92501997299628
79.92597821807452
133.70272428205183
173.22102039217367
155.38449128373165
83.37987665542755
110.24939900385482
34.83940783690183
29.35649439287067
81.4206911826966
105.79495746731078
59.13800056997372
164.00419053209646
75.53113147047453
35.57846413172747
42.47773092525608
30.990949915394534
134.63417891553993
134.39520064745557
138.1167358118336
130.33168476520865
54.94279645000828
77.6657893661102
132.06069640869725
173.70350170629038
156.79520983999973
84.92522522577731
107.52899058326281
34.327517715624296
28.46795726463883
80.38394290057983
103.784537892777
62.050399449124484
164.88700423176672
75.31591692155922
34.87822745385544
42.72363066084543
30.228049535570165
134.35164773966287
133.114833864495
141.382712879839
130.38833088689435
54.869048412854056
