124.18103098907449
135.04353689698561
166.71852836907595
157.92716680956255
92.02065109031176
109.7140572084365
32.370670727917464
36.51780496921874
80.45406103711437
111.14337673464858
75.10455650987119
161.23670293952512
71.89894506433433
48.61069098707254
42.756047516639995
28.288453415646504
134.4673248442053
131.98987344703391
128.58861585159445
157.48656381801192
51.98970913498499
124.89995797524824
138.60959277977398
166.18448111613571
157.40914183411695
92.72285175336394
108.4900314375635
36.093596472943844
38.154767551533006
80.7663640423799
115.0900013768844
78.20528074920283
160.73676645502428
72.5929279301159
49.70042334691465
43.072524729745616
28.15626361538038
135.91658674461058
132.0203856610593
121.66767577424268
157.48209388073525
52.04026698342681
123.8820451059943
134.59285106523726
166.3330842307983
158.57039312685708
92.32553011159605
107.78638231395158
36.121267462944154
36.124355929612655
80.87123001006093
114.31911546596264
79.31615883606408
160.20298432834633
71.5878899583168
50.018897088154354
42.06886947454206
28.38134533239232
134.61718674115096
132.20184716628174
127.93767258459522
157.47923200437754
52.065613020030696
119.62708097739402
81.25150082256027
164.50961244463102
152.75139671403878
96.05719561895357
92.4946910277026
11.652182159879647
32.13509950749374
80.15207747430055
87.46964366621403
86.88233627004479
160.86792796020075
63.09209834138482
39.27860240466326
35.42510785466477
26.215700222946445
130.00841368900333
138.1939788980234
153.1091560491154
157.14319766718612
47.32617625124974
119.21693370000403
133.17791392027695
166.54427791189232
160.191159414251
95.37983771781752
96.79158580916261
7.806482738432005
31.638300442659734
80.23094863941475
93.9420510997987
83.91380961731738
161.5417418122764
66.47839548923429
42.50617570839384
36.019012553950574
27.73938007354267
130.78646188545764
135.12457228141687
146.2462301963666
157.39469650875054
50.070428524539274
122.09705755516865
132.9559637750695
165.78502955969844
160.60325156746774
95.85029812121417
99.47491656002953
8.604300584083804
33.30037183399879
79.63398354407249
96.15758590526693
86.28616718425342
162.01673728178955
67.1257434921709
43.38028176147968
35.526364890278074
28.198588382188383
128.22063548339813
133.16812825279206
148.12103604547855
157.48131246650794
51.71456803037977
