136.60510452813205
119.65050417080444
133.12126440047146
146.1940014707017
77.90386277331808
113.2411635301619
22.242360076140674
10.537517869108619
85.12840963083642
108.22420191762346
77.19557319074188
160.49272875077156
69.61552344299118
47.45187028745383
33.37474492956336
36.12458338209725
129.20322028427333
142.593678309963
161.33535846470622
170.1661889133861
52.9465225047917
142.11377211402746
115.74426636980726
143.16740246550637
148.5740512367149
79.64411747539135
106.01067132858152
16.494770936829138
6.5331711852557675
84.99485353027184
115.64764723524094
78.04424766223207
159.42699325909305
69.5807456954144
49.10543077442919
32.75906428500712
36.65101828243368
128.90836228589464
142.59003837556142
151.33689129469377
170.0373593200386
52.74380442069174
68.61695747495347
117.00367331812724
164.45496550672956
146.3624245872467
79.84321960390719
103.90437265745761
16.998113553909647
3.1724611423036797
81.58188493315676
110.45161374514387
79.72324827584042
160.6531072608768
71.317080146381
50.69657662744084
35.51951836816913
35.39220316749505
126.61009739804902
142.42537573979814
150.35580709266898
170.01403584061853
54.05130589219871
68.79871397274259
127.86824403325078
157.51292249999685
153.80202477677082
78.33316571395143
113.48332558381959
36.75942429766279
12.238271073575817
92.70531081187929
77.88291890138757
90.56460463890359
155.47576558857236
74.86832281694186
65.7130675463889
39.29047287747568
42.94091795343404
125.00129917534692
152.04615038478565
175.39072681090528
147.69758015644078
53.87350370452613
77.62399891658865
127.97999115518544
176.96465488591514
153.0048872517923
74.74652415954702
112.6972592475677
37.36883728554292
21.047042697610202
93.0088357266989
78.73193515127556
93.76939523273086
154.90946725000146
75.3920560660238
66.24557259701979
38.619843104709425
43.863216263038275
122.79481892799765
151.7552998635291
174.90116137705837
160.1046636600319
53.696151863146454
72.07846073981581
123.79084186089598
165.27742424366136
155.500842722559
75.03696610436465
116.03335461404879
35.86484230256852
16.472269173653167
92.59232121870463
76.92922459711811
85.19556621475209
157.33605130121376
74.10222407093364
66.96814898583823
35.41581808024445
45.59782250172119
124.63262873075674
151.613308860444
178.3036226157738
148.0172827248495
52.045826739645314
