79.23967230764671
134.2834577311713
163.48434709086447
162.4416915898302
98.39131480832866
114.33092895315417
45.23473107987695
47.96582944560904
33.65882087375736
115.96709251903593
60.7152381219164
156.42115028181203
43.00974514757525
30.93075888016754
45.92279103962272
13.4097082921142
140.40690951410025
112.83496867128828
126.70844895274602
170.92761179746037
48.434806980784145
77.69959981372226
135.56549154025643
165.63139518924334
165.08700361738633
97.12698665762345
115.01132644945616
46.249594150515364
48.63370099583789
35.8067372682442
113.42131446740352
57.560657657538854
157.8214536166717
43.10371416336137
30.110356956269595
44.1831472096568
12.849572466942705
137.78577663952132
112.6152560053371
126.71307206360206
170.93803236324402
49.293622044584204
75.59219035549538
135.37118385169214
165.45475963927225
164.7002898812043
99.32509693063464
110.87291161119872
47.39771880254723
50.36599250589902
36.64166896789705
112.30760534760282
59.463430265215266
157.62068952377365
43.20527475074398
27.944782889581298
43.02746995273026
12.361987918990785
138.07930050066813
112.37002580051673
123.68426412685406
170.9427538080733
49.12048831207847
130.66379834414502
88.39715099105292
161.38964673355696
161.9344482756467
102.15624895863513
89.13052050927796
11.041223641987505
34.115218186176534
30.298796632089278
98.0214934343147
60.59912122586814
154.07931987519297
36.956545015647116
17.069079347701
38.958747519069014
14.20385198221606
136.68811971490405
113.98016334302893
153.8920532160829
172.4045456638429
46.91473012921816
129.6717770027329
133.1444239565496
160.34445469339423
149.6830354760787
98.4955616174576
108.57877738839748
10.843570508493636
38.26900820258885
28.5863378050872
103.33332893921572
60.68686313841882
154.0246669365463
36.66315208674269
20.849075638210376
39.34126140440696
14.516205394371065
135.14581270620423
113.26245216489892
159.03902007033076
171.89632811139973
47.30482603786007
127.77813904688941
148.928756595282
158.78212039089738
160.52786461206702
96.79815020258613
110.05277914995656
15.520564661788015
40.03050903748157
28.181886104391886
105.49569111875562
63.66622259042119
154.18502982711982
37.324146270103945
24.562006175353662
40.34410751769367
15.024668349174727
135.78527741008497
113.04600965547945
153.22135800027243
171.8009166638191
47.265044509955
