133.2113349848023
131.3909920351163
160.38988345185496
166.2988992128272
95.46235390410934
110.27446680670074
37.64305685595906
43.10467342963982
77.33055498345405
111.2341820194416
88.58712155817899
162.0686819014201
68.77105057317958
45.46350704097026
37.226702207718795
32.739892151761325
135.27679128761298
143.2043844222609
136.26364260166665
155.84302256784864
44.340551059412014
76.87218707484132
140.86963274483585
170.69403738886282
169.08592756227682
94.85882030303976
109.03568444296639
39.05601242596222
42.42017396112383
76.14035166096689
104.99231465856138
91.21205184871909
161.41343167039085
67.76233935987192
45.6255568642706
36.24206851893062
32.40228844403106
134.4220817248148
143.31211321189545
144.93796358841252
155.8419161720371
44.28606852983025
74.08121008836906
115.12112608045446
170.78286310829446
160.39358431969796
96.98797858086091
104.48660168441798
39.21990286311905
41.37467385891254
74.82609035904818
104.0165999039136
95.02669644074136
161.2081446269319
67.64784055498957
45.7922708004202
35.61856864109188
32.40797264026345
134.05025177714947
143.36770244493763
145.20723265555577
155.8397718366024
44.119332429453905
136.246277323315
134.15571992183186
159.8399362304103
159.0097737232433
98.75526017222101
99.10229045490016
9.781000521379093
34.03372537627846
78.11787727726018
83.9675460796676
91.26050289606545
161.82680527315446
67.20240348958252
42.942164288182425
38.57662565345328
30.827890572576678
137.16381054606327
143.88760287850633
157.8158160926666
155.84952815773772
42.64325908590696
96.92677574451713
92.39726944786923
158.9691764895808
166.0998280294294
98.24387261006869
101.29023176827005
8.976038176347556
36.16957556488572
77.90397020203972
82.79499555793022
92.73530470824333
162.12801311717544
67.76199642397627
43.39686986787315
38.299275979198875
31.079740939851845
135.55528048942227
143.94123311480587
155.41384357476537
155.8636660664911
43.655712692589766
134.97014017097877
102.97671519190594
160.03328382380755
169.39123671200758
98.71197660537027
102.64913427590179
15.62444829054194
37.074107890761795
77.13332125395806
98.42193558402529
89.63555704149304
161.59491172163717
67.44134726751813
44.684230900733304
37.873701491193515
31.13908188130697
135.8201469820524
143.13601342240221
150.8646532081815
155.85441099483378
43.16331555287801
