115.31094992501444
119.88443059304255
157.81361954703058
152.6825353007256
100.72956456378249
100.33329975568003
37.550578776794765
45.067925678608034
30.898613312508388
117.27797798609313
89.53629075753577
154.61176748073498
36.93236783271186
32.598951598483325
40.4098363168506
14.253189561194038
130.34628798823104
108.78025208843248
147.23030026767938
166.9983647182321
48.58655037285143
114.78061578015276
140.25960283587332
156.54267620129357
160.71841729367094
103.19060180283677
96.08491288180976
37.983790873874284
45.672993653171844
29.84237479431927
117.6490108014371
92.80209555677625
155.33944364848162
36.72005303970024
32.40689870842606
39.64980517151343
14.313913195133141
127.08417815430877
108.61777808279325
153.85947580599716
165.342625844672
48.85910457199238
122.99375146071075
138.36423954848462
152.6235912131037
163.64027698489375
102.0067091622618
96.95268581908002
37.287076885154015
45.51240255701658
29.390256601689444
116.57749186821253
91.93689970441434
153.76895555822944
35.73942699012151
30.692154442729414
39.19983291584691
14.527833399595304
131.54278515051018
108.72751560370891
152.90499306219058
167.57060928045308
47.38525147671314
132.0654072372819
119.77682046654677
154.77334463603685
157.90285028802035
103.76231207963913
96.52398124596111
12.962198634142208
43.998787494927136
83.1956028400863
88.99121960431697
113.71135112528171
154.935865444255
61.5578276945887
24.280160513821702
32.63336457966568
30.541747921397285
132.02971400577513
151.35081029160105
165.64240503233086
115.6610847022226
47.4337021909994
124.86887027040433
117.87731929753619
160.9287788746147
167.38737803195127
98.36915604415017
101.32891301394015
10.83252604777928
41.25647449150058
36.50083108144588
92.92001564302214
80.8496437358845
156.07008968572316
32.60797909577182
13.523699614189368
33.43221856089068
14.923194163672687
130.63707251152886
110.06916122245747
163.28845384648068
171.07058497204912
48.11328396717945
127.39475995656984
135.92595232262778
160.53846023932095
163.69731166508592
97.17168118351279
106.24870474931978
15.588993250626386
44.508843145664535
32.57313628509518
100.99160732684963
79.65738948795513
155.70418783623109
34.98222022138209
17.277187056103674
35.267832636157436
14.159703900335032
133.09776843475333
109.36095713664865
161.9828042976864
170.82087191133488
47.65060433064697
