120.66772984014678
113.83306509511063
148.90518695290692
119.07316550692188
78.32772780849574
99.75683872950125
12.670632316901548
51.49508413060018
48.6440023849328
83.51294421904934
63.96896788821294
159.4807889273984
30.97068588985929
12.138609193912918
23.961258401910474
11.017714493531678
134.96654370937367
106.64784330258712
167.4694080121448
176.64147063576235
46.86228140209282
133.30792044343818
114.07849982611205
147.06999603237384
118.05713431531409
77.88564081689842
97.8512724332239
12.016097681916941
53.765999537668485
49.338545050362484
79.76449209741533
67.01000359543677
158.814435801006
31.373029703084423
12.457456218774938
23.364746100054372
10.88041702801633
134.89195569083768
106.54516054715742
168.716166530168
175.15014130636283
47.010938405987005
132.2990944009978
116.6659896834388
145.77902346709405
107.12147485765556
77.07435886285464
93.60292068045214
14.285224842345462
63.98341318244611
50.72563515227175
78.74240464225166
66.573092278075
158.7514999353634
32.115803354309186
13.510334107413607
23.056888345844406
11.29341681692379
134.64636760281803
106.49182530451115
168.54701814339302
174.43198441843916
47.43409627847148
115.31094992501444
119.88443059304255
157.81361954703058
152.6825353007256
100.72956456378249
100.33329975568003
37.550578776794765
45.067925678608034
30.898613312508388
117.27797798609313
89.53629075753577
154.61176748073498
36.93236783271186
32.598951598483325
40.4098363168506
14.253189561194038
130.34628798823104
108.78025208843248
147.23030026767938
166.9983647182321
48.58655037285143
114.78061578015276
140.25960283587332
156.54267620129357
160.71841729367094
103.19060180283677
96.08491288180976
37.983790873874284
45.672993653171844
29.84237479431927
117.6490108014371
92.80209555677625
155.33944364848162
36.72005303970024
32.40689870842606
39.64980517151343
14.313913195133141
127.08417815430877
108.61777808279325
153.85947580599716
165.342625844672
48.85910457199238
122.99375146071075
138.36423954848462
152.6235912131037
163.64027698489375
102.0067091622618
96.95268581908002
37.287076885154015
45.51240255701658
29.390256601689444
116.57749186821253
91.93689970441434
153.76895555822944
35.73942699012151
30.692154442729414
39.19983291584691
14.527833399595304
131.54278515051018
108.72751560370891
152.90499306219058
167.57060928045308
47.38525147671314
