105.06940291960389
100.26484113586012
142.2887600613901
135.95890064879544
99.15668645362635
99.93408903960794
12.125920861934755
49.83992338403999
79.59423285583142
92.80553091786385
90.79174747058714
166.381667423007
63.75873601223747
37.286311490383554
40.58843628759641
25.149993887421882
135.28994235584665
143.85388280971645
158.06043049476546
131.37995594817883
45.442760180890964
111.01997435334538
104.75039242881307
144.93215375413612
128.18898877108884
97.76415550274488
102.15328351668853
9.979562582269748
51.23648923876987
79.05686825682231
91.836587321876
91.84626738225992
166.0730753432046
63.88208463433926
37.5818973811302
40.131722558123286
24.745463310820423
133.92666763542874
142.94975725851995
160.2524229197048
131.33516709278206
46.27592708718463
127.87384472837671
111.05809644334774
143.00801504184022
114.95058480845626
94.57125106284036
106.34047072256341
10.294914183636097
59.319533493221755
81.15485262710916
90.24636460737763
83.6167846123996
166.5944433963968
62.81421229409307
47.698645892996886
38.40770687090868
25.169124970195217
132.45533968910175
141.48572110141617
164.64738817719615
161.92123073774837
47.053662796269656
78.15262116925177
137.40371837209736
165.406832987666
166.76811075757325
93.91873432620137
106.37977937158595
37.82849372238297
40.46110856972209
76.59476865261185
104.71909016523179
89.46208889132356
164.399758577469
76.78586977263556
41.962379718442705
47.912428117678154
28.331869486868623
141.2930967736875
128.42987733959475
144.4883004342611
131.40396561666284
53.61980111296931
133.1285205593785
120.4871129543428
159.41219567599697
158.48165860104683
94.71307568151695
102.47234907015823
38.45463467373776
38.90351543681779
76.09188553819571
112.08332164751158
86.686571734916
167.00809609317128
75.02889471257195
41.0232997206905
48.07564443842381
27.35941522860716
143.36851440013808
132.41973503633864
141.6011729397741
131.64669693100686
50.32992840978886
134.61355463983188
116.48921368719512
154.82335028167225
161.06929876128441
94.42795368689855
102.1575993621682
37.83512752483175
36.09712018056514
75.57632828548692
112.45360649734107
88.22402185847513
163.72223192929226
73.07062568897177
40.81382951698875
45.47967204246567
27.416476580016617
140.53970532776066
133.15341862039875
150.1363532665234
131.50257473249238
50.53893637808903
