135.36588555771533
126.9907361993492
163.1632038480934
140.67803240784286
94.89631768719609
79.84328260452044
29.302596486850998
17.792153538989112
87.32672320648507
92.81601961610171
100.79371216640186
154.22692294491344
64.32891963130888
53.33300253673019
40.269164103344565
30.10816734313718
135.66986760111212
150.81364201950083
163.92879438906695
152.47959517287964
45.34797086004168
137.05901177652578
114.87823059747285
166.91540572994657
162.20216584786917
96.19002013583535
67.53967535423905
34.009489173496206
44.986358804315614
91.5893552733106
91.51728706798336
98.1004376808734
155.04484881340952
63.640895563891746
54.567357712485325
40.58039243108676
30.239563789697968
136.13068474067404
151.0934420279939
165.25998647437115
150.89246328231414
44.452456674832234
139.815538196505
133.05738691884534
163.61427685363552
130.42408424012663
96.41640563562194
82.06358328305791
33.75653381625739
12.19855039343307
95.12416895633362
91.97331638811633
98.51113800470401
154.32295182100452
65.77387631492182
55.31658325207238
41.00063439922489
32.37402731954104
136.27677773844493
157.57079540463965
168.57819300988163
166.46158587433723
44.79009154274541
108.68950414132031
95.98047599360356
144.80040091435623
150.2182011827413
94.1977416430852
95.78147274350299
14.02672445921808
37.44889625176003
80.89424952610854
88.07734471825337
61.06895603543891
155.77339642558832
65.83503338037563
26.557526872330687
37.05701218245407
32.62842839344572
136.8184924883723
151.5141740999436
163.17972046876156
117.48533922793067
44.93734656084244
106.85005922435136
111.93853807490613
143.07225222308662
142.85499888264357
87.92970172600678
73.93344372360423
8.370343220647275
35.12191429836649
82.97364144494468
90.73671124814463
58.28699533826451
155.5444142984585
66.65457762262693
27.690531419740452
36.66064030507672
35.057574084903585
138.0899533761381
150.5636737038329
161.3088509675878
117.49994832943419
45.447204306535085
144.03645308737507
94.58518194197926
156.19567941456756
151.72986500887177
91.0330786800276
67.0143826110404
22.06724906371956
42.36362744651715
91.54489613167215
92.58601797095731
91.56460666617603
155.9919630508237
63.87809867738635
50.99858430386502
37.93176586243606
33.19954227477639
135.71076373177166
151.14328681419406
166.3256465443436
161.01596914618034
45.31705998528821
