78.05227531888019
138.71399577288545
166.14287230338817
162.42260110739798
99.3013807444291
100.22119291684336
37.55733243746362
42.2083477966153
75.399848426706
104.00884962905455
82.21439460788997
162.9344211493413
69.75422441511094
50.8207304378992
44.07575452660964
23.16409275658013
138.2070875821834
126.60911880813867
144.23875502095504
162.00832287844392
51.50908276770911
73.75421748644509
113.57027224592808
169.08772229422948
158.64722549425352
100.01485986745425
98.92035925410848
37.85478949595444
41.244258340400954
74.762379970322
102.60513525040179
83.2376916322064
162.14589291248532
68.22050304914202
49.04195326216921
43.987096139459034
22.306804350417206
138.6980703626503
127.97945476158256
144.13732584458126
162.089212749941
50.70540495184197
72.30382640744232
111.02613727792132
162.03589698474394
159.02287217742267
105.54428933877278
95.94481426712198
35.938897716460744
41.7551003929549
74.89460555432328
97.16645584442355
85.95658440307224
162.12309551351984
67.8205310588192
48.75896134059864
43.44518095634217
22.14320982739106
136.68548536671338
129.38748707551815
146.03699554878966
162.04627761108088
51.67246566701578
95.08450567350377
73.9420350177542
156.2354612530825
164.36698093795655
105.13635432614008
97.03423611738938
15.403905750064032
39.24948626027661
86.1638129959122
77.29375902007487
91.29431715168981
164.40609334447402
71.39895257522845
52.43699603974528
39.196647290844105
27.653981476558602
131.46968739286166
123.9335780908057
161.61031049434908
166.41641009120144
59.338878060937596
93.50546773166414
129.56178948403007
155.0646924601163
155.90532364146614
106.83262410288478
96.75617412419189
13.362538459363591
40.15065452517608
84.06376980817916
81.22725034470164
90.49029346206234
164.52651613307313
73.41147305461813
53.13760942612909
41.91992702287155
27.244212170918676
134.21467979882132
122.98308210849399
155.37851709355385
166.36413984340456
59.26736481807061
91.86319511684604
87.30339347107133
153.61269217905678
171.69710981101764
108.29974979886435
95.70950799356693
13.719898252259515
40.74739643906559
82.62511614897734
84.7299902429653
90.97136349028466
165.34585325218012
74.64150751799497
54.05555577729228
44.689392451069075
25.293345124560556
134.21203732219914
121.73672922933474
156.47157800392387
168.51665103919703
59.26166409502784
