117.42082098912417
94.94444398529137
140.0244823298248
149.11471163320945
98.0444905104681
102.70994466992322
14.921470936499393
41.41947040671476
85.27231029909923
83.35452868112297
90.05958202505619
161.1741593153424
67.32264852330533
48.97277025666891
37.478009024863056
27.702615408008405
129.22146492525738
130.7725357882068
161.8491617580668
164.88609011271421
56.05144596743022
113.4510723100062
101.63867065776121
149.9763462022041
137.4901329588927
98.12467238305602
99.48730765223392
6.421645553136667
43.54027686720141
87.15732154297919
82.6698437847532
92.79278601385043
162.1121909161311
67.17768351358471
49.98398882112812
38.658227367892266
27.789999038183417
128.9818147070865
132.11848430263805
163.0349708083058
162.46440562487328
56.70140590686391
138.1342164455838
120.72348292345349
149.42607802074377
133.23532339883982
97.40303628591688
100.96498810851816
11.495256928361146
45.825689787710125
88.11453515462297
84.61498071980277
98.6410257208666
161.53107591096855
70.28771023430721
52.68533697552673
38.738607852926826
30.872929417070104
129.77451475397896
133.9849795009704
166.5198623707799
160.52802360194167
58.02869682625059
78.05227531888019
138.71399577288545
166.14287230338817
162.42260110739798
99.3013807444291
100.22119291684336
37.55733243746362
42.2083477966153
75.399848426706
104.00884962905455
82.21439460788997
162.9344211493413
69.75422441511094
50.8207304378992
44.07575452660964
23.16409275658013
138.2070875821834
126.60911880813867
144.23875502095504
162.00832287844392
51.50908276770911
73.75421748644509
113.57027224592808
169.08772229422948
158.64722549425352
100.01485986745425
98.92035925410848
37.85478949595444
41.244258340400954
74.762379970322
102.60513525040179
83.2376916322064
162.14589291248532
68.22050304914202
49.04195326216921
43.987096139459034
22.306804350417206
138.6980703626503
127.97945476158256
144.13732584458126
162.089212749941
50.70540495184197
72.30382640744232
111.02613727792132
162.03589698474394
159.02287217742267
105.54428933877278
95.94481426712198
35.938897716460744
41.7551003929549
74.89460555432328
97.16645584442355
85.95658440307224
162.12309551351984
67.8205310588192
48.75896134059864
43.44518095634217
22.14320982739106
136.68548536671338
129.38748707551815
146.03699554878966
162.04627761108088
51.67246566701578
