135.66174540766704
116.44648542161626
171.96357162265673
148.2702078111522
86.07119859668465
83.54250435897107
30.177494817157523
14.415454711414469
61.67799388750056
98.96085322309577
110.75454420874448
157.86661840619254
42.86402733512994
58.03841456496834
39.49706130068677
12.057595285488878
137.30259603945623
109.28036936163846
169.31835717215023
90.33550608274706
47.81634795389918
119.0864120058236
119.06772355780596
177.6133966493173
146.00737614205758
77.63224113356166
94.92107361404635
35.01847399793581
14.43316843488903
66.67585385158401
104.28167811427544
109.64971025956335
160.21890292753054
43.487809922067285
60.1213334348824
36.55837224667691
12.612984971118243
138.0997293829722
108.69773817779868
173.3047730528171
88.59661989325006
47.253196515282355
119.58271356479594
134.1829328016836
172.3929194950208
125.09403055320386
76.29829196724322
105.74243997878665
33.64427074522047
5.128989941613167
98.3391621871568
104.76943000851462
97.9959367667636
161.04756321819556
69.97141694131494
63.017752590097636
33.6624474623516
47.54469220626133
138.12196023557686
153.27759296692665
174.0864073417092
154.63371104939415
47.32179550609427
120.73550713229842
139.3536213642568
143.6497983808898
131.53018060496345
93.83203825437147
107.75402430393848
12.801140308402038
44.65487078603182
42.353800788089174
87.41592761403335
44.9836428908613
157.89692994316647
41.92189634017443
20.74240890320608
38.95044246508681
13.705444591303614
138.43474843221696
109.72102415106907
162.61805591645415
169.25187570788654
47.700687603877235
122.59153668451117
143.48668028753931
149.4800098315835
157.78008815955445
93.40064151126924
74.64908205548605
1.2469211388520467
32.67421449685932
49.93616178409593
84.20278747919207
39.34840717628721
158.07772809223135
37.50441820720546
21.594185576731437
34.45388039156826
13.304782396970504
134.3977091751324
109.82042085107558
170.5786099972259
169.25459920522087
47.91807279884603
116.93680988688384
111.05892654048087
155.89412476698828
143.60851813496078
90.38329626629924
75.75518429768768
8.384480984047322
35.06876023470632
57.66179882818374
83.15068122844247
28.15852241299061
156.2814922912984
39.170644995280995
22.835881729846772
36.244043290991684
11.048123178534098
135.57937841088014
109.86840126882475
166.81631820798748
169.25947480134468
48.30405848056579
