111.41493587385308
103.93862270734196
160.734129838618
165.56331273752815
88.60005025354585
133.74231408442068
45.53629147193148
55.04702066235689
89.68814797539633
90.82230674693663
83.80192415932976
150.32896792898183
67.85700785454524
29.912187591056178
30.080288931397842
44.12255904087803
134.8268703705893
157.99621837692652
168.73179687177327
107.90611689033007
48.28922217627399
115.83211384166717
103.46547175934991
159.45204929997465
164.979925223262
87.86479279729313
136.14001321271385
46.11007532403018
56.439787217595466
90.74823035931274
87.24790194258692
81.27483749729538
151.01065458960707
69.05522162581828
31.933569345683612
30.895530878883683
44.88735698240006
135.81269399855483
157.90989820050018
173.2682228200501
107.50010603764966
48.66033865742973
119.20456395050805
99.89489448013138
158.48490239048843
142.4756227961402
98.56585699397215
112.03453753413797
16.286083526158624
53.40049302694007
96.38695857121485
79.72147058888818
113.48890192512636
147.2310155584333
70.22668248218025
32.35585427359719
36.7995768662783
41.660810107936406
136.33825966839825
158.65291207481067
168.86549869902302
106.99966743868863
48.90674844789395
112.54681609974286
107.80046417345129
173.87497306450783
166.2669230118661
86.18361519299854
126.96120102403647
42.134683882114686
49.45303839464502
83.84093335652048
90.91110078387213
84.70363839607816
151.44991492192455
64.89517702330451
25.674896964839423
26.986155759795757
44.1828912498569
133.56795801165575
158.2310366244584
170.1945257133637
108.61725893294086
46.43236921734174
113.28925367240866
97.17735407245117
169.16560057804867
146.89293175416017
92.18890199675363
116.94730403823912
16.565594382518263
48.895621854824974
86.23956608036833
86.0508667269846
124.26067632375572
149.71639743090302
65.4736375664095
26.354196625845347
29.688755108369545
40.927827551134804
133.00373495597117
158.8429032279259
170.14297011865017
108.58307172098864
46.773257694376696
128.1551785980159
107.69234403661727
178.15813572271693
167.3336246636015
83.39405216336999
128.66374535085268
43.112355500070294
46.51570899304876
88.54279206530677
86.72826282519716
90.95200373015193
150.88337400107656
66.44700365913192
27.69611450540359
29.330883078898506
43.07781429516279
133.72101927175137
158.27840734307142
168.40933594459636
108.1326652374784
47.53420262489446
