127.8918808305894
148.3849754242846
167.3205690051114
155.09452232109243
87.81306625810068
101.35976299126176
13.959967374579682
34.95280596786997
77.29885873474275
95.88852313574868
150.86554008549524
163.3596550440213
67.04122169841068
27.165411270235285
30.856637243108445
38.59508946476357
134.93356068506174
155.4071654811309
159.52991729398224
108.4581781948553
45.8977944599857
129.24949021406144
119.42903138287488
165.5332679316212
155.95149268605493
90.68960028565222
102.72462154190981
11.242940042024852
37.45299957981378
77.83730136353854
103.37358185044
157.19872664379903
160.96942151884494
66.35766163353814
29.322502555712713
32.020199740141294
37.76538137531043
134.67780323805343
155.72178239769187
158.9677587392225
107.9765269417382
46.11369257167457
126.6340631701678
136.68252028067675
162.22708620465093
152.11706645676495
96.86722174656182
98.15505935118567
16.581799642085997
41.91605572543596
71.3288608771855
108.8880646692658
161.4997292572504
161.03673509400696
68.80000803842934
30.490445713051056
35.049683104013624
36.56708900890381
135.83134723162485
155.41049433175903
156.1632294600576
107.8521735793573
45.57981001925379
121.17065757994473
118.9321553177769
168.99323157427926
134.02626122615496
82.75045138561933
107.04037348858606
37.27178291165905
6.10134975914243
89.05060599104343
101.66071480087696
112.14794143647234
160.39187040352655
71.61179865856711
62.96917404166842
39.472154187582134
39.78638371851961
133.05667756435838
155.38764405488945
169.36862158243022
148.03717920399242
50.02248725981688
138.2823817386451
106.33070930096247
149.95802624306947
145.42256272334495
90.68019204068469
103.5117849514791
39.47582527257801
22.205625764723752
89.63822912084423
104.52713129215574
113.5696817641774
162.2939285800816
72.64446180672529
67.08737087135192
40.83701182559005
42.039310124114614
133.03841195516011
155.31532707481006
171.09680008437024
140.89472484306162
50.22095375898815
134.80299497978274
134.47757869045972
157.7671346520538
121.96528189042299
84.0964143345777
113.14889479790979
39.0097633157064
11.883499002323376
87.82372288118619
107.42735058079326
115.00403865415306
162.55284228391145
73.63257688128331
68.68744113840955
40.42972978845044
43.138135056074276
132.05413260591615
155.4535153127362
173.70928646203495
153.7331937923657
49.423801552825516
