118.12923102571332
132.97927573733605
171.72912560983877
168.1595556258818
95.41842006427972
60.632863935845116
37.22797890488814
44.328133916430055
99.22059372004777
102.12372729756095
106.01918747153945
159.27114141426046
73.14830493808333
68.76459468678675
42.15745294940974
42.93113034149011
135.43265824662674
156.39896259796825
176.77095709395124
147.0016771778168
47.47730121625989
139.32178864884602
136.83988215442207
178.4503033708961
169.60527475751064
87.37007173635274
66.11462510809928
37.64185192165811
43.27891699020607
99.41660590878006
102.8789082979151
105.13805624408683
159.31881750541518
72.78336299350485
66.7500060707691
39.46396789379818
44.61974027024733
135.8768079144009
155.54753529542012
173.47914580050278
147.3613819433003
47.05421838359009
136.9820119385674
136.26490975742638
177.4478869651616
167.41187192685706
71.85047777785579
86.74620614685477
37.88753243011416
44.41535490572054
95.32506024385623
106.9166806261399
99.60324497903581
162.27169717490287
71.56690689244392
64.57556034348433
33.236774462504684
48.47144591496042
136.7193710183667
155.19384567440005
176.30630955222742
164.0624030138639
46.61202979661171
124.90004319846474
138.5602108455206
145.56323147279303
169.86507453728456
97.52573121068704
87.33194249712335
15.646566443830656
29.398460955428973
85.46120876926922
78.68715954813047
50.80466088790142
158.42520781688927
66.68222884796292
31.872254856535008
38.403272817385755
31.23474865631359
135.34799603997192
140.99845089537635
157.16686210571115
134.5580384631905
49.73736452922402
109.44415627960082
108.05212293157946
152.51508075763394
146.55566247281388
95.39542158155338
68.80594054716332
6.164031937075394
26.63996478039434
83.88877273134042
87.24822607886873
85.59643940068894
158.78359304044184
66.01646278018409
45.57560803290608
37.81858423125058
30.412452815035685
135.34610308180672
140.2785221147321
161.37740009502744
158.09259933717507
49.18168621684189
116.29075323199066
123.23111307049979
153.29945476528817
133.75977684613272
92.41048328526826
68.7097269532402
0.824696723105034
31.232305481133572
89.74834984206275
85.66397817995075
97.4080878716209
159.15033030401483
64.00653573409626
49.50410711577486
35.382024478169505
32.73821964610649
135.20851068063908
140.0747531334919
163.13388593397875
154.04873586124327
49.004716495235954
