88.592078891203
122.39963019477656
157.15080089040353
152.49551345208835
105.0458106514241
99.38599798950467
12.46973169073465
41.864432530809864
71.51125182434713
88.86578947295105
110.02291737321119
166.8559794960352
70.55158113073733
48.43782420160536
37.87561895975053
27.482417280738712
132.69446373609568
132.4498955414601
162.71051164465734
166.745887565917
53.113061057887066
136.51592821315967
109.88740594619314
151.22164410393893
154.0562885788001
106.00692070895589
100.9746024572444
11.591502604695394
42.86594788842573
69.14317647405824
95.25569695934712
116.80277614285481
165.8858679312521
70.24616668486422
48.278776996711976
39.28445118610109
24.478162502328917
133.92244960614093
130.0211756834988
160.90218946744483
170.68675520396164
53.25612671517652
85.18359037038658
87.9712405917186
155.52019131369366
163.63814775443333
106.46014688431363
101.96987713625539
14.465468857585703
44.4116702333834
66.31374028111489
93.7008163415831
116.96174898541194
165.91492764531571
67.92927912229399
46.660889269238154
40.5106630169324
23.05250986611128
135.53703951344545
132.62670427469757
157.8639537134426
167.47130494960388
48.78693612187771
136.60682989736478
129.47169718958008
164.33176238432313
118.3950988809602
103.61949445908101
91.26776756397052
34.04251218762031
11.830018927096322
77.25098706211453
93.03233137448179
107.00998928059997
163.95701623158223
72.61288462206525
50.475522922842174
37.5439492092151
28.44963540561626
130.53891370151163
127.26155939002697
155.3306083008676
161.87177308397156
59.99777517974507
131.33763930469635
55.85592852376528
160.2302270740517
123.76505138418592
102.05786851014591
99.76205622925823
34.536582488993275
12.903656442010684
76.56406903616192
94.78502655894955
107.68948962718595
164.02070741131593
72.61480874569106
51.306168630808855
36.541848423065765
29.0433981216377
129.79844251292812
127.33440998950985
157.74874337566777
158.90724006785658
59.957468378217136
129.01875584595774
57.27752611135245
157.90978597535243
127.26088691933947
103.22053778207626
95.833555491826
34.90338870243164
13.108121283422275
78.3411393070962
94.55907465805127
108.1588511708927
165.5122689512219
72.52245367809452
51.65130768597771
35.05151293223278
30.924078264540704
129.21656826231705
129.0454112025262
162.53502720427704
160.30213830812912
59.60106658413833
