118.20351011675301
138.79383664549917
159.5027190456076
162.1812308500594
100.50297098660177
97.10137302056071
41.338380134715074
42.33368032054989
63.04661411790679
106.38098156499578
110.17512214586746
164.5997265518168
65.74289543921597
45.35895478265836
39.07743357199391
22.442659307769805
135.48772881538792
134.79465673419128
152.57846561381461
168.95596245495025
47.121642587593975
114.88912479815127
139.44578441541057
157.62525581205355
162.89445704695456
101.64194721036907
94.03221267159482
41.06875861429113
40.284395294706655
64.1392420732682
102.18147662235752
111.89925366924076
163.96943423230786
64.59525486250314
45.08988386577092
38.69901215664606
22.411647261230637
135.43208015817137
135.65231831258978
155.0836789840796
168.95408658629503
46.656777145773894
123.69396894512359
137.6465106336277
155.21278622291243
166.65493055168182
102.13063751011124
92.19772158985815
38.58329764123801
37.96003920107155
64.68262928017083
97.31606876975569
116.31029440055084
162.91030892952028
64.63115047741772
45.37639940452176
37.734735650070135
22.342625940469638
132.61384771318248
135.98467099882313
157.41993816633348
168.95424433711526
47.932547202791596
88.592078891203
122.39963019477656
157.15080089040353
152.49551345208835
105.0458106514241
99.38599798950467
12.46973169073465
41.864432530809864
71.51125182434713
88.86578947295105
110.02291737321119
166.8559794960352
70.55158113073733
48.43782420160536
37.87561895975053
27.482417280738712
132.69446373609568
132.4498955414601
162.71051164465734
166.745887565917
53.113061057887066
136.51592821315967
109.88740594619314
151.22164410393893
154.0562885788001
106.00692070895589
100.9746024572444
11.591502604695394
42.86594788842573
69.14317647405824
95.25569695934712
116.80277614285481
165.8858679312521
70.24616668486422
48.278776996711976
39.28445118610109
24.478162502328917
133.92244960614093
130.0211756834988
160.90218946744483
170.68675520396164
53.25612671517652
85.18359037038658
87.9712405917186
155.52019131369366
163.63814775443333
106.46014688431363
101.96987713625539
14.465468857585703
44.4116702333834
66.31374028111489
93.7008163415831
116.96174898541194
165.91492764531571
67.92927912229399
46.660889269238154
40.5106630169324
23.05250986611128
135.53703951344545
132.62670427469757
157.8639537134426
167.47130494960388
48.78693612187771
