117.61432008472362
92.13003700053046
164.50571730133518
135.35639478617858
93.3206934894726
110.9095865798344
23.48141247367155
54.72307499657314
81.26738976339082
95.73193239516365
102.81553779488792
161.12712972943814
74.09170015817384
57.224042381759595
37.41274859546813
33.775477636600165
131.3620421253566
135.64509570224087
162.53127378190004
154.5913040437595
58.81410293396536
127.67902089019437
86.64279799876404
167.74923879318985
151.55275370453288
90.52693728933737
105.22871744022046
28.724135168632827
45.12675534364495
81.16728246265129
98.07161947311563
103.71087551687862
162.35943390590185
74.00593653660528
57.63847519447554
37.546815188232856
34.970072283459565
131.77556294113353
139.19794031657074
165.4335617377351
149.22038079075932
58.35335052268214
121.78629559814098
60.458095023038695
163.0714911806947
129.83909641393225
94.44742629739993
98.29482318492398
27.798854836395254
11.580397665574798
81.5438101233751
97.42911550152148
114.97583291547485
162.70917322058133
74.03228351558052
58.17445687322753
37.834172958316714
35.009010660755834
133.25468514334932
138.3157112491639
165.12546334327965
154.46718021015468
57.694937945034276
108.97413368426757
95.97322746726526
146.22867872895722
148.88620737549417
98.23354330223445
101.28160623119112
10.716565759687741
41.20467397447038
72.91946180629606
92.3874660247512
103.87466151182251
159.73357888893946
70.04006197020823
50.85321476249716
37.25109852724362
27.60238929143311
129.03116842137968
136.70795409708782
160.83272128083252
165.57281811278844
54.868886547981624
115.06330712837907
141.299772396592
147.9991966358632
144.6956669936011
97.27826941618103
102.5073116262633
6.2874011441932645
42.65480475722246
76.03003692869156
91.77742822276471
104.49071696940455
160.16475151601813
72.31664876943448
52.487192182933335
37.306727028626064
29.72345483501045
128.94603572012602
135.48373630792975
161.5640819091786
164.18726475202587
57.339016355642585
117.74278471557004
144.4527001165291
149.42749057838103
137.5383376872449
96.38005524241406
105.53703846482324
6.354789764345293
46.2349079630658
78.09814836266172
91.37492863702276
104.15579686221166
160.8111707877126
72.59954849238909
53.46882868100579
37.54648942811272
30.409075383520605
129.80814444268043
134.90085120402574
161.72415604806395
160.08141199682348
58.18332205955591
