90.4517373518684
127.07083664331684
155.55094500865752
154.94968598733627
105.5547285549887
97.89321893048908
14.067466418607788
41.07395151367115
76.78523871188625
86.54585110203928
112.85083977148355
165.5145881532387
74.8446935060196
52.78721913859036
40.026755376673904
27.192949138079967
131.4650675213213
124.87924798793793
158.34157532626517
158.5855641499015
60.24242027097313
87.88546203839542
127.0461355366726
155.72089341769149
156.02717198936418
105.92489135259075
98.21076421829642
12.027407004735709
41.76352407321753
74.88923626419769
88.64040084266158
110.48243154214643
165.59072680974845
73.817570792147
52.89998694088381
42.40820388855319
24.125109829992876
129.62075594747077
122.68977374980494
161.316405450237
165.64382285034802
59.870429157858595
87.26170775472454
89.19405021865317
155.4090468009519
166.76886863202697
105.83231242919207
100.15632767659433
13.534085054990738
41.57735159343543
73.24777054466746
93.09390981627917
101.47930923149168
166.35929635720376
74.52214336055235
51.84116031553708
42.52872785878081
24.50510693485763
134.41848348711022
124.4918352706768
152.31914905596358
163.08927139313946
58.18544962980926
128.03372241882775
55.201348777150066
166.77218947526717
114.9825314491306
97.63965275350108
94.17813818576116
34.30489975172082
6.148535047274953
81.66536078312801
96.1293365345007
106.89270276406218
167.2411783688057
76.68439303470389
58.97678544411644
36.88705694193035
37.126849102559135
127.62299503521784
132.42273126327342
167.34134909662916
160.134716934409
60.92033328503291
127.68153015430694
130.66705549586402
166.5797986807168
112.85203504896718
96.61993766322163
92.07876321362932
35.94124511750615
8.05898039448363
82.48188173889271
96.37399766067837
106.14587512145717
166.46420476835
76.96515407432668
60.15675533965334
36.58503089422573
38.22543278852975
128.5978118876799
132.96991445743572
170.93074858759562
154.7224491559993
60.6667968754198
131.63377863016075
53.191945077245926
157.99003244081254
121.18583234760222
97.51709576852471
95.2268779059098
34.64554547654729
8.232822192275158
81.95124208595402
95.25635397459672
108.75300171162034
167.3570793518066
77.30152277035342
61.110582073599716
36.583236571084676
38.3240869876031
127.57032322624859
132.4366993999929
168.47317031320534
152.8245880844918
60.54880692258351
