75.15554742870737
133.5946304258235
162.51641692892542
161.84308598996776
99.77433908035741
104.32560990514231
40.86734678407312
46.521287554541885
66.30368557252012
106.11399871546259
99.28285065835301
166.51140867938642
74.85961901952798
50.747810701932146
42.380763011529424
27.751392976523178
135.3611196167513
131.85973724587478
147.01847531038217
161.87519120786246
51.118397080032956
124.5959065422092
116.56213681223626
157.92611456643644
157.99496205181455
101.38847567646783
101.35374307694133
42.159824373540566
46.00241000134674
66.15921869969381
107.84406340654685
99.12622164278805
162.4742177327189
72.39090578676607
49.078481591575645
42.27011314025409
26.700010245799664
136.06649011853935
130.11034335999958
149.78099610313032
161.54406999175418
49.76217317287964
128.29016075706969
112.39403885538559
155.98110908011355
160.67647480732427
103.19909549823204
98.14399385983728
41.33293313200006
44.005713885612344
65.62632037466129
103.94025031226846
103.05515208568534
164.2386059800025
69.38236267415095
47.497567402282776
40.574387419351304
25.880596498896487
135.3905345290038
133.82705852056057
152.30568515242223
161.70756585423635
47.9174285624783
90.4517373518684
127.07083664331684
155.55094500865752
154.94968598733627
105.5547285549887
97.89321893048908
14.067466418607788
41.07395151367115
76.78523871188625
86.54585110203928
112.85083977148355
165.5145881532387
74.8446935060196
52.78721913859036
40.026755376673904
27.192949138079967
131.4650675213213
124.87924798793793
158.34157532626517
158.5855641499015
60.24242027097313
87.88546203839542
127.0461355366726
155.72089341769149
156.02717198936418
105.92489135259075
98.21076421829642
12.027407004735709
41.76352407321753
74.88923626419769
88.64040084266158
110.48243154214643
165.59072680974845
73.817570792147
52.89998694088381
42.40820388855319
24.125109829992876
129.62075594747077
122.68977374980494
161.316405450237
165.64382285034802
59.870429157858595
87.26170775472454
89.19405021865317
155.4090468009519
166.76886863202697
105.83231242919207
100.15632767659433
13.534085054990738
41.57735159343543
73.24777054466746
93.09390981627917
101.47930923149168
166.35929635720376
74.52214336055235
51.84116031553708
42.52872785878081
24.50510693485763
134.41848348711022
124.4918352706768
152.31914905596358
163.08927139313946
58.18544962980926
