106.56669947414836
100.64946417984505
145.82508485337038
134.2439795651469
95.03503655495082
104.84091552641954
9.701035298982873
44.172690891907784
76.37163748838974
83.54533122826209
100.05930381395417
162.10616629365447
67.59039295701801
49.15329454231984
35.57093781917844
30.433193349392006
129.8169337714208
141.89258190744735
167.4242620513826
167.61913722155788
50.90546644707017
111.9081284121285
146.73590743528555
145.89411178550446
135.28859409021456
93.82969456286357
105.59392669574977
7.095365525079309
45.71117675072891
78.76433864854614
83.72216335599545
107.16626570676624
161.8932578887854
68.20616431193895
51.73139346094197
36.60847806345867
30.4252155883798
130.59376281829162
138.82018795407095
167.23590400114097
162.7491668937434
53.439108518374084
112.43333008781465
132.38978053519958
156.64017405016293
146.84511954315792
94.72726124277621
102.5025929404197
9.13704481837762
37.66719990858213
83.18820949749603
87.9999624896173
102.42347291264267
162.9028857587299
71.42769793132844
52.8029260106459
37.04404365521925
33.911618810989374
130.31246655826538
140.79988970832207
167.83494546431191
159.28550445183026
55.945864333774374
75.15554742870737
133.5946304258235
162.51641692892542
161.84308598996776
99.77433908035741
104.32560990514231
40.86734678407312
46.521287554541885
66.30368557252012
106.11399871546259
99.28285065835301
166.51140867938642
74.85961901952798
50.747810701932146
42.380763011529424
27.751392976523178
135.3611196167513
131.85973724587478
147.01847531038217
161.87519120786246
51.118397080032956
124.5959065422092
116.56213681223626
157.92611456643644
157.99496205181455
101.38847567646783
101.35374307694133
42.159824373540566
46.00241000134674
66.15921869969381
107.84406340654685
99.12622164278805
162.4742177327189
72.39090578676607
49.078481591575645
42.27011314025409
26.700010245799664
136.06649011853935
130.11034335999958
149.78099610313032
161.54406999175418
49.76217317287964
128.29016075706969
112.39403885538559
155.98110908011355
160.67647480732427
103.19909549823204
98.14399385983728
41.33293313200006
44.005713885612344
65.62632037466129
103.94025031226846
103.05515208568534
164.2386059800025
69.38236267415095
47.497567402282776
40.574387419351304
25.880596498896487
135.3905345290038
133.82705852056057
152.30568515242223
161.70756585423635
47.9174285624783
