113.6427016806945
139.87237998318727
161.34158727808583
166.04790027832422
99.18691856188163
101.37223607583893
37.277081862954674
40.2450381268504
67.29175925463474
127.41265078249228
148.6426391193101
161.8037625873529
70.32187758526331
43.183440826338796
46.329349743322325
28.506664806433214
136.72105364343184
144.38799140925585
133.54271128647835
120.47473253199382
45.9087361996408
110.81742295113048
137.80266749330664
158.3972107167897
164.35457017882763
100.80860830473691
98.98592188456934
38.31374605380822
41.30323742473955
66.16609185203002
129.10433665856044
155.16293938212274
163.666137586113
70.1865975053496
42.57843644762242
44.29789630479651
28.870904667185183
138.91162895630913
144.80289251724207
129.68821469791695
120.49229154903146
45.22516106271203
107.82567222854739
133.6557080399573
156.74668757524515
168.54136651446137
103.73988269335439
93.68233424082862
37.67415680187856
41.151023618397446
66.33724076140997
127.87752310157023
171.32404228537274
163.33906346821735
69.67540036111178
40.78538496501063
42.24731782190513
28.950924664869056
139.53420903616748
144.83792828405183
128.82136887801178
120.51467225203449
45.21273343889921
123.3348615383697
126.56743138227587
164.41072145752602
157.93911785391683
96.77109686829269
97.30957542222824
11.5831524957782
35.75965339148716
67.87486566763842
99.54071488627527
148.61245842289765
163.40641361860634
66.66708112712566
28.537716346583323
37.47996566987582
28.806932376718695
136.30946290531523
141.5165399974597
154.65778309397763
120.8541953828243
46.113284741306835
117.81199034336203
134.17283092139286
162.7942906637036
149.20168459653814
97.65243889491857
106.48809512577394
9.447948701995104
43.06801429611402
65.77192938613601
105.63132833725068
142.2921278349199
163.4042610510078
69.1761138738136
30.91178140406731
41.52554760925008
29.050176973733155
142.33545844007335
141.52877011770883
147.99843459976913
120.51422693748381
44.72189523752273
119.04690611260423
127.90893609616278
160.54950930100085
158.2819199244133
98.36603568736591
105.67756202522541
13.103770236908577
43.70000959402303
63.52050401177219
109.55656950192898
140.22560844321697
163.99113096567882
67.76445952579374
32.78846931124105
41.30496132857242
28.732751930255542
138.7592569331376
140.7936227810679
150.6578552788371
120.4247902278075
45.029030187293905
