124.0639903704775
165.4388670009151
147.16113578073282
150.5919508140496
93.06981473078663
78.65752829111632
6.860139871762005
36.16642959253344
79.42238374289833
86.66409908362215
113.36217988401211
160.99209931256547
68.51285216869633
56.79481583710561
34.029605073674894
39.174117602573034
133.44927702662372
155.7394009262353
173.20610114588834
158.50868906150788
46.79998416828359
115.15151634000692
116.89584532730802
154.43901636163645
134.9970124307078
88.25377545167224
79.56249261658512
3.7490801711446955
37.914112641316514
83.80936977431949
90.41797657054289
108.48683407180842
161.16784553975216
71.60594223111757
60.515657628728874
35.65239975645086
40.465217734690505
135.61090037284134
150.26521060562482
172.09771890417252
152.789670050875
51.48459113237507
91.90879711007649
87.75586660291339
158.41229643742696
167.46263230834649
86.68074383090028
83.19593613066723
15.703035875674665
25.551358754639505
84.75939495260741
93.09423319224045
109.20047461134011
161.8990481998069
74.30395798575657
64.37167705003628
37.26044388578036
42.16471049844834
134.7746989519249
151.34630612878195
171.51622243408528
147.58872682091413
52.31267073199547
113.6427016806945
139.87237998318727
161.34158727808583
166.04790027832422
99.18691856188163
101.37223607583893
37.277081862954674
40.2450381268504
67.29175925463474
127.41265078249228
148.6426391193101
161.8037625873529
70.32187758526331
43.183440826338796
46.329349743322325
28.506664806433214
136.72105364343184
144.38799140925585
133.54271128647835
120.47473253199382
45.9087361996408
110.81742295113048
137.80266749330664
158.3972107167897
164.35457017882763
100.80860830473691
98.98592188456934
38.31374605380822
41.30323742473955
66.16609185203002
129.10433665856044
155.16293938212274
163.666137586113
70.1865975053496
42.57843644762242
44.29789630479651
28.870904667185183
138.91162895630913
144.80289251724207
129.68821469791695
120.49229154903146
45.22516106271203
107.82567222854739
133.6557080399573
156.74668757524515
168.54136651446137
103.73988269335439
93.68233424082862
37.67415680187856
41.151023618397446
66.33724076140997
127.87752310157023
171.32404228537274
163.33906346821735
69.67540036111178
40.78538496501063
42.24731782190513
28.950924664869056
139.53420903616748
144.83792828405183
128.82136887801178
120.51467225203449
45.21273343889921
