129.57226533896028
128.79686806004582
171.35994437372696
145.6483439989684
87.35757445114648
83.29530218073559
27.474949832162306
17.353937134857595
87.26573373832018
101.54867784553618
116.59889044663898
159.23991776740874
78.64189529163676
70.4919263495768
44.4167809115052
42.356083059886075
137.85676603769883
148.87053300953377
172.29095985819964
145.59151493453822
53.735878932488895
133.7862598623585
98.0578958315395
173.33988320606983
148.25667950742604
87.56225960289683
78.76221391281943
31.432817828777385
45.90076647873996
86.90425799227116
105.04340127280966
120.22452008816278
158.05817220283055
79.85646769353093
72.45038838731385
47.35301402605605
40.95678580533542
138.76308378709703
143.7761254938511
171.21386568153596
145.13112316651245
55.00524738546366
131.13374846578174
134.5768413813062
172.24641171905935
123.33103530121113
88.50853330183921
90.35777930578762
30.142964016253842
8.709170896532838
86.6866497321917
105.81755088959157
122.60213159250523
158.03492932086712
80.030098797171
73.56156665730289
48.05559526269539
40.738920336198696
138.0195264996217
143.0865413958631
174.2150926336075
149.0974348344806
54.64050473076437
124.0639903704775
165.4388670009151
147.16113578073282
150.5919508140496
93.06981473078663
78.65752829111632
6.860139871762005
36.16642959253344
79.42238374289833
86.66409908362215
113.36217988401211
160.99209931256547
68.51285216869633
56.79481583710561
34.029605073674894
39.174117602573034
133.44927702662372
155.7394009262353
173.20610114588834
158.50868906150788
46.79998416828359
115.15151634000692
116.89584532730802
154.43901636163645
134.9970124307078
88.25377545167224
79.56249261658512
3.7490801711446955
37.914112641316514
83.80936977431949
90.41797657054289
108.48683407180842
161.16784553975216
71.60594223111757
60.515657628728874
35.65239975645086
40.465217734690505
135.61090037284134
150.26521060562482
172.09771890417252
152.789670050875
51.48459113237507
91.90879711007649
87.75586660291339
158.41229643742696
167.46263230834649
86.68074383090028
83.19593613066723
15.703035875674665
25.551358754639505
84.75939495260741
93.09423319224045
109.20047461134011
161.8990481998069
74.30395798575657
64.37167705003628
37.26044388578036
42.16471049844834
134.7746989519249
151.34630612878195
171.51622243408528
147.58872682091413
52.31267073199547
