117.57959990644537
115.83203735470447
155.9591870872016
160.4597163331553
101.58879928527543
102.13537723996293
33.60403487655524
48.88550577076156
32.78298052452377
124.65624181322751
140.4359276873483
158.54117197441767
45.14943272196247
38.41939378460738
43.71869200056639
14.564882209747383
130.2271267066295
93.04168708987869
151.06722127758022
169.8604687636748
54.01851621013886
117.3703186151299
111.22401086778558
151.08308658743513
154.62898823267452
102.86867395167438
91.25850327540806
34.16341020832088
47.661386053496976
31.225904701018898
123.15373734671294
137.09833228533603
158.53042072793875
41.20817029658882
35.80601978193296
41.96701465699319
17.809906302448372
128.30481612623728
90.04015276420422
152.36637032942073
170.52938426000154
53.73183411566793
132.14901375140545
117.36592694240329
135.9359294678115
156.3996326418075
97.71682482686145
89.3742567158525
32.736663724640906
48.878378556190896
32.25284669379686
121.79063245823728
137.20298996160219
160.3367332448691
40.85184472293208
34.553566011170254
39.99543841191323
17.637962265609033
131.75540195168168
89.59824332669592
148.37254925342177
170.77619645073617
53.12201403913317
122.8892569581582
120.81898596964265
162.51127471870902
143.52037036368483
93.72633786420717
97.11169755244681
11.908585686922262
40.79466925690193
40.58889477868271
91.72512707486338
119.94578118989912
160.43930745132965
37.01096307209985
13.984167564462526
32.53033062906019
15.558597271652328
134.41784587135962
93.13919520949877
168.65018964991307
176.2174769979698
52.65645583585619
122.52041304770916
109.07712334344656
169.44415418491056
152.6608575449669
80.2719623670151
121.9414759269686
6.539951464875002
37.783442158308965
43.50286864534457
104.35170988373238
127.12192525229212
161.51946649244877
37.21546379895055
20.409050273830445
30.442631342169687
10.47837587419354
132.1838533910253
92.99567781551552
164.61369261799095
176.57102876839
52.98637159319581
129.19993270557435
118.4399410699406
159.31623228845595
168.41937260136535
95.80059155771887
95.63654121401966
7.919770851688575
33.87748127185937
35.20847590022567
104.69309282592431
119.01093335835448
156.87592919631982
38.903426107883455
26.046412421245304
39.441181363444834
17.846929005371667
129.26710542763252
93.6809517816051
160.795915496292
173.63119943757272
53.64975491422343
