93.32291713608905
96.18212852086835
169.7693707395244
171.4792857827522
79.10524991840309
116.07674563966945
33.90652269054106
40.978121813789315
40.56293201426127
99.21728077343201
102.1528598024124
155.6243748232427
36.94014537949223
56.416731343882
30.598828179447935
28.864977217925695
137.19976054665145
70.73754122780318
176.16428565837535
84.21544285773753
56.185802987499166
93.08678966053752
160.5402041690743
171.4388617122381
141.90572199196538
80.55019348217749
86.69989644354061
1.0636953913641873
34.2091714889872
40.66708012288578
95.68328917647266
136.29014342743156
154.9581972692783
36.62041055508411
49.55210198164173
31.221917545846924
28.32306359636764
137.2335986659043
70.94640862124065
165.41758735388407
89.10792405791763
56.17834609801704
92.9584452485297
158.68442743994922
171.86853722576478
140.99135648694815
79.73516901139318
83.75236738061903
1.0072957303333498
34.36310740094765
40.05794416775556
101.2082461397139
137.25262356420973
154.50507000962529
35.835413831879315
51.07092027648258
30.953600161113847
27.62756095286346
138.07244999664883
71.12831958204933
169.13005172749527
89.28044260186732
55.92632693224687
93.8779832321273
100.0630558356935
169.03865622840846
170.38014810150628
79.24436637726797
136.02491919530732
43.7751142557146
49.47498894640781
55.694059787346546
96.90338371717013
120.96583179651022
156.14313037360753
48.33818643360922
21.531707313210198
29.474518881756783
13.887168958447583
137.56715182132618
92.65421072112008
174.62459744497517
161.80628627131307
56.28161786265246
93.32700654353324
98.67263238125385
171.9850773131
169.79596089055266
81.23218499372273
126.85583768376526
45.677183057601276
52.871416007740116
41.437806688714595
95.18852318750668
104.11161285031736
154.99113387445158
37.13711327034096
45.2104843357201
31.889265478769197
28.987728426221327
137.72778770997388
70.63190575531233
170.39122134455678
86.14702009599232
56.13533025180964
93.32291713608905
96.18212852086835
169.7693707395244
171.4792857827522
79.10524991840309
116.07674563966945
33.90652269054106
40.978121813789315
40.56293201426127
99.21728077343201
102.1528598024124
155.6243748232427
36.94014537949223
56.416731343882
30.598828179447935
28.864977217925695
137.19976054665145
70.73754122780318
176.16428565837535
84.21544285773753
56.185802987499166
