125.24621376320522
112.3737567643063
169.52299533613544
164.91833436151978
74.24879509124446
109.83573305369896
47.073422289397364
54.177459546485444
94.01602354272663
110.84815552998995
104.16881440644187
163.76889363681914
60.42681894641446
57.878079023630555
32.24747166544119
41.46415548703772
133.11824952990005
146.65231973401126
174.36324060787848
161.0159990994949
48.6487917769153
142.07859671148768
114.79029689824068
175.54859873369463
167.19988113437455
72.02280978631615
107.10086271141925
47.051364909552355
54.24128277717198
91.7311129620699
110.04796602825556
107.05296926616015
163.2188058646092
60.45809492633243
59.05125209415326
31.869938759449774
41.75612536420162
134.1463007416202
148.32640316280973
172.06962668978545
153.43591303973014
48.680983641187574
138.4638527780097
114.52293915746581
170.4997618499885
177.12075964610196
58.19403272615408
106.27350467692891
47.85340731887359
52.06253040247119
81.52844306383206
119.32207750437554
107.81921618387857
164.96848806894386
60.86881529865634
59.90808961635051
29.313332202191795
44.693363470296084
128.7015326376574
147.42809514811668
175.73584551875848
149.081360912675
48.997486547007846
97.38488456585283
111.693869615596
146.330700062612
142.578587719348
94.09247629780083
78.99936941666971
11.833116118803051
29.16811282668765
68.58338113219229
76.87124296824982
108.1209372386695
161.5421716056403
58.34317760656262
33.61728908934699
28.925807547170997
26.41196668000617
134.4125308322224
132.8170686067778
165.86067567194823
154.07195471582807
48.24216159256136
118.13874450353552
121.47472915477208
156.18403865837854
151.7141449714623
83.82320822801937
96.98631741792104
6.010651460939582
28.41351087259007
66.83407942916092
72.44732020452854
101.41449018152139
163.70839414659878
58.444184765150744
30.791999306302106
26.526300969480356
29.83514742240172
132.60710265743455
132.1267581648844
156.33757165593946
154.0578914798847
48.72351342211655
114.93416319887211
105.92638669993323
170.8945696152628
146.9424776626839
87.15078172829196
93.33386830209174
11.181895907738802
29.24767538359547
64.17813011847558
76.05153249328396
114.75051361501394
163.507190101073
58.367752881461605
36.2267312417571
27.711064485461204
25.623934233125762
131.25229845268026
131.42697536408758
162.31647965024064
149.81107549240937
48.80618354269442
