104.92288989766855
146.76556515932927
149.22117363739602
167.20286893875357
87.52821475872702
91.86855186944672
11.662214151222962
24.059656123239648
66.63580748456381
80.20528623642043
131.90633071348148
162.27285865208796
55.64380702127029
13.871723677072282
28.147715340309347
23.141925457233324
128.17559834468526
132.96503818802552
174.84558838675844
120.89759638589243
49.362767467968055
115.02627691780147
129.12130518539342
144.62961785366568
156.16018796057767
84.59896534759831
93.53588710433117
5.5364706443686345
29.15892490509236
74.50624609996738
79.67396987195252
160.70648186231992
161.1442430018522
61.29422914045124
17.897282164823466
26.119802895446654
34.28573482576998
128.98830325542204
143.5960155181686
173.64904145499128
106.78916215580425
49.43870649220355
126.82558052573626
98.21499059465192
144.56868275552316
151.62139334604882
82.13686640890067
107.86462288756155
12.41234765689783
38.39724528805686
73.23373228369964
88.12233587948931
91.41960134054897
164.01101169702324
57.33990014600756
41.72140613699984
28.551259615758692
25.45258767488913
128.75866539702648
135.00763704787343
169.98839750099273
174.65096008717885
48.97270519594199
130.57727439034718
129.79720364213568
165.79034472192714
160.65215143264763
90.76314179107729
115.51157078393013
52.30933063392356
54.724363693188245
63.66665402664282
121.13739496762541
81.2489336330144
164.09909119702968
70.59624696001013
41.263585224309395
40.18255596683363
23.310946916696714
136.15295625033693
132.09226353399683
135.57854961858365
150.30758050722548
51.806839832865975
132.92187646386228
138.87873172348733
168.2428399327189
162.0728293839969
89.44957397310198
115.70056639997645
54.332707163065194
54.66933305067162
62.723044735091
121.51867655476525
81.60728105718742
165.45280939345702
69.19067488885605
39.646160941726464
38.37379717587645
23.45623591579424
135.12222286539324
132.049043892507
142.91380163129062
150.3489976788515
50.96986057667666
131.76773169606523
130.03097069874954
170.71597410703592
165.2725173386029
90.21099954213535
116.5820312912203
54.15575297420657
55.238739913674245
62.43402785413271
123.57188921774063
89.74607102365484
164.2877148334042
68.70085549396154
38.99970286236862
37.89361985772305
23.416952168323593
134.6444248671956
132.12941077391784
148.81928226304552
150.3547708148843
51.21197748271904
