106.07739253431673
131.1280153965162
149.9408785175413
158.71132608002944
97.15030959091094
75.5913957833923
9.564622666708713
26.729875609748767
62.341933113556856
84.81552495375767
113.3660070220416
162.18732583436406
60.14830477027654
15.123354397972108
37.25481744369779
19.418946256810976
138.81921893832563
126.42513133078202
165.67845137105357
122.54002675665092
48.53736468831047
125.20495862297993
114.65190528519412
139.95773940575523
142.27532378533772
97.73030641592133
77.08192918278604
4.319293715371219
34.7549053324763
63.647500742507674
83.59528762987789
102.48329330811072
160.55852014659246
60.680129577301635
42.51368497291571
37.314073101045544
19.059026892644518
138.48565477310265
126.11971470605783
166.112869847317
146.54602518112978
49.21926965206368
125.20570351420224
104.41183200787347
144.94497381874223
149.21899912193606
98.22228217939164
77.50892776907104
12.662118336625156
37.03630751069565
73.74121295454253
87.74571416871947
94.13614585023201
164.0930188060363
65.5861970630924
45.92732433005625
35.641580821897094
27.79610832285399
137.8234804530201
132.0146964699928
165.39412379291664
173.57725478380857
49.49918517508978
131.1031462391316
132.95152252653043
168.4464486460932
160.06383464565954
91.74189936113585
110.44696107456254
47.22611229178143
46.46391566205844
64.04965351963732
118.6551954825572
146.39257940558235
165.86417243616157
58.00440320988214
36.55815643996778
30.88454548768877
19.1954186923128
122.86561326913255
125.04798271843646
141.9041480407786
128.53745772936182
52.28058916847825
130.8407602015397
126.11151671683592
169.15874264173843
160.50007574138763
94.02704960328485
106.9342282148531
48.33058486134153
48.249101056735185
64.07375720422718
118.77516471907894
145.35203881724752
162.07898328122343
58.308877340288305
38.43972143277377
33.90865716773227
18.657304715397014
125.30787055771918
124.90230586885764
148.40829436113387
118.95805903699109
51.88555550447358
133.8383144227554
125.7677632054791
170.64784593801585
159.47308746942522
95.30635617489588
103.35611648495374
48.01133502051268
47.127745437987635
63.4589403185655
120.54707153674049
146.12347446534443
165.72907979422195
58.42190945048091
36.62967294257261
31.723669868755252
19.00791313849505
127.79284762957917
125.22715304400258
144.91821984772847
119.40748322841029
50.075316838787195
