134.35148141577764
120.5570683946193
150.36908385660465
168.6325714599308
85.70258048598221
82.27100640702058
45.68008207311942
37.85319577932842
86.4884140759439
103.08670551975277
108.48574625093485
163.53377985494342
65.45987955856667
62.1421318084532
39.07333994498716
33.38386242033973
136.88462700674978
131.79171507500183
174.90413276754524
161.58606644045705
47.23933646642898
130.70650178495958
121.27265017104736
153.71727884574105
163.3801125793606
84.44939275013382
76.39028940110762
46.40638750893389
41.01511323387151
81.21824614587501
107.3511903427171
109.33382625922371
163.2989669122762
65.80667436042185
61.8822915588887
38.10827768065865
34.65915537727276
134.45441240315617
131.51280984757526
175.62088218054376
164.1555410821619
47.51147169404995
128.30214709532734
131.70233502734635
151.71719016213797
166.4704292279828
81.99840073742516
90.28274039851419
45.26697109781524
40.239127889909696
81.69364281890678
104.63564797815583
109.36273652569828
162.91414870212463
63.38929699947159
60.45028283775444
34.73306628004888
34.10848127024248
134.33344623674026
132.1060072725407
173.87360575602133
162.41894229699957
47.31288745063628
106.07739253431673
131.1280153965162
149.9408785175413
158.71132608002944
97.15030959091094
75.5913957833923
9.564622666708713
26.729875609748767
62.341933113556856
84.81552495375767
113.3660070220416
162.18732583436406
60.14830477027654
15.123354397972108
37.25481744369779
19.418946256810976
138.81921893832563
126.42513133078202
165.67845137105357
122.54002675665092
48.53736468831047
125.20495862297993
114.65190528519412
139.95773940575523
142.27532378533772
97.73030641592133
77.08192918278604
4.319293715371219
34.7549053324763
63.647500742507674
83.59528762987789
102.48329330811072
160.55852014659246
60.680129577301635
42.51368497291571
37.314073101045544
19.059026892644518
138.48565477310265
126.11971470605783
166.112869847317
146.54602518112978
49.21926965206368
125.20570351420224
104.41183200787347
144.94497381874223
149.21899912193606
98.22228217939164
77.50892776907104
12.662118336625156
37.03630751069565
73.74121295454253
87.74571416871947
94.13614585023201
164.0930188060363
65.5861970630924
45.92732433005625
35.641580821897094
27.79610832285399
137.8234804530201
132.0146964699928
165.39412379291664
173.57725478380857
49.49918517508978
