131.1031462391316
132.95152252653043
168.4464486460932
160.06383464565954
91.74189936113585
110.44696107456254
47.22611229178143
46.46391566205844
64.04965351963732
118.6551954825572
146.39257940558235
165.86417243616157
58.00440320988214
36.55815643996778
30.88454548768877
19.1954186923128
122.86561326913255
125.04798271843646
141.9041480407786
128.53745772936182
52.28058916847825
130.8407602015397
126.11151671683592
169.15874264173843
160.50007574138763
94.02704960328485
106.9342282148531
48.33058486134153
48.249101056735185
64.07375720422718
118.77516471907894
145.35203881724752
162.07898328122343
58.308877340288305
38.43972143277377
33.90865716773227
18.657304715397014
125.30787055771918
124.90230586885764
148.40829436113387
118.95805903699109
51.88555550447358
133.8383144227554
125.7677632054791
170.64784593801585
159.47308746942522
95.30635617489588
103.35611648495374
48.01133502051268
47.127745437987635
63.4589403185655
120.54707153674049
146.12347446534443
165.72907979422195
58.42190945048091
36.62967294257261
31.723669868755252
19.00791313849505
127.79284762957917
125.22715304400258
144.91821984772847
119.40748322841029
50.075316838787195
143.21721857280102
89.43363459599101
167.6876876246471
165.46896628631143
94.06924806429123
98.18918631467467
7.344848172432829
26.036382462078343
67.36555306993267
91.44146224375949
86.9573217300623
164.93711222457688
63.994119691055
36.137480995012154
34.81430015424297
21.669671216504327
134.75264860948212
128.3266391722076
158.8120625608235
160.82157849589044
51.771508720722466
139.34873005115048
86.19377419928624
167.60694671063192
160.4988691089108
93.61944980641786
102.59312206113955
7.460850745034755
31.253069946908443
66.39177580659849
95.67334154595171
87.02842657927631
164.4308935949511
63.18860516020102
30.526537838285318
33.85729594272817
21.29062430304147
132.78148742110838
125.8571164415873
159.32402663861964
150.49129647294401
52.75936571940033
98.34699535045144
134.55364157040518
156.08004701456161
150.43040114480073
89.96756757831866
107.43755374625948
8.824402248778348
35.125653870381505
65.65700118465396
94.3932876962291
90.57101953656104
164.842290860051
61.70780174801993
29.800918177842778
33.232485559981825
21.126334736988465
133.419456236253
127.20176101458742
157.9710990830299
149.01107652004015
51.29671632529675
