130.81595684026112
137.51724934712945
167.35251334574178
159.69689530455153
88.5210239942741
115.3746486963092
45.571374143326445
46.310597170797465
59.91892246063106
118.56226213315605
67.58464607466414
165.7544172083066
63.81407886718181
33.80968057561343
39.18380624626052
18.577182672493766
134.04723446161185
128.38353160059586
147.99848260489804
150.31205884237326
49.83540390124525
132.62469837420562
126.81703862738061
170.10391872760738
157.70153720128266
88.64659281067519
115.3750364728
47.780848599277455
46.67106482789192
59.637803517520055
120.46554535189568
66.33010905805519
162.93688421229726
63.93355411009433
34.29912732635688
39.768996314556084
18.59670815604569
134.763319185677
128.60885814647798
147.65972218057257
150.65709146234082
50.33799469127947
136.98542415106837
125.31475984884453
170.80268108352163
161.73673217677697
90.47599634373661
111.92370689556243
48.356125880360764
47.75189351932953
61.29819737706317
117.09929630168769
73.05199658674795
164.41275159679577
54.92752601461089
31.96068981461988
31.848707583906126
17.390247352618758
128.93167525389674
128.57906950245683
151.78802426928277
150.38059056621597
47.94495872870307
133.77144226372548
11.546681869981548
166.25995056527066
147.00468757872687
95.57049383778296
98.51349407723153
9.90355270571128
29.023868556517407
69.51591255568088
92.47361968454287
81.68295020285076
165.78611078982186
63.66814801959414
32.14297348896834
36.93857492759835
20.87266694429857
137.87667871416454
128.43969856073807
151.01413065745643
154.05512587786183
50.90834676768197
131.9204195451062
85.33483942221083
164.2767055299993
160.0569788747412
95.12949189625695
100.66633725005867
7.8622516321633515
32.84064015269264
67.24907725638796
97.97238776457526
83.29587434336241
163.65043661895996
63.723822168750985
32.485277028127115
35.87564883466198
21.07629618624027
135.65035197624715
128.7009867799078
153.97044762822892
149.22963492595125
51.3006778404064
131.72760842980696
141.15934192925383
164.55062949434944
149.75312206813896
90.49918240729258
111.31256826561787
11.004221716031342
37.48509512753389
66.47845203795328
100.77293999429823
85.24001600197536
165.52334988897232
63.164065237870005
31.55622322816066
34.92852952872313
21.050290175387282
132.3641790956329
128.1092986130618
153.49424431781827
151.2343296886071
51.72364558295237
