118.69532705734845
134.3695540562609
168.37465475334665
160.22783207199524
91.11361175456601
113.74140767354994
34.4779372160744
35.23164991593591
32.21334084944727
114.52249142019484
90.34927161661864
161.83759841112905
34.92383513058374
12.231529677369183
38.384089996439805
35.96732285626995
122.52228000049682
93.47786053476322
163.64668301721258
169.0749705268456
47.20817840521902
114.42447311863093
128.16806551087038
174.01297668374403
159.75045538047374
89.7459411533934
113.06953585053562
34.55329632198182
33.081904186110634
32.119582734116925
117.14857600626308
92.16002926439054
160.84527977477075
34.40785609343323
8.040741946291982
38.14690432568222
35.597118656267185
122.3091590759879
93.43045969626607
165.14765688875838
179.76457497147493
47.2481462417669
114.4723481413413
123.67880722243947
176.6852541061782
159.73213281243284
88.14995427037306
117.49025284810239
34.35654789491497
33.17626047990405
33.043789877640265
115.7968852227604
91.13992663710164
161.50502652049485
32.858279914342724
6.333823161653824
36.885358446367604
34.759295375672984
121.88052606934227
93.56568217722466
164.59360213979178
178.738911188387
47.121798290235596
125.12058512866894
72.1375857670749
170.4055342807206
169.0607698185729
82.74149024294317
117.69152015316836
13.150827011978665
14.97450525006776
66.72054274953916
94.68823946590804
132.40180349064542
160.8286377520982
55.02517421184837
14.51763624894033
32.011881553034335
25.348215023347905
123.78570607626469
132.87997225939748
169.40202284991005
111.48082637153063
48.21486108566925
124.28265391965832
93.69418572944329
166.22192987863014
153.21924020823928
96.89590989948027
96.96502853750818
6.887151395991757
26.096096577294023
69.83377014478275
96.00423413205034
119.5719620871179
158.99032484022933
54.52722785303801
16.367114083364296
32.993949697969256
20.035735289275724
120.81810606809347
133.4369675650778
169.21513957792433
111.50825213243988
48.376454070316036
124.30751333490034
109.78515758806955
166.42022913944575
166.16932227043358
95.3685235000622
98.18871168865148
9.181347451573831
24.46843088365114
66.33970365308924
95.0949436306087
127.70791906044892
159.17086251813913
54.50590243261198
18.349068704856716
34.02946625538684
20.46494211459857
120.36089774066504
133.76054014253907
167.21999972979634
111.50594931423939
48.06951046842333
