129.19116317099125
127.70318533072572
168.99684125159936
159.7211558620093
86.70722052435242
112.86123084500603
43.873094607571744
43.62393589739714
62.329941149774356
119.89519079706452
93.92589835049499
164.70818137636405
72.94369827564957
44.2289920469127
40.78968546199597
24.786142963880682
136.63844708262425
131.82353568092554
142.03656441877067
161.50895000046938
53.05597502343524
124.33191287708033
129.87493964239704
169.07394875569744
160.2481667395082
88.61138508930688
111.59453573806093
45.73926372902783
45.38514395046137
61.16569960203463
120.86418289116745
92.20586771590503
164.09136118255282
70.61533799282645
43.223698164808766
39.58052584264835
24.397128212217716
132.02219606967387
133.64843879245805
148.71212008853624
161.73756841405344
52.067127681698544
130.80456316161388
127.99223225897697
173.2369720687391
161.12541833212416
88.62340911726396
108.61796276078728
45.85544896894889
42.938939756170825
60.626804285327474
121.37157381662888
98.5552808735631
164.68601692129894
62.88240217679636
42.88229295623533
28.378845996557658
24.204443427901094
127.56290258385896
133.7178602609666
133.127001259641
161.72944684991631
50.698017216837016
134.10941709602008
88.85012764994957
170.1417709875501
150.57246291307644
94.19893343199912
97.58088320496901
13.757502997188528
25.454783400159833
66.66283778052669
98.28125739062872
105.1733974048252
164.72074292470353
77.38958640529958
44.048854315229065
39.13736790590099
33.34805045418902
138.0158861396556
136.3938663909813
151.47294061262028
153.74886555957565
52.61640200316327
134.64050437095165
121.55470746792854
166.90463261454488
159.0729494668159
92.93862963023797
99.77081044933415
7.671774609856672
27.41484226949035
67.21935035260852
98.41654037358938
102.91509991098813
164.71520597340592
75.8983685824912
43.775121199641774
37.980162812526274
33.35840328794396
136.46156288360507
137.26537240763807
153.1062691931589
154.28226456362063
52.19069557782347
135.13053393626973
129.73473557306386
165.90220413473736
158.33177525873964
88.7739233033726
108.21426434174683
11.148212253686163
32.25161134019438
65.74793670106389
102.71006365820118
102.37984652171686
164.76801120747777
72.03755339480892
41.80218274641123
35.13027410373922
30.134459855241236
132.06569056383682
136.38168799874674
151.46898909629383
156.9961177352349
52.58019648070708
