100.29009923692779
137.27816812407357
147.73752680838814
154.61289623847094
86.70275214708971
89.73768719464167
7.589891433550656
28.26093489846179
74.7426111699394
81.08393890610084
87.48262778060314
162.73527691780222
58.46021494714587
39.709253258551364
29.942548118255257
26.377739803999265
131.46414060825856
141.40451684107308
171.71946144342485
164.054587046075
46.64868980037756
101.27665691955441
141.46275297154412
137.95153509672465
154.41362286141617
87.63018769357431
89.32629381484219
5.164796696866979
36.89685890455329
80.1390024974762
83.89950469739257
96.83748279368115
162.62417748164086
57.634659184946265
43.91605778651532
28.592941891855684
26.113281442777108
131.45030487402926
133.11609656253754
176.05598921116476
166.6692546052824
52.228337315606325
90.86165722441187
100.49809951437908
154.4648504194271
147.10965632845634
85.02555407439583
96.11626216533233
14.118981435564201
39.004509421521085
81.31843486839921
87.23463189253295
95.1635424481845
164.95975059463623
59.61175072923785
45.555161511740394
28.61527678890044
30.597301473907603
132.98160970607105
137.75985848375763
172.5766063926282
166.77684107701506
51.0359539169564
130.81595684026112
137.51724934712945
167.35251334574178
159.69689530455153
88.5210239942741
115.3746486963092
45.571374143326445
46.310597170797465
59.91892246063106
118.56226213315605
67.58464607466414
165.7544172083066
63.81407886718181
33.80968057561343
39.18380624626052
18.577182672493766
134.04723446161185
128.38353160059586
147.99848260489804
150.31205884237326
49.83540390124525
132.62469837420562
126.81703862738061
170.10391872760738
157.70153720128266
88.64659281067519
115.3750364728
47.780848599277455
46.67106482789192
59.637803517520055
120.46554535189568
66.33010905805519
162.93688421229726
63.93355411009433
34.29912732635688
39.768996314556084
18.59670815604569
134.763319185677
128.60885814647798
147.65972218057257
150.65709146234082
50.33799469127947
136.98542415106837
125.31475984884453
170.80268108352163
161.73673217677697
90.47599634373661
111.92370689556243
48.356125880360764
47.75189351932953
61.29819737706317
117.09929630168769
73.05199658674795
164.41275159679577
54.92752601461089
31.96068981461988
31.848707583906126
17.390247352618758
128.93167525389674
128.57906950245683
151.78802426928277
150.38059056621597
47.94495872870307
