79.66337549299539
133.50227853525527
168.32980699853616
161.4626407227579
84.83494534717697
117.43194297634044
47.22648177864425
43.39941698493372
66.59191490707732
107.65545082446727
119.56180595794916
164.65818401107427
57.37363122006031
27.781345457080402
35.20435732522765
14.946107814528956
131.583052242887
120.61298900611335
143.63122291961193
116.11021475932174
52.53852484689163
78.2893327494692
131.32871224650304
164.1186003198303
155.3008037760986
87.39826807957388
111.79207734866387
50.13283284200596
46.30404419923418
66.00284370915082
108.06066862737043
119.51093681437236
164.00170751561237
57.00314147078439
27.605280581600994
37.608754349185816
14.288813444249179
134.34085923924926
121.84600105159389
149.1271368095522
114.6391904428834
51.554407309788935
73.57179322588924
128.32635470174995
167.26034002227757
162.08720440401916
90.31465962937376
112.33017297985344
49.431177209802804
47.01255760528145
65.17585660875989
109.77385050116204
120.56996885134829
164.81007721488368
56.564991301553235
27.511307113716473
35.069870784014384
13.956728752709346
131.44138570031978
121.7865911582312
147.2960169710812
114.73297333343729
52.38847748049029
137.69751689698248
134.8612361833283
168.91658817584346
146.67849486013063
92.88471285701505
104.66976856855517
6.211438383870617
30.625179400395606
75.43492606992707
87.15848890119527
89.96211115360894
164.9790504256948
63.7720033362496
38.865695631651754
37.61487166702712
19.118249270025764
132.27447458999623
120.30274488560839
159.1352991312951
168.41222553195973
56.42205605901692
143.22569302951865
120.62916192909177
174.83518005222717
142.88657249672838
88.96214309540927
109.71640205164101
5.911111493237097
37.228466382342155
75.59783691711245
90.46529102463424
120.11193156891028
164.75194408761394
63.486958776293584
19.926917893158283
35.42739109160191
21.25610860459729
132.0209385757097
121.06666326371634
154.48461037677203
113.97294182060746
55.47987595292304
93.7206817023989
141.14017241519434
162.79197737627518
149.1260413211925
88.04994562016826
117.94057741941972
17.015542938346048
39.882165649986
74.37561964396205
89.3154798480641
122.85475825334693
165.98819854986513
62.38777087187832
22.152488561846294
35.13370633702764
21.232889431917762
132.4000548394416
121.11233493969357
154.74859259317603
114.16140925604319
54.08142456982662
