129.5880356922016
146.4501649363947
175.81848127317988
139.02831773933354
84.7881930519999
92.58684200258776
41.01325033734076
22.027230216589174
86.59872466373454
91.46168560179846
105.57853861224781
160.4808287199778
64.27962899483668
52.593574550365474
34.052773014751835
34.40166138818968
128.08183572738614
142.34554312378606
171.48944352148567
166.1518948131045
53.14631926259372
124.030237087019
67.95752466936771
176.1439327105105
156.21807328787222
84.12851239508817
92.52444635454385
44.936397731293695
27.740161556088438
84.3287568124765
99.29095999126616
108.86417332890716
160.1520402762433
64.5939709088963
56.664791540886526
36.09322084558931
32.2491353771684
129.3828454071055
142.43881923893557
174.32751892388146
158.39501918984487
52.696735591554614
130.81817817483673
64.95878182934973
171.93758845159334
153.5147224819536
81.4765939921408
93.17189060687456
44.4896171252853
21.300151889569463
82.10180900439057
102.15983290378271
110.14494240083799
161.22879467707784
65.38767304211562
59.22351840548612
35.15663548631943
33.682310395427244
130.0753060519599
141.92387352922498
173.5658416922166
159.15723142304816
52.538054739949146
118.02171573059097
112.67876447529275
147.01620438930058
154.86260385730066
88.74561930069027
99.66019955405991
6.391417311417298
8.70245021150339
72.80494328053737
75.53897566163599
40.34521971154736
159.86572685795153
54.66749874285455
19.450096425947557
34.07216731134284
13.917402473663554
133.016621208647
119.34189471529862
161.3342300171838
147.19835311834632
52.963999775073866
114.9503168918596
112.09179360153634
150.15515905485668
162.6096089929095
88.52393089455023
89.18748432935219
5.813228529626502
26.18545340989327
86.49863390117245
77.18258813440039
19.305829204727157
162.71092577019706
50.744514315908106
21.99742670755765
30.10096191206049
17.92778547227284
129.69072053429943
129.47793751049795
171.49136065994017
147.20540750780526
53.68793990368466
114.78223562515008
118.5332864058206
146.24637673247864
166.98931081175263
88.16602947099223
91.644032437204
13.085260320323819
34.48472136295873
91.24097247729074
79.46579238794683
77.3465013816253
159.33815367020446
55.047273752507614
39.52875719637763
29.62319526201132
25.588947254248993
128.27029926893655
134.35835951865255
168.61002962985717
175.6018746598506
53.527756521178134
