81.95740961515631
139.12220122580504
165.6825263730901
160.76511116131067
85.72506601435221
116.84700259743701
44.04821596259485
41.05174191603195
73.25695634481157
107.26316742295377
78.29057047016066
164.98806379247875
68.30663879043954
29.992113613825396
40.74023283888273
23.35258171448281
133.81966984750076
125.14283365243628
144.61358041505883
128.53492216973837
54.91773672838255
79.4991792726851
136.4113476932225
164.8419434061671
164.006851120712
84.96866217002089
117.74780848668767
45.188461144773555
44.272499099523195
73.10691248035329
107.45364985082396
68.72670985198712
165.11496986596975
62.87899536122495
26.844423317542983
37.36655601877366
20.91494939419307
133.27702158586067
126.03511927052496
144.98193675369077
130.59152073287405
52.199703327302075
75.0299828779668
134.66811539772115
169.09445047700586
168.53407411816465
87.13463496358513
115.15614536998612
44.06408773453578
43.28789896345679
73.58843870166817
108.82725963820299
74.33685157008105
163.6066608314984
63.36862850444424
27.23539543960584
37.292555479092854
21.24580557948682
133.46454307671917
126.05399854598082
146.83646230959656
130.59672423661988
53.04545950843967
99.67952679098309
135.02803361398117
163.33416358218392
153.75291732935602
92.71801189972135
99.75884327795524
5.917739296899502
24.202819551231624
74.94302307333409
80.9188075268077
96.97836144354284
165.37656131217778
65.61844533816155
39.73495518987485
39.62156951558621
19.740714934467654
137.52136039657813
119.31675822666473
154.74136136168883
167.64639861861548
55.5404565568219
134.3740722023468
133.18555310832778
168.68066075840693
153.52974612583364
91.00549647006397
99.98932684832596
6.079817948974234
26.534286314864147
74.49768626237977
91.57214185436398
94.4226773929201
164.36366872511908
67.67665101095298
41.143062808487095
40.79826176700304
21.040605979041572
138.87834958832485
121.77963778854527
152.11635475963078
164.11241052603262
54.89421730755185
99.48018568556024
126.46025864741084
158.82427883423873
153.53991860838582
88.99339232963415
108.99932361811116
9.201978173191538
30.466841896911397
74.09152756442937
89.82040422933481
97.20238102695957
164.63299951403533
67.74468241722302
27.178832090463768
42.073493933458046
22.296888002377035
140.55720685475643
122.76980538882432
150.22969433930126
130.6003566146139
54.497560303134435
