132.84852207222218
138.6025575253311
173.90494032533442
162.50664285596656
83.17520549177284
115.28358373172553
39.98559100464955
40.60023376794296
68.98659505817695
108.77589880375156
99.75537144896155
166.59591407923895
73.47556223128913
26.18942873139504
39.40615778606603
27.183210223738033
136.7726770560321
125.89958510948408
144.3872621285674
126.69165680565948
53.89557399321802
130.54206006226678
136.00713415178126
171.05233603615676
158.87734174535214
85.48020263168803
112.97075142970246
44.914717711042066
43.28948196519035
69.4174605642957
109.02541722893692
95.23100183518076
167.06800208373346
72.90078784669006
26.267963931717528
38.315799861333204
27.30370596936018
134.81399879465647
126.84783499557321
146.25795834433686
126.30690427579738
54.4303072131089
77.1158057416748
132.0692846542366
167.85758877061616
158.494992222046
85.16532584900207
111.28557991626339
44.735023858589024
42.56204689929414
67.22284460912616
107.57671931523679
99.9705699901927
164.68020984932485
71.30314497279271
25.457388366197026
36.62073487101838
27.037968294269028
136.50137293390472
126.75130297812338
143.4903703017879
126.3226990023067
52.588752552778274
98.3708416630455
67.40980016401383
164.53436966347374
146.42179306483982
91.50102163805799
98.58169929808295
13.281215417672065
22.83951041006682
71.62415725276843
76.74789229967371
115.30662608143082
165.60829085801132
65.31267628738924
39.790708724215214
37.02008151616734
20.499032323601273
134.26319766355428
124.40684396428748
156.6454458313808
170.03592329544318
54.00180967324513
138.19200358091769
138.0179758483113
174.24787135686623
152.38691566113334
92.02867675998448
98.3324938837883
5.8394321018063176
25.863531269724938
67.40218166919904
88.50141344253248
115.97555852841761
166.6794664718194
68.28987735466474
41.19063007971713
39.886648144643914
19.765069336324668
136.8707340019599
121.90825019667234
153.66421891950213
166.96616789549446
52.50210361367644
97.3073551293189
134.73322653243721
158.4534023816087
151.14318592658316
90.10878228021282
105.1533618351037
9.148496846945557
32.29631424989963
68.15932479842377
86.96326126964018
107.50744478493705
165.09650988870294
66.05853418539206
21.921187979267092
36.90968533564356
20.52482317477811
135.35134143243067
122.39211621582436
149.7402694076655
133.87503750339604
52.824526789517265
