124.82283601684698
117.9752314019438
143.58104192899538
163.1237131340505
89.98462137548795
82.58604183093311
9.197377219568907
27.61503908248769
73.80568683168505
71.29790753871474
95.89665469296882
160.85390014529662
62.64197726659688
26.144247642653987
32.444098662582086
27.520667443622262
134.04813992879875
135.79323810330996
167.32330569940547
138.89416195718263
51.610334618239044
133.69074278291566
115.99250999090243
128.6177068276938
143.65081035709855
90.9687294698832
85.63846276849415
3.9105751205345
39.593990759393854
79.57463231302324
72.41668536261972
89.93556403272136
163.78752102728015
59.77958382144551
38.93903810187364
27.746179777107752
29.171776061634052
129.51909379249076
134.28986340585183
173.99988661482573
154.19813244126095
52.634081072334965
141.45761093214142
128.77048664073243
140.45779600244168
164.0596593764756
94.58183939778819
80.71987534690336
14.356711430128309
37.92875193264241
89.6773841121051
77.61936427283275
91.29337800325553
161.9732829088257
55.99751179539446
41.16802358723881
32.90355578843616
22.836670086629354
129.1777758488797
133.88879449428808
170.56098223454637
171.0234012342555
53.35159535471091
132.84852207222218
138.6025575253311
173.90494032533442
162.50664285596656
83.17520549177284
115.28358373172553
39.98559100464955
40.60023376794296
68.98659505817695
108.77589880375156
99.75537144896155
166.59591407923895
73.47556223128913
26.18942873139504
39.40615778606603
27.183210223738033
136.7726770560321
125.89958510948408
144.3872621285674
126.69165680565948
53.89557399321802
130.54206006226678
136.00713415178126
171.05233603615676
158.87734174535214
85.48020263168803
112.97075142970246
44.914717711042066
43.28948196519035
69.4174605642957
109.02541722893692
95.23100183518076
167.06800208373346
72.90078784669006
26.267963931717528
38.315799861333204
27.30370596936018
134.81399879465647
126.84783499557321
146.25795834433686
126.30690427579738
54.4303072131089
77.1158057416748
132.0692846542366
167.85758877061616
158.494992222046
85.16532584900207
111.28557991626339
44.735023858589024
42.56204689929414
67.22284460912616
107.57671931523679
99.9705699901927
164.68020984932485
71.30314497279271
25.457388366197026
36.62073487101838
27.037968294269028
136.50137293390472
126.75130297812338
143.4903703017879
126.3226990023067
52.588752552778274
