99.67952679098309
135.02803361398117
163.33416358218392
153.75291732935602
92.71801189972135
99.75884327795524
5.917739296899502
24.202819551231624
74.94302307333409
80.9188075268077
96.97836144354284
165.37656131217778
65.61844533816155
39.73495518987485
39.62156951558621
19.740714934467654
137.52136039657813
119.31675822666473
154.74136136168883
167.64639861861548
55.5404565568219
134.3740722023468
133.18555310832778
168.68066075840693
153.52974612583364
91.00549647006397
99.98932684832596
6.079817948974234
26.534286314864147
74.49768626237977
91.57214185436398
94.4226773929201
164.36366872511908
67.67665101095298
41.143062808487095
40.79826176700304
21.040605979041572
138.87834958832485
121.77963778854527
152.11635475963078
164.11241052603262
54.89421730755185
99.48018568556024
126.46025864741084
158.82427883423873
153.53991860838582
88.99339232963415
108.99932361811116
9.201978173191538
30.466841896911397
74.09152756442937
89.82040422933481
97.20238102695957
164.63299951403533
67.74468241722302
27.178832090463768
42.073493933458046
22.296888002377035
140.55720685475643
122.76980538882432
150.22969433930126
130.6003566146139
54.497560303134435
140.32114725553598
79.52829494666625
161.19278863491795
157.71987506838778
99.89769843040631
81.17385220215941
49.725529061027046
58.01714977711928
86.91234947094055
89.52596312624323
103.49910556338327
169.74111098206282
67.49888199695017
52.4986630329191
35.822258664725425
27.4783940074619
130.4675989298444
119.42664019161585
166.51941749398435
155.1110958727997
56.56097908206105
138.1880784923985
76.70409063441441
162.52206952621674
159.00790599011304
98.88496800474333
79.52556530444367
49.20961167643805
60.11241692866035
83.60498484189434
89.2813816862641
102.67849291077964
168.76735836116958
68.40055670862812
52.46151619545603
35.807497337672835
27.220949224226953
131.86341660729627
119.3243307732033
168.22226166907302
156.37205372118083
56.992141198534995
115.52862235463863
73.58559821138026
163.07601131191927
163.80031822593526
100.23514809098727
79.47900256756051
48.482918515565224
58.52695665882465
82.17132958675292
85.69654559428047
100.01647943491238
168.74946998090581
66.50484357865682
50.430726818233936
33.44341482526677
26.581051273789313
128.223294506598
120.35278882368496
173.43637760984433
156.24359108479868
56.53456914831403
