134.61021332684254
126.24987784370865
177.95020145259497
169.09426874394615
86.70118813900982
90.36651380894624
48.598086267268414
57.334420322056786
84.23234006766528
99.1034695190326
110.7763423035224
162.8156949612604
64.56392653107491
54.988625602724
38.96362399284133
29.64753819694215
133.2141698188626
137.4714471708901
170.8717520149341
158.87758030386547
52.60169710329674
139.0380274880542
140.11660876206747
172.80355232693705
169.52428820583395
83.62031664534274
87.50347682926285
49.12455839928858
57.66118810723244
84.13709626810098
99.4303699559575
109.78893944249141
163.196227640496
62.94456084142105
54.144386564178454
34.94422163627948
31.838951970307487
131.7473393413153
138.34805645043716
172.4386020505203
160.8477691828693
52.19594391033914
129.1012565132325
132.04091398865185
174.62604036331646
170.48850235393274
83.5116862849896
88.7821330053682
47.098764718506835
51.59634390393731
85.17014164850347
93.4766617206492
106.63200093025435
163.61106796616366
62.43010766652797
52.197088659793636
35.81196545203207
30.538862787040404
137.50324281136207
138.45030895333957
169.8562422504631
161.1220648513863
51.85405469336027
82.42250257265437
120.2793906347074
145.53361623319938
165.1891875508074
91.58261832317228
85.61227291675854
10.904679361755255
25.16043378797047
87.87828081406869
76.5303364753803
88.51363169561745
161.8968830737022
56.82009852107247
39.34388410100165
29.027506996833736
25.096189479495614
129.14946853498589
128.4345614723969
176.09389788536635
155.22051862068096
54.11284419847884
95.94192976573393
115.70227212570532
138.12904946669008
152.14808430882567
95.37925755116885
82.31257066086835
5.154328686164769
33.72276957851795
88.66104036490664
77.83111691743565
90.0078564916629
160.59430393474608
55.835040364621804
41.75597501855946
31.24621582822765
23.729536936778512
128.80051069138133
133.63870295445446
174.3905601387808
168.45743128413918
52.20362320940477
121.75933167743169
128.30956214920076
146.04421859116206
161.56247353591704
93.9933366957635
84.1790878228982
15.10481730468921
38.20333642003141
87.59578171453495
75.89861530769699
94.05391001317084
161.4163971472423
59.33706377487324
44.55326195552598
34.18612254431044
24.279348169044905
132.51900415881323
132.86428523178967
170.7473002228691
165.75018782798486
54.21041779646675
