90.93969267001845
114.743978622641
146.326861728544
155.15142707258894
73.89562236545473
112.96111551947708
15.150504936626861
18.78316575309881
22.97466561027243
91.56039549173688
84.8963147219487
163.52262340160112
16.121293020632777
8.147384069717448
27.078050471503524
37.973863032273464
125.90186386441597
78.3656919782593
172.05064390923525
134.48933095408972
53.12223118834825
99.31945538377627
148.36288289483815
149.2296062858448
170.97072628422504
74.52488575603081
133.6740996044603
8.733387016995028
17.628190573653633
22.213559942522195
87.19456447356269
92.92794029293923
165.45418151960604
16.207860679439744
2.533149766872386
26.507694841917832
38.671888699231644
125.95788666568252
78.5825489670641
175.0239769937762
144.94161247624123
53.288711799580206
115.00882548229298
107.27883094311085
154.41465146994997
175.54727296040076
74.57378345672568
132.62382506287648
9.016236004914843
17.927088932041233
20.564501713050262
89.87733141022974
97.41107348247063
164.98302975265707
14.521237868309038
1.9315689372796325
26.747259045447557
39.75885572124236
124.32509851829285
77.20543577685294
176.01592629800896
145.77713870880885
53.47825596324109
123.08880383980762
140.91668498681315
173.49826648762524
166.79722532280667
90.78177951633604
119.63133731792678
35.10058909739079
35.71518085095907
19.375627796558117
113.60348668397502
94.02796303900678
159.36292066404437
18.29209350532691
4.098258718246919
38.441624687993645
42.4598391248615
126.52191872259566
79.0652185329259
154.62924808344562
142.42048451990166
53.65040678271327
118.56249714343296
140.94610870987697
173.60974642632425
165.2168466886824
92.86709660027707
111.56507172963907
36.771012994262605
36.70348991387623
18.579088560455205
120.19623437712433
100.92378330487023
161.581833291287
16.712793859691523
3.73471087925893
37.414437641888796
43.98192983361398
122.39152200304976
76.43956820404128
156.650320722561
140.35202275417137
53.6563748374591
121.57124479940568
135.57505083490514
164.30197178401738
168.10070335672182
89.57826589860326
119.5783157414066
36.50656801317276
34.40185407858034
18.926351904139562
122.44658199699342
103.68249528737914
161.05537769012048
17.377528376170456
4.05906463153167
36.70384536352163
43.34420550426093
124.95649671676
74.70985699728192
152.48086228613545
136.58506036565947
53.75416070043843
