140.86753662436632
135.81932260028498
170.82316443171317
117.08530944788062
83.94600159758367
120.74841597353732
42.56197141105717
12.111122003214495
83.36782496594728
100.81434399164291
92.91588993981958
165.5992880852233
51.62960479486977
46.80848844389658
25.209638142840078
27.79955298022699
132.2005747816293
136.23027650926943
170.84616802287027
146.52327879132196
45.806063493331685
107.95706276266542
51.056922718834365
116.23450887755199
112.61220160454269
67.06283891139914
130.81235550424427
16.933196357896712
49.31792585245025
80.54148930172039
97.84802233760294
90.96273736345024
165.41691905912563
51.96311804269256
48.08457938376542
25.74342435133187
27.132161559158767
132.4004164330506
135.95151479878277
173.4375553022652
145.55660505350332
45.927471785233024
107.09478306184675
62.34004353730485
116.35932873171566
134.0920975508567
66.77152240383398
119.20341330078364
19.816832449857703
41.23167556730261
77.57666525872197
102.14917999220044
92.15204916346117
165.94455780051175
51.35337407040227
48.417621218464575
23.95938894793607
26.850534249213013
131.9643248485551
135.63103165866934
177.2871598206149
145.561350820148
45.53430615559659
134.25061983950374
88.13991578321634
171.84334008436346
132.94095133984246
73.55667078288258
123.71110246003686
41.72137773588548
22.130237347064153
81.98150424366163
104.08911636386881
93.82297753165304
165.59227037946542
52.21805340460265
45.83008793673936
24.80869236767439
27.597755741071392
131.1475482099765
136.04550382772695
170.51666061535659
149.2562110171384
46.91727889730398
146.32302896782963
89.82936464017028
173.57911601056466
123.23669646215559
78.21106009403557
124.5015560681473
45.23106834816097
18.085625610506156
82.10979737602369
103.00793293578104
92.03894081395667
164.84440189567528
51.62524651565433
46.81995374481315
25.08920149157545
27.0984187306124
134.46096001986794
136.06789087009506
171.62360449894715
148.04155618368893
45.386683697098306
140.86753662436632
135.81932260028498
170.82316443171317
117.08530944788062
83.94600159758367
120.74841597353732
42.56197141105717
12.111122003214495
83.36782496594728
100.81434399164291
92.91588993981958
165.5992880852233
51.62960479486977
46.80848844389658
25.209638142840078
27.79955298022699
132.2005747816293
136.23027650926943
170.84616802287027
146.52327879132196
45.806063493331685
