118.51014284888257
127.52860797324604
169.4770444278483
155.85831723590042
93.02864271176824
108.96407069787396
33.669134394212804
34.4141197658379
37.12537420181742
112.28486048187803
40.28514270960718
160.92589260865805
37.784802250781624
32.671601661535185
38.50618106644321
12.438587085597737
124.9814012338924
101.8048893978945
154.25097668868494
150.3952030244343
53.41040051635853
117.65986698749748
142.95970971766565
169.49900659772493
167.4775748532054
92.14161039863309
115.46437650565201
35.4679009112927
37.61708702348087
34.36192595783352
118.78257372892715
54.25711819885082
160.83559942070144
38.334039791955796
32.51103397122303
36.58373750868164
13.205281679690238
125.40710591438486
100.86343663728984
151.87208617646908
150.3891380778569
53.738492884902726
115.51749830776306
147.38107919584817
172.25413855428076
168.78075102992022
90.47436519055509
111.01809916411392
34.50982880020835
32.01329362168005
35.29337211062745
118.43738180467206
49.12519339578476
161.2952594192511
37.995534810677455
32.219732458459546
37.59739022488102
13.246593321273128
126.8117655664941
101.72365952203852
150.86361228178282
153.01490638059258
53.26409489302602
128.18008927187194
91.60831914459585
178.11366884961012
163.28742880018424
76.13397656393502
82.84850985099833
10.653802677009825
17.05964993471626
38.85311620369269
110.09441102227674
72.3261582648284
164.91700761463977
36.70851575340297
25.00185461010264
24.253189648091926
7.273788317314617
128.8812700758824
99.91315896362391
162.86269878296616
154.44022295445862
52.74363045116802
119.89037301425911
134.40673679145556
166.72176372175818
134.1723098589779
92.3024590718348
97.64246990209868
10.791917118149163
39.46857542189214
35.523127186353584
104.04120484683094
64.43213811191549
160.1687165374147
35.670465754555714
26.41923944551104
32.31359491309328
12.776367046600253
123.47996603991723
102.60590611731597
162.91723951490204
152.48569990239363
53.033268032548634
118.92280656467123
143.30023839321697
166.4141006989766
161.40647866432195
93.10989888816835
113.75053430453184
17.961192400048972
33.08108216073659
34.75391478222986
107.14394335577924
63.54356954175764
162.61517006843022
36.46326837453954
28.542234937145718
32.71963788325422
12.856968569674777
124.83325801224417
102.99444075338039
153.95618047352966
153.3743805601877
53.00048280759754
