117.30620796340024
121.87820447087319
146.8756707360676
165.90438325171155
87.0762385115776
90.16217149376936
6.491837635994484
23.880480218341116
70.38153390326903
78.73114642040902
105.04278220953933
160.1122172341317
57.85052476605396
37.663122667982385
28.713780160515057
19.524723684926645
129.93053089159434
118.96798966304684
171.436887358628
167.28523196930055
53.33730331751704
137.89778204241574
117.94570794807056
145.83966924246346
142.23224206898382
91.72202110233049
82.58338946337837
2.1465466508623767
30.005403719048157
86.45763252555673
75.14315122223141
87.58268569130983
162.5596743718366
57.08323919137096
41.26374082695425
31.482034853405036
23.728205905325737
129.92889378320058
131.76381323843108
172.16732519730152
170.48529401258156
52.751326606257955
123.93411225750013
107.6855083802104
147.55146498706452
155.54187076960253
94.23556353717407
78.08835470923101
13.913665556903362
36.84094230723541
89.01888768793583
77.273337295117
91.66824442393134
161.4526052143987
55.900168233696355
43.99069689321415
33.001281775833476
22.980859635596985
128.99935344273294
133.89528061809955
175.69543003218885
169.95264798187077
52.075736651643396
83.99359963722245
135.07634978903076
162.3892698667242
158.9923215659268
88.03482085514835
117.08378489938517
44.94603216836226
43.76941268244168
66.1998468939224
110.25504351571857
82.21352093239514
165.22489003367832
68.36853899931833
44.419484647537935
43.13383716711232
19.4633813180548
139.42967595229678
119.4801018287226
138.92793547022404
167.44646744307852
53.779239592798184
79.11627059492827
136.33279151145206
165.82852283557713
161.26439686748603
88.48064459244789
113.7660302030248
46.41016068491479
44.12026597303918
64.3116767719105
114.08033428081876
83.10154465208294
165.81455922873428
67.46687638673485
43.20661313984896
42.53555125378533
18.070898457242663
137.7102919022113
121.4597148134034
138.175235406715
167.43299415378786
51.95343676349838
75.70490238899313
130.0904415713813
165.78108500487767
168.68920659317388
90.26645884177603
113.48183536383803
45.798717412039345
47.06142475290309
64.42617238857302
110.47678944402938
86.36756298462363
165.6021087252924
64.87879311710189
41.9449983886474
39.7167527447878
17.45663159180084
136.1062680984737
123.10058402144271
136.87235301763982
167.41968301720553
51.621127616660885
