83.99359963722245
135.07634978903076
162.3892698667242
158.9923215659268
88.03482085514835
117.08378489938517
44.94603216836226
43.76941268244168
66.1998468939224
110.25504351571857
82.21352093239514
165.22489003367832
68.36853899931833
44.419484647537935
43.13383716711232
19.4633813180548
139.42967595229678
119.4801018287226
138.92793547022404
167.44646744307852
53.779239592798184
79.11627059492827
136.33279151145206
165.82852283557713
161.26439686748603
88.48064459244789
113.7660302030248
46.41016068491479
44.12026597303918
64.3116767719105
114.08033428081876
83.10154465208294
165.81455922873428
67.46687638673485
43.20661313984896
42.53555125378533
18.070898457242663
137.7102919022113
121.4597148134034
138.175235406715
167.43299415378786
51.95343676349838
75.70490238899313
130.0904415713813
165.78108500487767
168.68920659317388
90.26645884177603
113.48183536383803
45.798717412039345
47.06142475290309
64.42617238857302
110.47678944402938
86.36756298462363
165.6021087252924
64.87879311710189
41.9449983886474
39.7167527447878
17.45663159180084
136.1062680984737
123.10058402144271
136.87235301763982
167.41968301720553
51.621127616660885
99.63798507346809
142.6603362967626
162.43880898685555
151.18131510136485
93.73888382981421
99.62834003429334
6.93582374437623
27.330662532010628
68.05449215678789
84.00191472413889
96.36978323857907
166.24705533565503
65.56125959060724
39.68109943734276
38.073409037192604
20.762606413953524
137.32508085365598
124.03677834083038
153.6000192634467
165.32891849919426
52.163151127331034
136.94509330678193
140.35491400537842
169.9226729800979
150.6285583690173
89.68545322302514
106.98892755359125
9.580630170781388
31.67889173172512
65.28315187039688
94.58088964333524
100.76749904270523
165.97939193501196
67.37041905527586
40.58307368586717
39.12060232544716
19.957977643512137
137.77552479652977
120.13953798968755
143.66742962902066
169.72782413143773
53.28040621828115
134.78811521261022
136.777120871439
168.418968981047
157.49882986312443
89.12182541769893
111.55821859491606
16.192554081767657
36.48130323283053
65.77300462105245
99.07429203975485
107.90301103013965
166.5510986596041
69.78742137410612
42.90767827015261
40.78687389790994
21.257057153263236
136.31605378975325
123.41748093098536
147.82380283764454
165.10695499171496
54.450093863451876
