132.9622420416158
132.39211891548197
171.06221766003864
160.10712357328268
87.78338585028384
117.57438316881738
44.363916898851414
43.54699704307408
63.66299927239694
115.2625365520784
125.217550773534
165.38336859479546
63.781907347733515
31.686708769456878
38.790050363099
18.10674388036199
133.7494293166128
121.79769932068723
139.9755340001078
119.0830454269645
52.47210251877146
80.71271116195423
139.4121435804125
163.24266909049942
159.3463330463003
89.14901098571492
115.0234221077939
48.89048325797304
47.139587665020464
61.831498839992484
113.78268626776115
127.32523660924592
165.83633590648176
63.52827064027853
31.26619799520427
38.07116917619652
17.391140832761383
127.96669065331164
122.71387877669241
145.81074201516273
119.11032121678049
53.20134141566512
75.37705341089192
139.5662086795254
167.45131329292832
161.00308461217224
89.90590111738618
114.50794445351558
49.76770863097386
46.3071038724973
61.28704213627955
112.15067296261668
124.15455083445138
164.13325761008707
61.74232471804763
31.860737844292714
38.508622916230486
16.716774153707334
130.87110976312857
126.15142689216422
144.39518066519122
119.14082028074624
50.93191611074865
136.91325378416545
26.93526335258521
173.7955137982527
151.40673162827017
94.82296539116109
100.69249452700845
9.38827735519347
26.425197265308324
69.76477488265553
80.39239039551343
83.22063149791812
165.915609374399
63.085745618914935
36.368606342580826
37.31399880300811
18.628420827794688
134.3653392823612
121.17943188754532
156.09282038181948
170.45229089567934
53.540859628171674
97.76083777963298
126.98757613903189
160.3712669337375
150.44191926315222
94.9592827621965
98.54563521455077
6.639613657649566
29.944738912330426
67.6980559758588
84.30438712156447
125.3087326682203
165.80172029738625
63.575527068677616
20.64357727470189
37.544530119976585
17.877860111211163
135.55813762552225
122.25366099931071
152.43091402706804
118.9876286532275
52.73380492365186
97.27842552344968
132.22662967225153
159.22317160724637
144.81175098995647
89.94405240488041
109.37456307039615
10.580114436571577
36.458659430929146
68.71650024856281
86.87841262488911
127.20728549020882
165.5512299940729
61.33249642216296
23.309806070046502
35.175245439544504
19.279244575520835
134.00573433989564
122.42047751766766
148.70241323953528
118.91518698560843
52.210518281713725
