132.3704651727252
74.79575897816446
173.81237244426646
133.86347733311115
95.11731344816174
89.8588030952221
11.982778401218711
32.23061254258962
39.7594113818647
95.08879811409702
82.67273416084291
163.99796413905182
34.31362835274941
11.695404743293311
25.856742314809466
9.84979051552157
129.57129087097871
99.65843056816755
168.26721711897505
175.45911889162684
52.86797934381276
129.85974439697975
115.26273623630182
177.34722169180134
156.4437991735396
85.78517386125603
93.98874298871117
11.217093363849424
29.18332709819432
42.8408104672094
110.31682958120106
118.91871724381592
166.86911782873045
35.56692996251203
17.523207323300362
23.461911838071952
5.159045694931366
128.04467852921218
98.51769701610098
166.3107316521923
154.91609113472944
53.32478691580059
117.55328399541872
138.8665413197331
170.93748783866232
156.0485617905599
94.9659044084452
106.29017014507161
13.493178034371219
31.04607405863639
35.92105644514628
99.90641145131949
102.41089300085102
160.70087308367513
36.01545159974261
22.936756690565986
31.80978343714355
12.789021578014278
123.95706909637696
100.3249045660123
162.75788324418437
153.08316763136597
54.395015425057565
124.60195106690156
126.99970826511854
169.9137755218102
168.9037842692137
86.35196771537106
88.66341789589255
50.816797837193114
54.680137900457765
88.69780875700548
105.1299225288783
107.49109940339835
162.69364635155853
65.5938270893399
58.339001982793334
40.562361461593326
32.51551157720983
132.2334837659539
138.03782331718295
172.57347134580843
159.94169188700704
51.97388253297963
123.63027919898744
125.92750272864615
172.89109128057123
167.73669472394334
84.72195984983492
85.78687950210815
51.80016586365022
56.17530129926797
93.91747804818762
106.08027665270053
108.03445726719961
162.70886217864364
63.634734946522556
60.86570533811812
39.53064727328829
33.186870090552134
131.12284839151852
137.59435610547703
172.49889946898486
156.31760518407313
51.84487761577097
124.60696975168568
76.96537645031881
170.20125167074994
163.29524455633697
86.24259381208088
91.28291133801928
51.95799488462016
58.07555596703088
84.75768005124847
102.19000061341318
109.45699405094068
163.3585048541604
63.38613236584371
59.25355272942812
35.382856346776315
31.162652182758944
130.12196005064462
133.743814155542
172.96308344666807
156.49289644062932
51.91186228885125
