99.18457289451979
135.49130927658922
147.9515232902392
157.4836734259811
98.8289757543557
70.33356048367494
8.93977863486103
23.99288812290624
80.13784739521974
70.44657591037408
95.71930662650297
157.50699908972783
57.02646297746449
12.336982689888517
35.88134127807714
19.201786545461
134.5160182932819
132.4814926718421
158.98173261202496
114.66608630060611
50.157231932852326
106.55662178706054
111.92109282680212
150.07785885708344
147.36186185304715
94.53188292355878
75.872543786094
5.540602568649032
26.13909860313748
85.24814121583194
71.67738977054648
80.06085154175314
160.7755009810059
57.52143856780188
38.39346974198203
34.76795783977171
22.335182537023254
133.5937095537349
135.63213875075834
162.22149053272594
156.22060087383298
51.740405634324425
117.59698503569432
116.0229874771081
140.45375400370443
159.17809438555793
89.0150275460933
94.37954393678112
11.935507277869085
33.55223129438922
92.01259943772136
76.55956651911346
89.5275537228153
163.41385693204015
51.27592163391021
41.97012441670694
25.49671087977071
25.802150507541494
130.52261427431517
133.96437010425987
173.27386348606382
150.81291131520626
51.974135506481005
135.19637995708462
134.05367142556906
169.5384029412694
160.4263926127813
88.3995789825371
114.95030317142108
42.00076787226919
40.958533664255356
70.25702346247698
114.81461055015606
121.76197826177875
162.45510202824894
65.42963612433888
34.11899600796276
40.15106916437616
20.394074084969983
133.4540785649183
127.50990148831954
132.3886726738645
110.90566410523179
53.621009585410484
135.14541984504962
134.52873939209348
168.70859545470293
160.34044075753988
89.23864289713548
113.40187196356317
42.929342507540525
43.00390867275538
69.59268223345723
116.64441209334234
122.190983415226
164.0695606734126
65.43473961233448
34.45427118364401
41.26529282162416
20.340345849340054
134.5491994714209
125.9887588653732
137.1329376430724
110.91416808694939
52.56574193919857
78.42116151783681
129.7852365625235
164.9036565802713
165.6014617469463
91.30800372535906
110.12264192944603
42.80760758183589
43.64662988270167
30.39590669430944
114.25476813744304
105.91120121489662
162.0603360264772
36.86805214206843
34.06977295549402
40.183913071610576
23.976150361423592
134.7575540279994
82.03374436227345
131.49115029931323
175.15583410212687
52.24235685240103
