144.2952955767938
63.36914048826124
175.75018251616302
142.9362136680418
88.79812399720143
86.72804138520237
40.07309653837667
19.76513639592382
97.63118433016194
105.51246784662708
106.7988434959359
161.64065265614965
65.15647190774794
63.73601430328619
41.10571349513116
33.493769270936596
131.1652097567549
139.10305732163155
174.92922973604766
152.28346779492549
52.52051044734938
121.82506943755428
61.378674191746796
172.89217307799908
139.55118834764494
88.81934369207052
84.37601491659622
40.69308368242349
19.859529521236485
88.52113912179324
106.51278507003413
116.39160102675702
160.66420882395443
66.0816841804344
64.93720478301877
43.65347607936952
31.893888281646742
131.81354593212603
138.40205415228579
173.64389136428358
150.89615208457954
51.134864263200804
118.59867311926466
50.86227896218084
171.0508555040748
120.91484398328612
80.00246072465417
101.67043979706023
37.16626780017189
10.782850971068287
84.07434951928656
110.27035502066758
116.65867845797561
161.87853206474486
65.17247160750131
63.764795856692665
42.091316616000746
31.680286610246004
133.74342963234386
138.28667041880627
174.3491374485882
151.32678583296763
51.27106789373597
99.18457289451979
135.49130927658922
147.9515232902392
157.4836734259811
98.8289757543557
70.33356048367494
8.93977863486103
23.99288812290624
80.13784739521974
70.44657591037408
95.71930662650297
157.50699908972783
57.02646297746449
12.336982689888517
35.88134127807714
19.201786545461
134.5160182932819
132.4814926718421
158.98173261202496
114.66608630060611
50.157231932852326
106.55662178706054
111.92109282680212
150.07785885708344
147.36186185304715
94.53188292355878
75.872543786094
5.540602568649032
26.13909860313748
85.24814121583194
71.67738977054648
80.06085154175314
160.7755009810059
57.52143856780188
38.39346974198203
34.76795783977171
22.335182537023254
133.5937095537349
135.63213875075834
162.22149053272594
156.22060087383298
51.740405634324425
117.59698503569432
116.0229874771081
140.45375400370443
159.17809438555793
89.0150275460933
94.37954393678112
11.935507277869085
33.55223129438922
92.01259943772136
76.55956651911346
89.5275537228153
163.41385693204015
51.27592163391021
41.97012441670694
25.49671087977071
25.802150507541494
130.52261427431517
133.96437010425987
173.27386348606382
150.81291131520626
51.974135506481005
