95.80934977029283
135.83996897585763
147.0640148681473
160.48239061030236
94.56996418877432
78.5498233212937
11.952575845328425
23.83999292874488
70.33825023830313
77.48311911253371
103.93125431325808
161.35151463262872
58.01842627644996
22.62625403708469
33.455454907913115
18.19961476914515
132.08785705970652
123.20861455906112
163.27976988682946
131.80666346561193
50.842796500862086
114.31047551825236
99.23922121612136
147.47192516181173
158.12455881234985
91.79986832403577
79.97998143865863
7.034610884843315
27.54757411099295
87.99354730848957
78.91195073625616
98.72265003374329
162.5428080534936
57.57648010833776
14.130489278096785
31.467973943365745
24.586091407348736
131.74048512843265
132.59078492457607
168.05885554598828
112.42735229083637
53.39716793064522
119.36512772948258
110.93099296787584
142.58932159912877
163.64913316144867
92.26518152714652
85.97074365191392
12.74469724167584
34.333451627042855
84.88752152591307
80.88395355269455
91.31016717509938
163.66048208825575
59.72280585385875
41.13497125953025
30.81099009143746
27.85497827732061
132.24777842592556
134.0050520624139
169.17757972426995
167.42045396888184
53.34554317593833
132.07133412697763
138.8832613064896
173.31718333126778
163.5674865290576
88.12117144542117
117.23889208182143
43.21149661310491
42.758448644105485
65.98531938944812
115.87832200261592
72.37471191855013
164.86222430325523
63.15639556890039
27.80556799668495
39.78274925038752
20.279423606492657
129.5087200454801
129.26646703778
150.50403400011132
131.72025895374134
51.507978403739806
80.37041894600418
137.73168763396282
166.22815518683203
159.34329179749992
90.1466618138125
114.26520452819169
47.18999298329924
44.91962944972489
64.50315050446511
109.71018252688064
73.85923364179318
166.08959727781763
62.51819034595217
26.643352398049725
38.89956729565379
19.037554054740294
132.58183073494445
129.62635839191094
140.54502849825357
131.7298817216006
49.10670188418677
77.6330380491884
133.71934668803544
166.6177577418757
165.25541701829823
91.68778081317966
113.92412695680481
46.90711861185278
48.246724630629416
66.06704164354376
109.65484742416378
76.41774896103463
162.65554184464003
63.72412229409764
25.92244047405255
39.88884085699522
19.833048096454082
132.71360792064505
127.99719682678962
145.75519069127367
131.73533513305756
51.2091127058165
