101.64055271636596
21.213433686504565
162.91658334892162
150.35485664782752
97.03511552831336
95.02879377333217
10.895230917564337
26.34095019086825
74.78646917912855
78.7263543741332
88.60499190164349
165.40996441805706
63.06318976446485
39.0385657189173
37.267914131084254
19.693068977960532
133.62819640735253
121.17473568161202
155.45055032478618
165.44251692131039
53.458512319958224
99.34665888452847
142.87316993286748
159.56935804953972
152.21336711119463
91.86312952509297
99.91499536040449
5.613662090926703
26.740795906347554
71.88229534554574
84.70071119348621
111.2900911818721
164.64768470606367
66.85324975195618
20.644528578907487
38.57682798278495
21.08356309694629
135.5821071969336
123.9250179929782
151.58326409642467
128.6296751349384
53.937328088993596
99.76487855666423
137.09572399753955
156.16243277300106
152.60753967547436
90.4155879509259
104.86657034983124
7.991157104495032
30.61848599180302
71.22794536128065
90.53803126992769
105.34679420367928
164.77699605765318
68.10388095760707
22.288516135039284
39.60981835236645
21.132714129230205
135.9206291799353
122.84609699906576
143.62843425429102
127.01713851358522
54.44490468159943
140.59186996507734
86.83448781825395
169.7481861591011
147.14614107698324
96.53266758998764
71.40369705669103
46.294511980264616
60.483977103646204
79.1038647109975
98.17916094831058
109.63392897615047
168.4949042419161
70.25659214516674
58.37280917897765
38.22513229013156
26.480308526282865
130.2391062885211
121.67163306628152
166.38936221810602
150.885478037835
55.62168840533377
114.96034522126925
131.7076316771418
169.58498858390226
166.65457875934226
96.45759705414541
75.78988576202504
48.19456455578678
64.53466547291164
76.91346858457246
100.17382417570144
116.64786146901338
167.2046278544984
73.9906821959179
58.86517664299291
41.59712676233686
26.746755535391443
133.44557841974853
121.04528425784882
157.4837644972883
151.41132912761168
56.43709303279241
139.02959485373765
132.29407839527786
167.7408897483266
172.7611300958294
91.5434187025019
76.90358212579838
46.83347479343996
55.73051071508885
77.9782810834716
93.4396353631631
115.34861835187014
168.14085061563244
70.97707524754469
56.996098963338646
38.26063898328284
27.004072216468884
132.64677215999097
122.2419768632146
161.3307924255783
151.74019721730502
56.091434036943404
