114.66724663262175
128.19512583539486
164.6206492728029
152.53674807032118
102.10944031314473
92.755878239947
45.54855192523078
45.98227087342598
4.78680768906881
112.1784346016078
100.29713705132313
161.74388087007193
8.723241705839598
20.400571907516888
31.45779703030722
48.078327358963094
121.09854375694567
95.52499651907256
164.93546929768178
87.60282947859174
43.58900359864919
121.33641187586073
136.59000614863322
166.22147821422243
160.93137512292236
97.1421313905758
104.76412047033078
50.57192238374083
50.73222251488079
2.9351265872421926
128.53056320639178
107.86472444716587
162.19439649652264
5.326868479088908
24.78205171907303
34.415963494593555
56.138795459726715
122.78574149937586
91.38738866177958
162.0674308993104
115.42761862595223
42.787963113588596
109.72882067423993
106.00117477575404
135.91926768756545
151.9294227282161
83.12392173339809
98.83663361457052
40.2491794986435
28.932514244711438
5.112867670423295
110.98504485169533
87.45858152591609
160.30222543539548
4.072261785664877
23.36196250672518
33.15072053204927
28.005699155750158
120.76236256365556
125.82516519637277
165.24499281376922
154.1520104112813
11.366058597479455
117.95876437595415
125.88448274095835
173.14411965881698
136.98474670668801
70.65793745578482
113.5640332272767
21.99425045808262
13.685121367716604
17.58152203278411
94.59148036671928
90.49605940378366
166.64596343474543
19.43581472962876
1.8290910583544164
25.353339699358383
21.458743097669092
137.45261410181516
105.5395092557591
168.35752761706124
174.70219475127658
40.92040026332095
115.68930057120376
79.48029539669187
167.26747064236034
145.1733838786816
92.71340354892662
92.22825271790538
12.48821033691913
26.722740250662586
12.650230475818107
94.28502275081858
87.91151236724131
163.12198060627355
17.25612241537496
1.3705602472884497
29.129531058060852
30.79839629470527
132.961157438115
107.53922740469025
170.44343487483764
159.0005382488592
41.58667732345455
103.18429078330817
117.8114673763927
166.20095819749525
154.7263047345495
90.24974490418354
100.33811433957844
12.928032149604894
33.079064172944065
14.421882598317676
97.85186819376337
67.87925280845057
163.43445154426018
18.26886841790352
17.54664058270941
28.27353530305279
28.08512416591505
133.6255865870578
107.04993855250173
170.51542398498103
119.3671276580847
41.45479591271654
