101.3499173275554
68.7108725407892
164.19255262515458
147.32107193939643
94.80913182009681
99.35345488161776
14.586162188917086
24.31281983095637
77.74268292154488
76.31203768354696
83.3186341015187
162.58053987393077
63.043448135665614
37.765415987757734
38.53975055251849
19.456190099486225
134.98131433421256
122.73842945406469
156.842132916788
167.07383349657854
53.976999883376834
137.17983003547403
88.09358171636163
171.35844770736335
161.53177010081032
91.8173875041101
99.69303573231099
5.078971780398077
27.212604019937345
78.44606528000033
84.81896205608304
88.09096636016659
162.15832606709503
61.1425464026593
37.52158897077056
35.09752739655924
20.778835699191163
132.1305258532546
124.78511523435823
151.15679945962984
166.30039724784703
54.1720653075181
99.5289588868941
134.9729982434595
158.75453750432015
149.7923827104141
89.67124080837722
109.00634050805664
7.306763172299682
31.85625991467295
73.03231770771534
87.53462298101697
83.96333849310913
164.34508346925432
61.20368995952667
36.584452562118855
37.560438660003896
19.181915981008533
134.50042940180535
123.65465931954986
152.51252957338997
168.19375623610009
52.9120698245377
141.77334797784653
83.7616752757621
171.45811081085364
151.3215171997621
97.91058766551367
72.14403236862813
48.345458587504694
60.18309770098709
79.22005475169183
101.28602859270711
113.29984160246963
165.42190950743753
71.16015072779689
61.31702174279641
38.67655044891345
27.4641321993472
133.8632623535548
120.80789867958548
160.06319526937
143.01875425438723
56.237689161227266
127.22492755178804
137.66187287666293
176.1578080531275
174.16797218337686
98.10593471405129
72.45064856558088
47.62932349951318
54.203275810177324
79.44452619128262
97.84429980183154
119.65785825451879
166.3839095984524
69.97538639357293
59.957579565945245
38.02495022718062
26.680791455250695
129.97365622398982
122.08950287919178
165.34710704164343
141.86052765858167
56.63958570153698
124.6144952233101
77.31905469333715
174.54288341843198
160.30566866748336
96.02799781954684
72.89307094716386
46.30947357260098
54.22882051287964
80.43660258063389
95.24577983439141
118.06738016754343
165.938810210855
68.731002709637
58.86590809507432
36.68684598436741
26.680547756769897
133.7824887305922
120.66508576037089
162.45085978647774
145.7886364095
57.08613706715056
