112.19308191997115
107.48820530745354
148.24654752077709
150.2220685386055
92.93280791734192
85.1230816145663
6.989625070419722
25.58495855214042
78.26546057401883
72.97873614592591
80.78019687085656
159.19155757607314
54.74383455599708
35.13748161555654
33.21755290400689
17.018854743222526
130.91044941664813
128.13574919635948
166.97847317835317
167.64231806157832
52.828925692493925
126.58753480517115
119.07134761296194
145.73534789417187
142.61065776210307
90.85686068504664
88.53724729191998
1.2300237155827314
29.62899407724765
84.93122890241531
73.62372494314604
85.38350196363298
160.8815892940267
54.984796333504306
38.68379085131835
30.444676804951413
22.131398433402072
129.63527997274713
131.37071261295188
169.95924994669653
163.79800832106838
52.17387735875611
134.24440975689822
100.54819901586347
146.68689032167333
154.93128551623766
90.08324544304844
89.7196302902914
15.757208612620854
35.69559559117043
87.66507734794786
77.20054450195171
92.39591186761058
162.54647518575115
55.81083829847277
42.81660333709082
28.00206921796133
26.901382815728542
129.17403670605694
135.4236428023818
175.56488542569497
166.57314480926553
52.9908202092419
133.62472771325355
137.57008633405698
170.6367838263324
160.72067181411475
87.23212309913616
114.61693082971132
42.9156541673422
42.056002455027674
70.91209957541967
117.61109095055349
76.08079242384397
163.26539638078552
63.75219141954523
43.03800864243978
40.97920621836704
18.9444502269426
133.4428644117345
124.04626825200349
142.98694742742057
167.69286738575565
53.66037552055099
79.0678417704117
135.73536341465584
166.782419320416
159.13525679019494
88.90053740816417
112.23421991823707
45.23616317746591
41.751003850536385
68.88243443956851
111.58311449564086
76.37864952857872
162.8355786124585
62.632666222980575
41.88683737724551
40.244489404992635
17.152760147726568
134.54919274048558
123.24984267384343
135.4990975202548
167.68902114260888
52.444320249982525
75.6584118784855
129.36289779149666
167.5758369626479
163.38261344593155
88.81855561031436
112.60680460689782
44.571772086584595
43.40961279793277
69.61037252856414
111.84635779014177
79.7635294765624
163.02012764883875
60.999933034657296
40.71299102235369
37.19188710179524
17.86425455331538
130.9109579586169
123.93777327529693
142.97171702693564
167.6845413287046
53.14509479571235
