107.1638379758635
127.89546380312439
147.54586025557225
165.32165008599395
89.8448498152289
102.5699441665096
10.832725340554424
15.520645460653895
83.17754477030284
72.89955084475258
73.4673652291779
160.51823332998364
56.10813933508697
36.9816539894927
32.30732154895661
20.0098653270056
130.68273174843642
124.60813388447728
168.36597785580204
155.7323069558628
54.438258524525985
114.21162256045196
124.35323088270937
150.68338643396902
165.890674130899
91.9850619109544
88.78754050026178
5.923034109541172
23.669446862877095
85.2553817236543
76.12002576076824
92.41105641477364
162.17641305893727
58.23770007559621
40.94536277363875
31.957009836709897
21.97825456202449
127.23896430310302
127.90101122975373
174.13078545076385
165.92578570148962
56.72830512604682
124.50620375397857
102.51472746954906
145.46176747842796
154.09585587890302
92.3988897166047
82.46007398411814
12.416870985791206
34.01582365683021
87.87595208042943
78.98117127031075
92.7695815896138
160.7303389274163
60.46900710677976
46.41390382785592
33.89939537721504
23.678825930546378
130.07953001169696
125.9716473648388
172.316281461084
166.3660112650664
56.874472770446836
81.94499338965801
143.8904483739866
163.50724379810404
160.86356741163365
88.63138701428723
115.40748107418301
46.78436614125541
44.269664141809265
69.17501028276634
107.47853571071342
102.01448010066252
165.16681414059767
62.493078750936775
32.568144410233636
38.615457477893386
16.23764286085357
133.36955987137972
115.86165339859942
139.95372724473827
130.33406286948872
54.9878626022406
134.64408459546738
136.29446472429993
168.5105809828784
163.8204508967034
89.89430841660489
115.05326461175967
47.523878275545414
45.91763312765965
68.24116363943367
115.75711754810473
104.27444259106979
162.41349433424503
62.246368619795525
30.587896258722648
37.56186604392597
16.077459980858485
133.84864122361927
115.63612229156362
136.05776609808092
130.39745499230656
55.01763569327942
72.34401536364462
131.59254392958255
171.01018404312654
170.805280407619
91.17298264380348
117.00079208089004
46.599063269295755
46.1781297147271
68.59496679832044
107.30609023896453
99.90290022680361
163.65940315723373
59.11743667712825
27.8845183738147
36.06041350963554
15.816548595645777
135.58168895387485
117.6085958408938
139.47841878312477
130.42079914913768
53.07666634001976
