81.94499338965801
143.8904483739866
163.50724379810404
160.86356741163365
88.63138701428723
115.40748107418301
46.78436614125541
44.269664141809265
69.17501028276634
107.47853571071342
102.01448010066252
165.16681414059767
62.493078750936775
32.568144410233636
38.615457477893386
16.23764286085357
133.36955987137972
115.86165339859942
139.95372724473827
130.33406286948872
54.9878626022406
134.64408459546738
136.29446472429993
168.5105809828784
163.8204508967034
89.89430841660489
115.05326461175967
47.523878275545414
45.91763312765965
68.24116363943367
115.75711754810473
104.27444259106979
162.41349433424503
62.246368619795525
30.587896258722648
37.56186604392597
16.077459980858485
133.84864122361927
115.63612229156362
136.05776609808092
130.39745499230656
55.01763569327942
72.34401536364462
131.59254392958255
171.01018404312654
170.805280407619
91.17298264380348
117.00079208089004
46.599063269295755
46.1781297147271
68.59496679832044
107.30609023896453
99.90290022680361
163.65940315723373
59.11743667712825
27.8845183738147
36.06041350963554
15.816548595645777
135.58168895387485
117.6085958408938
139.47841878312477
130.42079914913768
53.07666634001976
133.49127875863903
83.96509253181594
171.63308020363044
165.76497206539202
93.23163056347725
102.71074473436018
11.10813426500569
26.34336160839689
77.17144653737385
85.60954869057636
66.7239465116714
164.63709551883377
62.291801639964206
37.0136363017338
36.89609364788578
19.92847116013338
135.02670075524026
121.93355564531521
151.33508312365962
163.99695701733137
54.95113388332668
131.86717925971038
136.30022417118468
170.2982797872203
154.25389746603912
88.62918439294668
107.69342754583032
7.478497780445095
28.909033600568925
74.20180378096813
90.44834972432582
72.4089119543203
163.80384533253851
62.02555977381699
37.692586997218086
35.199557658134594
19.31151175306848
132.47722745544476
119.65549336905309
150.13124540587353
166.87673732296497
55.55636167390128
135.82089385149513
131.02903870970852
170.41635207729038
155.17295222268882
87.41979575125946
112.89643895355997
11.276267479213223
33.195241495099616
75.46760399959356
95.93228634926007
90.28955743902422
166.52862569809724
62.89599901594251
27.078686743734167
36.30573330259745
20.154254099761175
134.9449988180416
119.68490492722958
142.50520819231377
129.02444801966786
54.30700133958331
