142.36356738818262
143.01327723905834
178.9681230412817
155.2975373043126
87.38804623770645
105.0141884709317
8.79839209086612
24.698069844100917
40.81612942526535
85.10205376940014
26.825217188632045
163.35110878344082
32.80183573227231
22.468446557322856
30.026619213950912
11.12087773400533
130.99368226243539
100.28011167627764
163.60486299703214
151.26382739639175
51.831737940903736
129.74130251550375
115.75098033931415
171.33982499754117
161.80145604377913
97.97393678116491
108.16550285253346
9.567597318742983
26.949814507374548
42.20630634105127
102.28212551191969
48.94961205982475
163.6068340987786
36.7162353228888
25.656922081836296
31.53755875424214
9.110427769159315
129.4835852178539
104.18660250411492
159.12185534417586
155.36233481391326
51.88253952727713
137.51775755022732
140.46315069103136
171.4868104028971
167.76272649878166
97.14828881616907
106.86315410709572
16.766006389259484
28.879178990372356
39.40703448548345
106.46240791111812
50.010665195138664
162.13238078464929
37.39125455314268
27.535238569375597
33.52111970866809
10.69989679550424
126.35417842605808
104.20549761379006
156.9578173773885
154.3735662482842
53.93303981556695
128.12285813346264
120.00502676532419
176.0849662153391
171.9381439081721
87.47263938265752
84.15922692566895
47.735181104085775
53.893310931131815
88.01687309756481
104.88283906977045
111.63172015141228
159.3285619810889
68.5334413923136
64.54286544258669
43.72665390223243
31.22402634002396
131.4248156523668
136.822286943004
173.49439411714297
154.05607625441544
53.279942389669436
123.58456410424449
126.19257456685078
172.55237785717216
173.70163249404538
81.12930214430042
89.27552320304947
47.294052091149915
51.47687254305643
89.41189838928776
104.38223930350969
111.48792211854028
162.47057459552465
66.99866110770165
63.3661216810851
42.350738865755105
31.203380819679033
134.27994053066953
135.88137423039302
174.14279641930406
155.62554687965422
52.92593954279153
122.30190387504325
141.52331256964735
175.7394045987199
169.50829215557675
79.30925322418987
89.86778611073584
46.29255833004983
49.44527355955492
91.78912730390496
103.81453708831869
111.80944954219406
161.11015455624596
65.27819764437098
62.503728496815214
40.46715410720237
33.270595712785536
133.0844488460308
136.22693134572418
177.5047376739757
159.0590469398318
52.45877955860482
