111.79593342246669
118.048460666749
149.1825089920482
166.76293435248016
93.31171443735757
82.45537731989059
6.280898957649983
23.352938058782616
79.89788659833805
74.78110599852097
81.4068101862732
161.35147235692668
58.99090629451432
32.51804563742513
35.49715005119225
18.09924503232913
132.009982804719
120.49449185028024
160.69851822641616
151.5162782167161
55.27518733540887
118.92822890641824
136.5094927100564
144.16119402159828
160.1821287853556
93.917042772643
84.4972872910783
3.0872116092976887
30.35348047681092
84.83568773374363
74.69280397688061
83.8270240144794
162.63515285434596
58.57381871378791
40.595936300103624
31.678550994090184
23.178272479873744
129.7264106445946
127.36926332905662
168.30250650335736
170.25679668974038
55.01954274166332
131.11998017983328
108.80713529544109
143.86755304061901
155.4394274426944
90.8913809166011
87.81265728965711
15.408653272027992
37.34105118786296
89.30696501696742
72.87417488479514
88.57739106546282
164.03487900991001
61.11070217424247
44.412140473849234
31.722171328768948
28.388395519378747
131.97107570435074
128.4576206839082
166.63453165057715
165.4988190023208
54.65993658392954
81.39298307226147
135.35500843078617
161.69318047428428
157.95604958638643
91.37999284903196
110.83870149092238
45.217321829679285
45.67376644823882
60.86359080205694
113.27194138911504
74.07339787218733
163.85598325034655
62.47497060703038
24.86157176140307
41.4226041003868
13.221597376056957
133.9341400037566
118.79207687137848
141.54370863164127
139.98075964459014
52.784719398090715
76.61834920422395
133.09698815501284
167.8494950416783
161.37125137266514
90.99144813223437
110.91823624070197
45.34612991722961
43.82044850882354
62.356633652236724
113.46681827170379
75.7351267805381
163.28608774755335
61.624881529127165
25.03061467349391
37.55864630488342
13.491023684638026
131.50791142551867
118.46808678570572
132.21889221894395
140.0780464126338
53.6498125173566
72.83373572089555
127.44658895601853
169.12067036525013
165.38750149794677
92.10205811085852
110.99383378951295
44.30102905969616
44.254160415258305
61.59570950174608
109.87042446203176
75.987947940175
163.49095552629018
58.91772519312559
23.234029995746273
36.02971637396514
12.854886673770844
130.99647503525682
121.34681327195669
137.46326162951547
140.02812946901943
52.200229941297884
