84.48550635121939
144.53188252122894
164.67287096827863
159.991115627809
88.83132495447336
116.76565045238323
43.196263086982775
42.732638058648575
67.8288038837609
105.93787145782812
70.8478699174775
163.57839904030007
62.856883853721435
23.117584080920633
37.60849749177862
17.90687670200037
129.8655744863205
119.78217787585437
143.22365831888692
131.4328466949783
55.059347034136394
82.36292662938338
138.63590864839034
162.42609053860076
160.13056709698836
88.56280465067995
116.93903943909254
47.160342668457375
46.3122829009276
66.89089342625401
107.06034281984981
74.18609908366854
165.7738168180145
62.83801614739669
24.537914050584057
38.706971086310126
17.594830718733004
132.48565806351436
118.78563368799608
143.43549662658626
131.2649318533483
54.61109187090655
76.14803584648149
134.66140542366205
170.3111650247118
160.81113749499636
91.31852185203053
113.103515615146
46.73849292241591
43.528469604081664
67.73281931318826
106.46567287665637
77.66527376533966
164.7812354331648
62.59157277664856
22.923422424387947
38.91582486978043
17.138294798168427
134.09278938914778
118.92801085041806
143.85116593356076
131.555158572951
55.145153000893906
100.62504411750861
142.42912083704277
164.70093830156839
148.1653892453503
94.74365330664176
105.92779910409065
9.554787172057903
28.911699907600706
76.79730173174264
76.8382913965061
79.54089216028413
164.88110116176156
59.045274475353445
36.75824887469309
36.17689264470111
18.00467270279735
133.9822404639646
120.69098226245195
156.82063596193794
170.29300456252614
54.19739640532214
98.81714454385465
85.07472128037844
160.35819001155926
155.1255357101044
91.57294376815662
111.60348332762445
9.874892636637817
34.222301380638875
77.16534282151719
81.39406333966856
81.09646835192014
166.0590072103899
61.86790247529506
19.432806037694203
35.38606209046505
21.660534524017297
133.20895923049076
124.21586822958211
155.69156019042543
127.93032537816991
53.87526970064737
133.96877413720637
137.35814508420688
170.5733347102041
149.83245766679713
88.71926400339746
116.22362060679595
13.807425753906259
37.126986331519156
73.56431002732403
93.06381091053204
84.88615732019244
165.85375869481848
62.254723863983656
19.63793892006834
35.29129455337546
21.248776546453144
134.20425123898536
123.53548790411854
147.902459108081
130.01445863149698
53.13551640042034
