119.04487849122627
126.96144406215595
152.79981257279792
171.67482311091203
75.27824740524875
125.30470448081317
23.726814412322767
19.41091542935411
23.99060231078089
107.09165730197486
89.9696096875865
165.07203016662007
20.33756052861534
11.474930430865522
25.179654672895705
30.40050907065683
124.47306161627057
82.96538064426521
167.71660779750695
142.14106761362794
53.440155779088315
120.23511144303987
82.75521785917806
161.9117211783883
165.43071202816574
74.18202812151331
130.16665732606978
13.337457162665729
21.022516970808642
29.765781753166827
99.27353912407288
75.92190992353899
164.14806864169725
24.428538777602753
12.442006637161889
24.627427816510618
22.846677825359844
124.1691805620179
90.57465597655064
172.3052426337268
152.278855744952
53.41540247262071
83.74767546786599
113.39049194078609
142.1295950650706
161.53310621005062
65.62474425450623
130.15912652599093
16.66793933903141
13.960508569513584
32.73300208446646
96.81670296880561
69.02578706813252
163.2627828210093
25.432065047822913
12.347559303386868
24.606210497984744
21.29987139585538
124.49983096524858
93.47724836351773
176.92281448817957
154.3848070120652
53.42083447066809
124.09445300959054
129.02346417217365
169.1437596398842
156.39205497332574
94.75555888806802
114.11564457277278
39.17192358674204
37.55449616247419
20.795070780459298
119.7579864397271
95.92908069537116
162.63537959472177
24.510817479987992
3.0616124122848585
37.631375763424835
30.836020207946362
120.37131143011474
85.83959169863206
152.86536321943328
119.78723552368747
52.489190173589385
121.90737733232332
126.13202731611891
170.40182823391805
159.24947719867515
94.39377178397778
116.49384028630135
39.77479435291187
38.203310158341516
19.88931963988994
119.4962638827022
97.45148552768808
162.95963418221248
24.5689801255507
4.034488142787616
36.279975812254065
30.580104297867628
123.01685057949906
84.84500968100454
144.43903371566478
116.18745414359697
51.81259102838269
131.67169099645724
121.89691868177994
169.3728067113903
161.57609498477728
95.93242125002342
114.07901137043132
38.97544021746935
38.68668912521955
19.81217314870893
120.79006643957706
99.46649058483001
157.97869397737787
24.32867917979247
2.4629870924030604
36.39638013651968
30.43595503724028
125.26930320684262
85.47577635451282
148.47074834174722
119.0373062014866
52.776491116478354
