121.91404915345866
130.82414814082762
176.56183199284578
168.15804349113742
93.9905133999037
74.06883694720287
37.90902127498461
47.46294243354769
88.67449814385385
98.5114314618378
103.23983608829222
164.29677129214122
65.4648988456986
59.33646053293248
39.01293358969146
27.577394063262144
131.25543488530806
129.93862192989187
177.35622333934478
155.4863869347921
54.03890911371065
134.86347999211873
140.53926195136518
175.63493338220673
170.52763635797197
91.31487178052116
76.2046184255532
43.52701565187179
47.777090463681766
83.5118429230981
104.53842028465974
110.52985700623377
161.9116939648762
67.35383972606418
63.06934133694131
39.53113909781295
28.02188824411867
129.56866421768913
130.34127977958346
173.28061698134067
149.1422688134267
54.76031891082422
125.16144921870536
61.39660675906408
176.9576417900024
143.49245465801266
90.88776758464272
87.77736760640295
41.87776430644014
18.789797914599
82.8740043840592
107.78981591813628
114.95738992963507
160.85631871767825
69.51592704065976
63.893793524689244
41.7581573696914
30.178202287880122
133.67845240867462
130.65439178378202
172.49794660391504
156.69427381436716
54.56739883044063
111.79593342246669
118.048460666749
149.1825089920482
166.76293435248016
93.31171443735757
82.45537731989059
6.280898957649983
23.352938058782616
79.89788659833805
74.78110599852097
81.4068101862732
161.35147235692668
58.99090629451432
32.51804563742513
35.49715005119225
18.09924503232913
132.009982804719
120.49449185028024
160.69851822641616
151.5162782167161
55.27518733540887
118.92822890641824
136.5094927100564
144.16119402159828
160.1821287853556
93.917042772643
84.4972872910783
3.0872116092976887
30.35348047681092
84.83568773374363
74.69280397688061
83.8270240144794
162.63515285434596
58.57381871378791
40.595936300103624
31.678550994090184
23.178272479873744
129.7264106445946
127.36926332905662
168.30250650335736
170.25679668974038
55.01954274166332
131.11998017983328
108.80713529544109
143.86755304061901
155.4394274426944
90.8913809166011
87.81265728965711
15.408653272027992
37.34105118786296
89.30696501696742
72.87417488479514
88.57739106546282
164.03487900991001
61.11070217424247
44.412140473849234
31.722171328768948
28.388395519378747
131.97107570435074
128.4576206839082
166.63453165057715
165.4988190023208
54.65993658392954
