82.7446275351516
133.6663899784207
161.31835766759698
157.1861267138986
88.22449374932464
112.13709656856666
43.442494506106804
42.20910984462074
67.84240738031993
112.3803290208355
69.74708310040103
164.69749573991007
63.99021879736806
42.055479565771144
42.25762228412323
17.110497705295924
134.07181885703696
121.62145575580404
141.31100793677905
167.3269423287291
53.4698165510923
79.15330003017199
132.68257019561935
162.91764187522483
161.36500677651716
89.23061432808758
112.35553155204822
44.12103447348705
43.232856832608995
69.50377625447604
111.25778467314862
71.8953890202229
166.4861344323306
63.8547199440503
42.18835724373946
40.21641145451219
17.293471445547016
133.41447522928848
121.66521301066709
134.92161631838644
166.52866981694248
53.451392210108196
73.58954292158238
132.35606966590603
169.18164138560874
165.73198974892637
88.84602717212964
110.2079378834931
43.76367179943398
41.49911492268892
67.50499383027838
110.14486117798857
74.24637867220176
164.82786556701544
61.15189862323414
39.319635035030565
37.31528035962304
17.294230423835682
131.8359736102236
121.90126065924974
143.51744491558324
167.05006521445398
51.88000047657508
101.08504926409796
72.82535063903786
162.02143371255744
161.5527348334678
91.10579029064567
103.19793504905867
13.819984298073672
27.4617701017724
75.9117796614655
87.34209844774006
69.09979649722227
166.3200070527998
63.7413329150322
39.55114083303945
38.30951462511638
20.0426787060248
135.67481853944452
121.39660118454583
145.61549411492587
167.65813186844125
54.12035107975167
98.68553233880975
138.69782785275075
162.38517448381424
151.1983099895473
85.20234335886592
113.48085112003417
6.256404877413499
28.81314383170425
74.43767174845091
92.2137945324499
78.22454393790805
165.92916238341132
63.70711447425127
40.857585167932136
39.03963026380009
20.936457275760354
138.2177347457063
123.58126416859365
142.7893151714307
166.81254390961846
53.29210240203573
97.06953566593336
132.1732032637594
159.18720601382842
152.84717191729757
89.02491970599037
106.25565796726494
9.078879732047572
32.54470307859791
72.5958570350548
93.66106320120049
81.12640183368356
165.24394488650609
65.04996858344813
42.6834498084359
40.55761474122921
20.200975418351256
133.81250778222093
126.35091718761556
147.80218518669128
164.47759045461984
53.69539049570651
