132.2686692202028
117.67249102956706
159.29817617197054
165.90978702276377
94.68382451573714
79.48845746351375
41.81839935311714
40.35340748734387
83.6160790214261
103.3412207372993
105.51698175675783
161.69786839475893
68.60255928967032
60.29274978638326
41.424533957104174
29.560582412370433
129.0112182307474
132.57061534470546
172.6368231662458
153.8711715638882
54.138740877731834
131.70450557854875
123.68468394891713
159.13489441686548
165.41038825297213
93.9546793966311
76.79873091844658
44.524023381472595
42.753438153662565
84.66918161869606
104.69074853234095
109.75759447406969
163.71696923232315
67.92605560302974
62.10823881100012
41.80401681105916
28.64621369092226
132.58459723308866
131.3017633550603
172.01704154881813
151.1579223235603
54.40237424984582
143.68665409814835
63.245859818108585
161.28682457345747
146.74732660096453
91.96116923674899
86.4539954489943
41.21237527073731
14.009125695280336
83.84490985522328
105.5513016268123
112.62437595398873
165.4440988077736
67.93638825679095
60.995181235307896
42.301730462897865
30.406787901420014
132.2099496543433
136.39814340092275
170.26569705548133
154.9978243855526
51.881463640207826
89.0643291885996
128.7540793823962
142.822016341324
159.58626911020374
91.8656082239107
98.65797580112681
14.000410775269781
8.521958969337405
82.43488859860236
76.77162644879921
67.374651899408
164.6493682153284
56.962897148969496
34.0151788758533
30.98955759631058
21.47540119224479
131.0859767390282
124.87386176907494
169.9305568428266
154.33560880297827
53.09351744486743
92.27373332316702
113.73915704578926
145.6644157792705
148.3468955742916
94.89823503435362
80.16606257592865
8.284550223760679
25.096983429780778
85.49327415886351
74.12851557092122
83.90762094949918
163.21950517384653
57.449937893093555
40.77781910764088
34.680719350356426
20.092484952374097
130.94254925495065
126.69656724538946
170.83662628875825
158.68875609913604
53.139826329733516
127.91985976708344
100.01465976072558
144.36078426287187
156.68116122294978
98.90267552488467
78.87533973527268
13.340783064440963
33.98917898443537
84.37688727118521
79.35479359780498
91.54909005015502
162.07323978244227
61.12289445364134
45.152228845625295
36.40884645519725
22.942847578567484
129.7401452693503
131.09188130560992
171.64579452136377
165.63656217075763
53.65889992977574
