85.93898145134081
113.76101103344575
141.61544233235855
149.34113165713728
92.41821624072837
93.93759902530849
13.78319336339651
5.00774857390542
85.49809662385238
73.01335744185016
83.55567327077951
163.1509865806928
58.76488423585797
40.51885626821526
32.340743868469076
23.41234313780343
131.95644494395506
125.66708420353285
168.9696512501023
169.14461772753495
54.927860295014355
95.29324003570692
157.98146715060034
138.70774928464368
161.6906664764268
90.25815004814778
90.291475586586
8.021700653416275
27.92691849049747
86.80872530936699
72.88115053705936
89.79456709334194
163.4852992137443
62.09184161494774
45.23222305661168
33.46093057467042
27.17330934129953
133.44861680820642
128.2504363414933
167.25720494456345
162.84464685472778
54.54111177794431
119.74857743642987
114.34987750566304
145.49043843025376
161.03004006238365
92.89749954593879
84.48096885583438
13.071911002412026
36.666506851092
84.35132253297436
77.83247391204775
95.7596044164779
162.07763764814874
65.70141491662295
50.47224487510559
37.49429266631321
27.73372912704176
132.802946680361
131.54024832262496
168.11829054962976
163.58704493138092
54.19527659054393
84.08300690906516
138.68217944994313
166.02522569305305
160.9253409372365
88.92645262415117
113.28807764672464
40.96189312194728
39.89506679276508
64.10855779678833
116.78917563933572
84.14443074600297
165.6600548305061
59.076019388023646
28.33060937477846
39.75058436951989
13.833835303678399
134.5531984608957
117.61738170837732
131.12210803161318
139.60192626397335
52.451538610432785
83.92346386227872
131.34509416972435
162.7443199155082
158.31642537565455
87.31937547443808
115.94091006359082
44.94400964257278
44.387893544493025
66.45736999595191
119.62062758715783
80.00184861490916
165.5465450944207
59.95327458319516
28.476224297790804
39.025348650335076
15.197274269797026
135.11997086243804
117.13461523312488
125.41684871413446
139.9856480937754
53.25017643975989
78.18455300734055
127.75252208795597
165.14188186769098
160.64281254996462
90.97915913298753
112.82507486490476
44.64370716661296
44.31039344930607
64.28674138397898
118.73708926646029
85.36989166287005
165.93046235638067
57.89044842635864
26.887865799437698
37.390997283589655
13.778606322586755
132.02929201522036
117.30729902424721
137.24137776072445
139.84222670854382
53.24300917271345
