126.00399312500703
139.8418856722969
173.28024828274525
140.49746319853247
88.80102511756955
86.32974176149516
41.913901455594164
20.50562769713807
88.61528991093482
106.26325554692686
115.96902237184806
161.02634057092513
70.50527675922434
68.78290371448666
45.180533338855646
32.02141487362749
132.04564050539344
138.28777763105302
172.0486057641326
149.06252951443952
52.348097778658826
124.0429835900427
125.74700976794516
172.81726821175172
167.47475750010307
86.74912588351268
78.50106708597559
47.166955684869
48.604144972158466
87.5386294592335
109.16103263737809
116.5639193818952
160.33298947779173
70.25308966080823
70.86126133154873
43.07345632820325
32.664086356870165
134.30264310431812
136.24230715520508
170.14266618682709
147.9626238885639
53.268648471286106
126.8016797179691
125.49266989680544
168.67581943088442
172.3483780429236
86.20883666301933
79.65193778538153
47.095600183185105
46.999526524629545
88.30279860384331
108.13698985775744
118.31270634050922
163.00896349828236
69.6585538047122
70.40134650260094
45.799714395015705
31.40096125389964
133.15138851625113
138.36615307126397
175.05803000112664
145.68030379733472
51.83647194923774
85.93898145134081
113.76101103344575
141.61544233235855
149.34113165713728
92.41821624072837
93.93759902530849
13.78319336339651
5.00774857390542
85.49809662385238
73.01335744185016
83.55567327077951
163.1509865806928
58.76488423585797
40.51885626821526
32.340743868469076
23.41234313780343
131.95644494395506
125.66708420353285
168.9696512501023
169.14461772753495
54.927860295014355
95.29324003570692
157.98146715060034
138.70774928464368
161.6906664764268
90.25815004814778
90.291475586586
8.021700653416275
27.92691849049747
86.80872530936699
72.88115053705936
89.79456709334194
163.4852992137443
62.09184161494774
45.23222305661168
33.46093057467042
27.17330934129953
133.44861680820642
128.2504363414933
167.25720494456345
162.84464685472778
54.54111177794431
119.74857743642987
114.34987750566304
145.49043843025376
161.03004006238365
92.89749954593879
84.48096885583438
13.071911002412026
36.666506851092
84.35132253297436
77.83247391204775
95.7596044164779
162.07763764814874
65.70141491662295
50.47224487510559
37.49429266631321
27.73372912704176
132.802946680361
131.54024832262496
168.11829054962976
163.58704493138092
54.19527659054393
