82.2989869245766
137.05340720604062
162.760517032205
159.4176479228309
90.41989975552177
111.92205401767592
44.991347272090046
44.252125853400294
67.95021067970619
110.76584897396708
107.08991913743738
164.82596487357017
61.08018561800441
32.81732306229069
40.966515073332644
15.43534047639171
132.98737020541367
121.16745460788715
137.08315436111306
118.53582616220774
52.63043421392802
79.08125722147588
136.49264451205275
162.6134805162013
162.26950331349852
90.36710277395176
112.10249803706547
46.696683086661885
46.57801488078148
68.47265088766703
112.85970144783195
106.9380410548544
164.69418046559036
59.26928448672801
31.380856947949376
36.89698839049786
15.416635248017705
131.4729552693623
121.10703258504985
129.85632440296172
118.56066896922977
52.372514186828326
74.23790409242885
133.2528081374745
165.95296927596513
167.84876306066877
92.71459655755704
109.88685873274702
46.75012714028969
47.40378098602453
66.1081868185103
112.61735354756539
109.7860358766018
164.86629309346588
58.933705819766665
29.28385003027572
37.701907385810564
14.646225305014756
132.6777453769986
121.02545672218581
137.86138237873985
118.58874249261758
52.02375356603549
135.69407098203195
149.96651642210708
172.17607628708632
155.0363314317402
88.42103390022528
103.73717922026822
6.7669485928169255
25.196652348765962
73.14498403223145
93.49278770521971
85.79722590711096
165.82200129056196
62.35447589195743
35.81572760901329
39.32872927792573
17.0432574482589
138.1036069634415
115.30361217874581
143.92084319330922
165.671440207889
54.64128995054733
100.70357388024182
131.7406797193621
157.4166666348459
155.9448441265755
87.25202860163805
110.02004012005243
7.67153440070312
30.48222222984868
67.34844159795797
93.03025257114227
122.5025960324853
167.70103819152675
62.98287092278812
25.40223118024249
38.91974482605333
17.574662584691588
135.29132098536203
119.03138906561904
143.42155143887913
116.79601543037307
53.1513826176534
96.5694811997953
129.77496929979824
157.40028264687635
163.52193505693447
86.33369755061906
110.2701831385228
15.704855285830103
34.90201222553835
70.1910741705835
97.0870009640373
107.0304333960321
164.81897755595304
60.6203630857407
28.176511132006183
39.64833571814268
16.23204503341814
133.42379362214186
121.11293566757102
145.13896232118907
118.67464805283358
52.808970024793595
