124.14896819485979
131.34607988708555
178.36928991628798
169.48392577487212
85.17850581078035
87.68387721148098
45.7706701833447
53.477490676739144
87.21268195254468
106.7064757150959
117.93400007614844
161.22896697303878
63.286406843049065
60.59742563167473
40.88804067403224
28.434567922223028
130.15667853657573
135.91891876948867
175.89927283516414
152.11776652041954
52.04778690192868
140.8524260915199
122.77932775665025
176.5587909480205
167.99009789326493
83.6528111053499
86.54005024932931
48.42518686275202
54.45066935120209
90.99855932040576
104.53587606218173
115.55452121693928
162.40915027118604
61.2191550967296
60.28412254254503
38.95610506961803
28.346162762048895
130.2033559833574
133.38952664961644
173.4694425282918
149.2882694934503
51.85754365478475
129.14520529621416
76.884188398008
173.74791798540724
161.63954106589114
81.66833655731995
97.82496740728475
46.02181745282944
53.822900979873836
85.36917914456731
100.32629024004252
113.95225629838058
163.15671520424823
58.974987457706916
57.691048341277394
36.18158360968233
26.689903158917424
128.93094010252858
134.9969110832943
172.33316289887952
148.39355698338971
52.647120263162755
84.13517936428002
110.09053693144836
143.43088545732115
148.54214404592793
89.22054314570076
89.52469363669537
14.61435002520721
25.012766954768587
78.31441592670582
75.32059139934178
86.28648003191624
161.5746769649499
60.18795100000968
37.01303619532492
29.016320757473988
24.74364893464248
130.31851784765269
127.51722659034436
172.61341586977213
159.29518251331282
53.63417791140421
91.96948491725568
114.68723569330751
142.86349254442365
144.12803209950602
90.17327243787811
83.94773418735303
10.737666707059683
28.491621803259754
87.5876757375057
75.7577402752418
83.37062820464881
163.62319554393045
56.28030659531153
41.40175996150821
31.453117276768253
22.87600384132757
130.22831611480697
130.2571893765863
173.03886759222715
171.87198384977947
53.2484693825797
137.33696994263582
114.03889300593289
144.0710274086898
161.3652694602397
94.53481948678322
81.27582533779963
13.99445929630663
33.289254449542625
83.51895353362448
78.63847251148033
91.83742073903825
159.35485926097357
59.963192162355725
45.641209913131384
36.925248012701296
21.888158668991064
129.82195635826292
133.61790831283793
171.73286424196164
167.94729708540666
53.33181173927217
