96.83290588110647
113.97171656013833
151.61987813273035
154.9653787481552
89.12883093410201
78.41793245544139
9.095782269568215
20.3501890641237
53.69370375869743
77.6723684925722
41.61641463720247
163.06622462381003
34.067396145777934
14.507624518080057
22.20479700140967
16.00238480115013
128.57774991765191
104.89791417721484
173.11616640789708
166.4859215236625
53.319407909354105
113.08954984689022
142.07550046218128
155.98394632145326
165.07580020498284
88.08741978644218
80.76731834295906
7.224363410157113
20.484117524686273
51.43522198848412
116.3043023956323
48.7271755279488
164.12017317952143
36.292413138806374
13.406741151825882
22.17612020560584
17.06510259604479
128.3379907296669
104.66561279161856
132.53880683054916
166.4686158092728
53.49106545102264
119.71852211831335
109.68051873730637
159.50436992673085
169.39417063405594
84.28230579725184
90.89826513356829
7.726813897646762
19.96823100257696
39.93167062642822
117.87965533515946
93.08571431341593
161.4473798575777
30.20079580175788
13.64519873122937
21.522482097035798
18.196290559979495
129.56243868759114
93.92220975870043
134.1950880977165
159.01080126286425
53.429406028268424
121.18792285209332
144.89579302769602
171.33888874125233
168.4428477197218
95.61516253147656
109.91134259171463
34.306953255545544
37.42944809034565
34.38181208258969
116.60719366960957
43.89721267615954
160.6466764321917
33.53293702171861
33.698506114316814
34.8880437513474
13.169790771470645
125.69662930003989
101.56654547060695
146.01032403844061
144.25611886214966
52.53504655610129
121.88384367773521
144.76377526690783
171.7451836566819
170.74093108482379
97.09653747158505
109.9098462301866
34.359149781488235
37.76971840563261
33.601793708496146
119.52155877771513
46.80160084579493
158.30192299494584
34.077588323097046
33.84448994925328
33.57763888212866
13.348816683856992
122.56586883887479
102.67068014100424
144.51383074569253
143.09061890210677
53.67347568015902
124.10895928553994
149.63271617411252
170.53569388027358
171.5156908772345
98.14008212509333
107.89864285769715
33.81859666707025
36.86688873936055
33.14540506013608
120.2273989885155
49.063505291516854
161.30889997767727
34.74833759229459
34.8093091086135
33.216491647354914
13.353824913592012
124.49555692600036
102.54140599497077
138.25958465299956
143.03539312605508
52.81733361914953
