123.09566670667215
139.7405924229817
168.24240635600674
162.58995828866077
92.96862849463021
103.21482632106735
37.72904124844102
39.86884719208667
20.394463065822265
124.47575820805862
97.35548217741554
163.05453043833228
24.171960624631716
7.851446221322104
39.691700813158434
50.26892630875991
119.90121310389036
82.90381397255555
153.53809959765513
156.46587253717314
53.09877967039888
122.19705333313028
143.62158774191545
167.58399596269186
158.2064071876114
92.50001345614697
102.90896260743769
41.40035487511329
40.566565453218956
19.69818785516645
125.27150293916883
96.6480537561536
162.79397967545088
24.353966519171873
2.772692592764056
38.75098781073453
50.15363515258175
119.68519839393566
82.33810952365354
146.63777789168176
157.15746137647628
53.07043126910382
122.83742712492244
131.9055891094472
165.09078408320067
158.49690115314476
92.63186955576467
100.31483798284313
41.275852960026235
42.5503068253805
19.754202918645117
127.1999195310125
98.31601375918943
159.28768410413738
24.451947397559994
3.9823752474301912
37.38886141890249
48.93598651904928
120.64792163122608
81.93679751148451
146.87134484217708
156.77741813867976
54.149898316617076
129.38241930307132
149.0539853030321
174.81024696251202
125.4161714617694
84.84232137907358
101.74866917529094
14.90632036358651
31.343371987453384
40.71053951818037
101.01953137733558
68.66347357353152
163.02060879231817
35.418633270032366
19.733779341810557
27.2701884404096
8.073337480171515
131.65872343529387
103.0647663196194
164.42245386376274
167.32225964599263
52.070719190654174
128.58086563666356
144.82369828520672
169.07737177733787
156.7617306097933
90.35738545263276
106.37062571518415
10.637042687743879
30.072165954833707
33.36694566592656
114.6316218603852
57.61458235497384
159.84862979357752
36.91394828532704
28.814598261048875
31.431611319095097
12.752946799023382
126.64619722633292
103.7773952114546
161.5348168679137
152.4377101300705
53.51454791652168
123.94389496176984
123.75559871236912
163.96121959590732
160.37922016359946
87.1815659063092
98.56403059452732
12.792298647060063
33.53976470366153
28.189186335082415
119.16574581968257
93.61621573388072
160.0646554701295
38.09652438281498
32.06490475221073
34.076032097655336
15.736615742805652
121.46218398299769
103.44465664253873
160.1913270868681
151.99727144442176
53.754322249611
