123.56442133067435
117.49451889038829
175.61127355898714
166.62532292391035
93.38686358836364
80.49767362462863
35.014752742802315
44.44973507975553
87.54046072714571
98.08834858970181
105.40338212703192
162.23044907888894
63.5959914142407
58.22640018484985
36.56396124629086
29.679347892789263
129.88824754991592
135.26963755216974
177.0491842873784
159.14484167610695
52.605320191889916
128.87782081920633
143.061544326684
175.17338177761957
136.72533858105118
92.56507092581988
84.81765600429794
39.983516653423386
17.086935659991507
84.34511248723177
103.95355835221726
114.31422140465973
160.48824943413774
65.41038370523329
61.370049103836244
39.01601954072836
29.102696412944724
127.30400936426317
135.84474649954979
177.61223795921478
155.30132085552188
52.27245593351521
130.27777802209997
65.00231450761841
173.15210025407416
145.52076017969637
86.51191381781236
92.67364512949538
41.32747527492338
15.280727413590633
80.97129548847774
107.13236173616878
116.52938378398126
162.31983731408195
64.34633019758027
62.11627162152021
37.64976960607089
29.028521070691465
129.9915677395419
134.66130799747376
176.54843938262576
151.710460623235
51.31801502240667
132.4806061428431
131.62195459794486
136.16908716052473
169.28359000334635
93.33964465579355
98.53160281111522
19.055165858890145
20.889742681753102
68.24598887306541
73.9302182968424
99.66219647399143
159.88633000256544
62.268519426996534
20.789312111549183
35.56112636472138
19.587459047797513
133.00213122253965
130.64540351267783
158.43124498332182
133.7034518939134
51.447257399375175
106.31566283770759
111.21748700334919
148.8785082446247
146.6911593623236
92.71657014892122
84.52072583060456
8.124767102760481
26.080957754876216
79.9823119633928
75.94224559739534
61.7725120321079
160.4260539480058
58.58938827651103
34.916934709186954
34.61454973908711
19.618298841978483
131.8087672556577
125.80698591546793
161.56885243735957
166.61678379475978
53.76716409282402
85.12741233755406
103.02437446737453
139.58783357683137
157.9888100790171
93.27706517787843
89.05704794145947
11.398192686885139
45.817397609017846
89.11607559446557
75.29455301117935
86.14956789128297
160.89918029033
55.171499661084404
39.642954678441825
28.144699361715023
25.00323021277918
129.25589347614263
128.24875039429543
172.97648576514322
172.70800722580475
54.0742381187948
