124.89099680012521
144.1929843357857
168.70048589778776
159.75294762337427
93.03981924210044
113.2513920331289
35.956603105279115
36.78596924219163
28.85500247580986
116.66057209161856
38.25157413984908
161.61865375320534
34.5069191394211
36.63055550915712
38.43138179579911
18.610397253013865
121.09773965136995
98.4872031482516
149.56095547669383
146.14954077744525
52.96055126203402
122.07091307897537
127.28969313766413
171.58755998513874
157.38389718773792
92.11709220472824
116.8561680921014
37.4953857716791
36.60381953151668
29.395366466045356
116.73105786341581
16.816903044348578
157.27703980099247
33.968142827249565
40.446573104026
38.9887359963339
17.974283492830025
124.05147815513523
98.88043826736975
150.93602665980902
144.25195733710657
53.986197151897834
122.7153580550588
125.15981126325822
172.3883624915685
156.80500287536785
92.95122993344047
115.0218284653413
37.70910092492696
36.88570170751115
24.49661777815324
122.25408072594682
92.86499033539366
160.31546395862688
26.35622411445994
8.226758059502249
37.24148744478456
48.43654103929706
123.50894894023477
81.47899150155105
147.3197467552561
161.57144997552075
53.92673496592442
129.6455671905414
75.94197055433249
172.94903100569272
131.42128993997747
83.92616812119513
116.82119309247595
12.344474697492913
31.151443388738286
35.87984618910424
90.82442664607905
74.76431202808833
162.22468235265285
31.991768041032095
13.187846417600047
30.202841360603315
16.845535495099664
132.8751528264851
97.9923324694843
165.00410747797264
168.03677504021823
52.49431950085959
128.7841031633736
138.94389200793486
168.78866527039244
154.62234317852312
94.96604594460848
98.4981800449136
8.911479921221002
31.252026006170855
30.969522421380464
106.19400075807103
85.38919629258181
161.04104775541742
33.54179714981236
18.530605703360433
33.019489074022545
17.51306346810049
127.97991024734301
97.59556406597919
164.1135918011038
168.0534981314989
52.85127844948602
133.2170871704871
130.5107303497388
168.47549750716388
157.80939408870745
95.1109040356556
102.19814477749881
11.089290713453492
31.631669968764097
30.282701876311602
106.07116822168472
62.4485991016274
159.7814985721962
33.6590442420984
28.77230343106684
34.96278342536624
18.154502034481418
128.2732019017983
98.2794443339327
159.78505290888197
146.14313028751764
53.43817943948253
