132.4806061428431
131.62195459794486
136.16908716052473
169.28359000334635
93.33964465579355
98.53160281111522
19.055165858890145
20.889742681753102
68.24598887306541
73.9302182968424
99.66219647399143
159.88633000256544
62.268519426996534
20.789312111549183
35.56112636472138
19.587459047797513
133.00213122253965
130.64540351267783
158.43124498332182
133.7034518939134
51.447257399375175
106.31566283770759
111.21748700334919
148.8785082446247
146.6911593623236
92.71657014892122
84.52072583060456
8.124767102760481
26.080957754876216
79.9823119633928
75.94224559739534
61.7725120321079
160.4260539480058
58.58938827651103
34.916934709186954
34.61454973908711
19.618298841978483
131.8087672556577
125.80698591546793
161.56885243735957
166.61678379475978
53.76716409282402
85.12741233755406
103.02437446737453
139.58783357683137
157.9888100790171
93.27706517787843
89.05704794145947
11.398192686885139
45.817397609017846
89.11607559446557
75.29455301117935
86.14956789128297
160.89918029033
55.171499661084404
39.642954678441825
28.144699361715023
25.00323021277918
129.25589347614263
128.24875039429543
172.97648576514322
172.70800722580475
54.0742381187948
84.1060222765099
138.91547678667538
164.1985571789834
161.36330161604423
86.83921854611597
115.73935625299121
41.965897430290596
41.1379645899725
64.31100676055392
109.67508609606989
86.18817849884147
164.26345783696684
68.08118804671061
27.85504864603712
37.7997559322717
22.018654753479936
131.96310859058357
128.62869414913052
135.83229992410588
133.5652459144731
52.620762359131916
82.35061105865604
134.4008494846171
162.65667799302688
157.81544461391184
85.90265955709815
117.07938164556481
46.075154825255254
44.087692572828104
65.13287361678212
109.46777804423753
84.9860867452017
163.63524683300386
69.45036412117479
28.04975997892832
37.88336968200453
22.376336541386106
130.87294493319936
127.39327313470757
135.38418972206932
133.57776009567763
54.15218755757746
76.58086244392287
132.9005611225269
168.80368669366257
163.39334722537868
88.47139363015438
114.86430270954487
46.14787823223913
42.99480577230947
63.002835186779905
108.38870995433321
89.39213523481224
164.11832040397172
66.71037882555348
25.835081492483177
38.63463413583933
21.13138586054383
132.87314411927142
127.51878553088987
144.4264033593188
133.59513335837045
51.50749074637019
