142.070485787369
128.70771357584644
162.87817860881336
162.28383295831154
72.08915175593997
106.87167659150944
43.27050336106492
56.8852225694346
85.03230923493643
110.51730655368335
94.10251599460473
166.40213363895208
58.67323982743828
49.139637703398556
28.209703266850372
47.776785790893165
130.4580147897174
159.7796556706379
168.36524300616998
177.17303057877362
41.87388079632954
128.3780735990211
126.65902815423169
168.83569024324808
160.04540212343102
64.38802101701087
101.55486292790887
49.37793182148928
54.78984346914763
86.0596910069534
117.19849849321093
98.43610872875354
165.3550127408279
59.24577305985961
51.8715865333343
29.13499275640335
47.81704058247138
135.17213186887048
156.1029253663518
170.2089420128835
176.26742933013057
41.15827961841261
124.11907466259973
54.26079263089655
167.04266809200692
104.26977451527523
63.205766956160865
145.37430071364497
41.88703083925453
6.5350240981332695
5.5950525488290594
114.75044359528206
149.77258647403045
164.7935991146377
2.6927152284648317
33.67123214725068
27.284090086227135
60.28692583825009
130.44295687991323
76.23935955844357
172.70518911657564
33.76321602107814
36.084321707238566
97.388643855112
135.72070793249893
135.70852151253087
163.08219584442213
84.7418354493045
88.20007659171367
9.591101146270681
30.353877675973393
44.47071151277082
78.16616973155564
56.867618075120376
165.8061768394387
35.38823455431329
20.406758050865804
31.379090580864077
10.077060474826125
140.07015598793
96.98096571047833
164.48132138395897
162.5041686893995
46.90558448809982
120.48131995502725
112.31566366870666
132.86686795914196
148.40436275660034
87.60244518147726
89.20964822818983
8.133572555040967
42.477185392294075
21.14734334346413
84.70923913057972
93.83945329318432
165.13225769680875
17.55091185666683
6.583256940700368
35.095598594995494
34.382085041727414
143.9066510993284
73.67684086417266
163.40062668807644
144.6344156608872
46.48108453942406
131.92357044884162
100.46975989181044
136.56502325160324
146.68925375812114
87.86428728233462
83.7222413213182
16.857576973171444
47.057693937877545
25.324862441187655
85.69745713177552
95.18258714364235
164.29071800970272
10.823338080601053
7.370515028634908
28.32853615439943
34.028458800868016
133.70893875460965
73.36630779236286
173.08977537664848
144.59176148716102
46.89261861035045
