99.71560064193764
141.8883947176306
162.5314661448387
148.65836719243197
88.47405831655298
110.33723268878495
7.958142699487571
28.4454307882189
70.49875965343651
86.48283036619193
82.14902653659979
164.62506312976467
60.77600825707962
38.8494517141957
37.375502824411264
16.716227730599908
134.50466312519436
117.5186284950236
149.99839440622384
170.00854831618332
55.8500532712891
100.55938523972027
87.3833926538934
155.84232557300612
160.27818180566038
88.0105743529712
110.25867594707799
8.926432379485922
33.74256805314446
70.76802880324534
92.53100516442726
95.64141830490074
166.0267498993171
68.82341589705061
44.00952158163222
39.942234862105344
22.67663793766196
137.36427706975607
125.43166647804053
139.43016573888528
168.4624433755125
53.8726064701784
97.07095150081362
134.73675325825846
158.72260913614883
153.98677723194388
88.26750463840396
119.35670883566998
16.26384074383568
37.932626393246636
72.14621247942513
97.75382591778173
86.73568694581594
165.08637952805367
66.91039310303076
45.666221713148715
38.42660636997416
23.139595677301156
134.1855558743101
127.42506708111117
135.55320043126554
165.48021089658732
53.73298701598791
124.18302533488726
82.67316281508796
172.00353582588087
150.7820500486021
88.06893844807271
83.55380401436298
47.503009313778406
61.088696159996125
76.61635216773875
104.1099759195994
113.75163982070315
169.18192133029905
76.49755678634214
63.104733944423586
41.62921901354255
29.249237407798272
133.51356989849162
120.28328515281149
159.33172812657568
150.56800491566713
55.744357328518376
134.32478271135986
79.62840758327874
167.92558285375952
157.988484828942
97.00113158395033
76.54871441636442
49.80259014099284
63.07968889839873
78.01294080110445
97.22862371289357
113.8865264459567
167.37415317521618
75.56793289237079
62.620716778778856
40.30321934520623
29.920525563188544
132.70708453262307
120.11425002578699
163.7431659381692
149.83951196174894
56.60179951952845
115.84217747361195
75.64959354185436
173.99732279052932
160.59258959963051
90.97257182192477
79.6579042244206
48.951362405780564
60.19369289285014
79.45590350009734
96.5966879560778
113.8694108619762
169.12729776432585
72.69052716653391
60.22375526831104
39.75158719809732
27.995725215202874
133.08176517979203
121.13323287639007
166.23177357218697
150.1360552414676
55.846844653495204
