117.68391813605385
131.81101497956132
171.83501385043633
155.5355697388324
92.20210093993255
116.13867799293529
42.01906354658166
38.65827072292046
36.74349039834359
123.9086049242851
33.27484586307614
161.2063728254815
41.01477466345947
37.18943403745677
42.611332055493634
11.608270142979137
118.96545482806616
104.76540570219639
152.7985473577537
152.6163286442278
53.680965215700475
120.68887882478435
128.37952274322222
171.03262025950943
157.26668632941585
94.63917591409057
113.60332021709289
42.375579469229045
41.16718543148921
36.84708687772887
126.55898441815631
32.56401632101719
159.61325473061254
41.04284798492165
37.343735775028016
40.61750715469509
11.206829558593268
119.62781633016382
104.77705035459996
147.9806314244769
152.7477729348836
55.22162492350844
126.45448310595579
125.15479869020399
170.52618883003208
159.28653844620467
95.02448731827042
113.32436731877978
42.055003717007786
40.31913840337048
36.5544203434462
128.3500477634117
34.27979011913844
158.69836954904744
40.96679545631627
37.2119172691769
38.92929161465263
10.996408305331352
121.66886847911002
104.6602089099796
145.76780263772628
152.6506438721945
55.29892562992357
129.8407109879988
84.43419741562369
178.93388546610785
153.0624166860868
80.63312514131586
115.76460173883616
11.668899489711743
27.50359892457963
54.326551328565635
98.93214047759251
21.931900611793523
162.5105787902844
40.59026310982012
23.85678541778439
29.055866829870443
4.151180084451823
130.22577472765482
108.24735272703532
165.9237843952333
170.53572677934372
53.798841106169796
129.93687325022663
129.38525066423784
171.9935323767674
159.69702737181754
90.65685124412691
109.34038138232239
10.538898122608579
28.72639095438274
38.924068257623496
104.93688556622027
39.90380022091965
158.73789855600492
38.493873679377025
29.231653859738064
35.061959038529274
10.697359595405162
125.0963937822722
104.7237164778353
164.53767510233192
154.8352756110368
54.738786467459605
126.68931145824799
139.69305352773884
172.10598323209342
155.05825843898018
90.2695422049159
113.50487017481679
16.59182954592623
33.975501483240166
37.643360168007604
107.8492768688114
52.56410075075097
159.61885049975234
39.49372331293618
30.3730180972273
37.28148440626805
11.37193659668116
128.44332092126237
104.94513465448208
155.70068890560702
152.21764599133655
54.286522532551956
