83.3084346813755
140.0857605438957
161.41380868533867
157.3936751026112
90.43301825725686
111.88675774776192
44.95893227716521
43.957659769443126
67.2075931206559
113.35449318842117
80.49399776931602
163.12129923952614
64.87312041525655
47.655309970764094
41.09019297171686
19.769403429736368
135.19397349380003
130.66837089526
128.8695934082038
165.41441702330974
49.64370380778501
78.76793817409431
136.80212895492937
165.47797720611305
160.22465221817734
90.95732224903915
112.15964751958582
46.46316940869819
44.85433001540113
66.81836529712693
115.36115059590027
83.12396233899226
166.03643293302508
64.48720318768018
46.88257820956823
41.52474526137244
20.011020443721314
136.96495964140433
130.76258872976157
135.18930595803002
165.4028093777399
48.39895984718807
75.2403771773013
138.42834978900163
165.24095098040277
166.15552598355848
93.74920508553998
110.87576556072968
46.56890247975083
46.48345948949588
66.511887312207
117.61647535134719
85.97632555298742
162.87618261969536
64.66128835523007
46.69078107619812
40.705394602113515
19.379487154553402
137.29059343655285
130.8853508459302
127.69513796975001
165.39061486662132
48.180445031138866
99.71560064193764
141.8883947176306
162.5314661448387
148.65836719243197
88.47405831655298
110.33723268878495
7.958142699487571
28.4454307882189
70.49875965343651
86.48283036619193
82.14902653659979
164.62506312976467
60.77600825707962
38.8494517141957
37.375502824411264
16.716227730599908
134.50466312519436
117.5186284950236
149.99839440622384
170.00854831618332
55.8500532712891
100.55938523972027
87.3833926538934
155.84232557300612
160.27818180566038
88.0105743529712
110.25867594707799
8.926432379485922
33.74256805314446
70.76802880324534
92.53100516442726
95.64141830490074
166.0267498993171
68.82341589705061
44.00952158163222
39.942234862105344
22.67663793766196
137.36427706975607
125.43166647804053
139.43016573888528
168.4624433755125
53.8726064701784
97.07095150081362
134.73675325825846
158.72260913614883
153.98677723194388
88.26750463840396
119.35670883566998
16.26384074383568
37.932626393246636
72.14621247942513
97.75382591778173
86.73568694581594
165.08637952805367
66.91039310303076
45.666221713148715
38.42660636997416
23.139595677301156
134.1855558743101
127.42506708111117
135.55320043126554
165.48021089658732
53.73298701598791
