125.9537499707762
73.1328784768338
177.8600559492241
138.95347035728142
92.87964232455329
93.13707376422799
10.487867280851825
29.163370865502774
68.23894119030524
107.66346660094986
85.37534386903809
162.44373780064961
55.51306208983923
37.95945135306042
30.053771731870462
21.749078569415186
133.92149701756264
127.77028355400493
158.37174703983644
173.57103269521673
53.25628015314042
123.98506520186609
109.95551117586842
175.15601326368716
154.69833585659373
94.39507701425691
94.8604342642972
7.53022753673669
28.506987905407676
63.826360849503885
107.30291542507034
74.5064906867333
160.54183824555386
57.33507469709373
33.327200793285165
34.30704679806506
20.251876560590194
130.55771657779906
127.82950594564515
158.71223111478685
163.74483170635986
54.242371880450946
122.58483044615765
115.37141709354124
171.40702648586344
159.4723468027441
92.15425220574383
103.54727698365211
11.74061733518549
29.718364766946937
63.240417859504575
107.96554864533115
70.26520455888581
160.91848584133248
55.828061211910494
35.236298813179964
33.98099088290353
19.87388175660728
124.74359406944987
128.1739762757091
156.0148935969045
164.14022887684376
55.33322183012927
127.10817722277577
148.03654562004417
174.33876906929063
134.831071591103
92.52112477635285
82.0373553363777
41.494564047596
19.12367532211302
88.43151603545915
108.93530856462746
119.89947950330227
162.29250855518546
68.64612779804314
66.75279603650614
40.40318120810837
32.89504573872377
127.46647844078997
135.45389625576877
174.7073090708094
150.00810704277677
55.52083391099474
126.77078942074097
117.90803183514721
175.52434415696848
170.66563033404722
91.39931952936473
72.42798338014693
47.20193390920211
50.940372254949885
84.1094199852956
110.37702089782432
118.92161111482481
162.10801380111965
68.33587799723813
69.18956022045793
39.74961009257377
32.382400479990196
130.9904545394561
135.00030345062643
169.48613493136895
149.99185270710726
54.59186938033778
134.18485020534766
116.84528015834887
176.9276570621029
171.9466553389227
90.83729163323285
73.29113756075583
47.19396977975283
51.05549001039984
84.8722862078192
108.42424513019988
119.47850707651155
159.17507082819947
68.29818233622326
69.11023460761245
40.793516916835415
31.831018151705866
128.97138275064418
134.09514045229102
174.873521797524
147.9851680328375
54.685074707658536
