92.821002477755
139.03017175149708
141.72438563168893
164.99816933681595
89.96044987171088
83.47246207623607
14.32018551678198
26.00560079018047
77.15027725271206
88.77726370188783
76.20960617014367
160.35332130239865
52.61538761371884
20.586386327613575
25.847477947584757
23.92882581462293
127.4191515521495
128.0075923831249
173.2274646955772
146.19886170379775
55.38884407967951
103.29057310803124
94.27182206927375
156.62371183131555
154.96542661708853
87.49912513292344
84.77112903519941
6.4320695664779866
19.957612191789917
76.75144855614364
89.16736408505275
89.35937514458504
159.00674104438303
52.69788902615554
19.23445548154531
24.775496963594684
22.578794911204664
128.03965727449796
127.8714226909494
172.12465682574228
142.52216051308383
55.18007940035083
100.40070617837425
100.12780033253593
158.8718202054613
151.17760218044344
86.74784153282835
85.3898787454964
8.33580443400006
22.02049690845062
76.39715502400124
75.70902018184749
84.98053765821848
160.54724135112986
53.331362206564336
15.582973535535686
24.52223055777656
23.012434069793276
128.1204741217076
127.7764600178115
161.92285739899515
145.6992397004058
54.975678103104904
119.04967927093578
129.9633093372494
170.51270095742746
154.3632192344842
91.06387399201625
115.13063133555734
38.29777183199182
36.62992877300607
63.693313855548666
122.55664772363193
121.20855797185847
158.40865447750625
56.20539152512771
35.815357263985725
39.87629573198307
21.60010717253389
119.52116473503101
128.27607424427129
151.61816609330546
115.69908903535399
56.25627976366827
123.26475994189741
129.15595343666664
171.3355599252999
157.65204108458553
91.8641106637454
115.84516597439736
39.40609328458138
36.206319900526765
67.382596983269
122.90976895750104
118.97975350330319
160.22867516775446
57.304333726008764
36.26073872896667
46.60109688900017
22.071920427843317
126.15759650412133
128.38841199291622
151.60837491009062
115.784058221521
54.99675793161188
129.84842131644473
123.97690211034043
165.00387843468684
157.8103945097503
91.85362270696818
112.34091430534126
37.87868269007201
31.60650657620573
68.87736894040711
124.7189215304878
112.77882193996406
159.36369361931213
57.527886725618956
34.16913244029932
40.30324021892057
21.653691706372175
121.15190124360711
128.69571740123044
151.6343636145861
117.94242704799993
56.08078146971096
