106.40309596938748
131.7962564769901
163.98082847149124
155.67981646246258
107.9584802316089
54.685405156191685
7.349640838586276
18.14936332705348
35.154883825239665
79.2001158971088
48.76021605748552
159.4756067520536
27.501186343254457
11.66576797176759
27.4952584761455
20.229805543577754
126.84054830313012
93.74425937426122
166.53738791113528
152.51929680414239
54.51549688826398
112.38934079854066
113.55127468487812
167.67154694176338
153.29733185266005
108.21560444131488
48.458040497530945
5.844869765485493
19.29602736672433
32.15650369727333
70.81589019681786
60.2343654065893
156.6821740898724
28.570357464971615
12.565009879681748
27.822326488243668
21.702976680606433
126.90122828405744
92.51405037004405
175.3131564513287
154.44680462211863
54.86907665914208
115.69337652714098
100.00459429163266
167.64343866902627
158.65623147587579
105.85556070977253
61.05910831750142
7.955482750918998
17.767449403665967
18.873032029471375
74.58551144802509
77.51317349920183
155.4575038645358
20.31165289155569
8.23597535920753
31.84230210655653
38.15394778026367
126.92230248778802
81.06235934255943
169.42423806504314
136.4193806497416
54.838114118178595
123.42068844875655
140.80436040224518
166.51851436872187
161.0590418397663
94.25184726877036
107.87779275897593
39.21460756180134
42.034385049595535
20.52492228864515
125.06379086040774
92.19965533372007
164.12349929626888
24.847574351851787
9.65324091029197
39.602550334176904
50.127225429415105
120.81097360232647
80.7626947479228
156.14676011831256
150.1722929917351
53.863838268330355
121.38144995312464
129.47534672496084
162.07178263854348
150.17300852596514
99.42613663015254
99.33581978222517
40.99616589936716
41.27809535134264
19.931536447511377
127.09283768882555
94.92223190592557
159.16872247511168
24.131241242704775
4.79546309550975
37.833157808683495
48.294628878848094
121.19891896646354
80.17320028852355
148.59242611072273
154.25891545929827
55.167323934359
122.87462292211217
123.7387971356435
170.76219864176298
159.32931145749959
89.05426582112052
112.38793855439374
39.387891931166266
39.695625052249206
22.564085577631403
126.56432900400347
93.7477991008934
161.1586072463264
25.999330850363837
5.400480497987353
37.390095675027816
48.008843290848255
123.1639085059325
81.00240045553075
144.3563068656068
153.7423578658446
54.52413846954225
