119.04967927093578
129.9633093372494
170.51270095742746
154.3632192344842
91.06387399201625
115.13063133555734
38.29777183199182
36.62992877300607
63.693313855548666
122.55664772363193
121.20855797185847
158.40865447750625
56.20539152512771
35.815357263985725
39.87629573198307
21.60010717253389
119.52116473503101
128.27607424427129
151.61816609330546
115.69908903535399
56.25627976366827
123.26475994189741
129.15595343666664
171.3355599252999
157.65204108458553
91.8641106637454
115.84516597439736
39.40609328458138
36.206319900526765
67.382596983269
122.90976895750104
118.97975350330319
160.22867516775446
57.304333726008764
36.26073872896667
46.60109688900017
22.071920427843317
126.15759650412133
128.38841199291622
151.60837491009062
115.784058221521
54.99675793161188
129.84842131644473
123.97690211034043
165.00387843468684
157.8103945097503
91.85362270696818
112.34091430534126
37.87868269007201
31.60650657620573
68.87736894040711
124.7189215304878
112.77882193996406
159.36369361931213
57.527886725618956
34.16913244029932
40.30324021892057
21.653691706372175
121.15190124360711
128.69571740123044
151.6343636145861
117.94242704799993
56.08078146971096
125.9537499707762
73.1328784768338
177.8600559492241
138.95347035728142
92.87964232455329
93.13707376422799
10.487867280851825
29.163370865502774
68.23894119030524
107.66346660094986
85.37534386903809
162.44373780064961
55.51306208983923
37.95945135306042
30.053771731870462
21.749078569415186
133.92149701756264
127.77028355400493
158.37174703983644
173.57103269521673
53.25628015314042
123.98506520186609
109.95551117586842
175.15601326368716
154.69833585659373
94.39507701425691
94.8604342642972
7.53022753673669
28.506987905407676
63.826360849503885
107.30291542507034
74.5064906867333
160.54183824555386
57.33507469709373
33.327200793285165
34.30704679806506
20.251876560590194
130.55771657779906
127.82950594564515
158.71223111478685
163.74483170635986
54.242371880450946
122.58483044615765
115.37141709354124
171.40702648586344
159.4723468027441
92.15425220574383
103.54727698365211
11.74061733518549
29.718364766946937
63.240417859504575
107.96554864533115
70.26520455888581
160.91848584133248
55.828061211910494
35.236298813179964
33.98099088290353
19.87388175660728
124.74359406944987
128.1739762757091
156.0148935969045
164.14022887684376
55.33322183012927
