145.06679192065604
139.16324385986601
175.2720693525628
141.46808498646485
90.62628541958065
90.65215427186827
37.27509614948225
18.012914109300294
91.3947716222356
104.2385510178305
112.86507066979492
160.696709541396
66.72312608920086
63.27560668212494
40.04505717643816
31.556091479827167
128.1072676874923
130.27385148545363
178.34645394998026
158.85759687807067
54.99867025518707
142.53007297452925
64.80268028090669
169.4587529342904
145.56104054888374
88.13592112001672
91.52871850757634
40.4252752693063
15.565794641636055
81.26848744946294
109.86422195667771
112.17686425032826
158.83275024619934
68.36884395663867
67.47531474017526
42.49894074818276
29.301597712509853
131.8220525348295
134.61215026091756
172.1707206491906
149.70984882722877
53.90809363504002
120.85310702425214
65.86933021157078
175.95328271183234
151.2072261921069
87.6853952260911
89.06281479254766
37.83481137004444
20.348664601012178
81.69171251431203
110.99598372322184
120.38653792521828
161.11400280542165
69.63131784572947
68.26020684080059
44.703846835305285
30.946631184721465
132.1548531412621
134.46710225452816
173.14400008975278
154.05173621707618
52.64939014281201
78.53990049862949
138.98652388486857
149.62223636445648
157.81055033308874
92.41550029079161
84.56638455801239
11.6592810096645
23.30655266781555
80.35850371362615
73.14266363711974
71.90644008412885
160.5758486690102
56.43972462551524
37.885980352469204
34.304979335737734
16.65670214580769
130.60453466611463
121.99545413956292
164.06859019186504
168.61590399172397
55.142523392496756
101.46914809108584
147.55162106503076
137.95031590879987
156.97193568730873
87.71024038388163
93.7441264432971
5.936425771357196
33.67505297945216
92.30736160497362
78.28480361498966
84.41878536856076
162.74384225074095
57.75057667253075
42.61600130532067
30.566450705477703
27.271873647138005
130.63474692326008
129.28535911572826
167.02034845813662
166.09695875878742
54.83686172121887
132.5371000685738
128.7062513279367
150.22985305709668
168.0398315489483
90.8998598830802
88.76235653295065
15.695892577079562
34.18260352138995
83.55799039271812
83.52101444736019
97.86841157708923
161.52376153419283
60.34574112417251
47.598602826606424
34.303914497961195
23.9550223793489
130.6988046500204
129.67240868496654
172.5504159386248
164.82727923534932
54.91907207603767
