88.26798374181075
133.55177364554095
154.86513059342937
150.77684459718242
79.47365111285782
86.59529818398245
8.387355850711064
22.309118745424843
67.51349789873909
98.16590073499552
52.16453253104677
161.92401434553983
47.91336424314357
21.0871814656359
22.891878241483376
26.087077063613712
126.56438124335203
114.74364628211019
169.83112867056917
133.499715673393
54.019623261042064
104.52970044516664
138.9499739802005
157.40962882004638
150.948949589011
79.00239291599893
101.53750845666191
7.255975900124007
24.28853710318251
64.143370389303
88.37881445349166
58.06170425148581
162.1645799041666
47.525227923800834
16.62570008893912
23.920696846007207
25.04592128402183
126.60701973531326
114.66609332613325
160.43356736348727
132.8232250114331
53.91249996879799
117.64622431947086
140.16961416098792
163.28619175300454
149.5491943386896
74.6446694443998
94.18043708942183
7.8414988172214795
24.1097026579821
62.10009764539493
111.4551006794239
80.63654904099393
162.42844950852358
47.436235772472095
17.139735481049744
22.55677143841414
27.103772326806595
125.56027123281244
114.77019632092669
152.73633001583363
133.15790149832037
54.141994126543146
118.78121234074366
146.95993655510037
169.17664164193863
165.2883427335727
91.93500354080507
117.797461887879
36.555032046785335
38.17691713218006
38.39975829712409
121.57902948966644
48.03099363071203
162.43972650686288
39.778877063056186
36.24893037006389
36.01019953121662
10.54899359449375
122.35479143050394
106.20589791438387
145.93922243683923
142.3848026116909
54.28147588792885
119.8658240650138
131.58442022542354
171.96339472897307
153.92403169266262
92.39154562907497
114.36689885963625
39.521645182080036
35.64954704404625
40.56873374624363
120.7387319596647
41.11626008208557
163.29415110953653
38.74500640785529
36.33236862889522
38.71859552055547
10.127240889163723
122.72635171500607
106.30187505908
153.206141922419
142.1360079796742
53.92370566244276
126.56570973877496
125.94782145794564
171.36202345854085
158.8182800432896
92.73454257173142
119.07001864131873
39.739236328368435
39.36465864421762
39.432799396010296
125.69235648181187
45.922804513195736
159.44992485819947
38.73377329338692
36.29357098352975
35.777970864662386
10.236513657637474
123.68153830787286
106.17421514298734
145.1158853170268
142.23502825701416
54.589022718100864
