118.78121234074366
146.95993655510037
169.17664164193863
165.2883427335727
91.93500354080507
117.797461887879
36.555032046785335
38.17691713218006
38.39975829712409
121.57902948966644
48.03099363071203
162.43972650686288
39.778877063056186
36.24893037006389
36.01019953121662
10.54899359449375
122.35479143050394
106.20589791438387
145.93922243683923
142.3848026116909
54.28147588792885
119.8658240650138
131.58442022542354
171.96339472897307
153.92403169266262
92.39154562907497
114.36689885963625
39.521645182080036
35.64954704404625
40.56873374624363
120.7387319596647
41.11626008208557
163.29415110953653
38.74500640785529
36.33236862889522
38.71859552055547
10.127240889163723
122.72635171500607
106.30187505908
153.206141922419
142.1360079796742
53.92370566244276
126.56570973877496
125.94782145794564
171.36202345854085
158.8182800432896
92.73454257173142
119.07001864131873
39.739236328368435
39.36465864421762
39.432799396010296
125.69235648181187
45.922804513195736
159.44992485819947
38.73377329338692
36.29357098352975
35.777970864662386
10.236513657637474
123.68153830787286
106.17421514298734
145.1158853170268
142.23502825701416
54.589022718100864
128.51756662395837
73.27012285621024
177.54664406227835
137.17181379643895
82.24280030390018
121.8365358609274
13.564563965454443
28.79294167266174
45.369149134200356
86.29689575761219
55.11284449939135
162.00512750211146
32.86515769932175
11.668601087761733
28.570509197716508
10.705569087471178
134.9025315758163
102.89039048529236
166.05909108463806
174.3992550852934
51.74282320066257
126.62801410480233
111.46465562116519
174.74032607625074
132.2232951083802
94.63781531668094
87.02320507248687
9.727486159576442
28.26390040778523
39.22652249323469
96.99126979807926
77.09692139721322
160.12167833598608
32.97917084409777
14.743868205358892
26.67667120631877
10.690002580703048
131.32827627909145
101.88823023526855
162.34185473960102
174.41664367977307
52.98207219777696
123.43756810156425
107.93265684953101
168.03633320778545
164.2219744445317
95.59758944665894
96.47164329581162
12.084622815282879
30.946783518660123
33.01706258300015
109.59226351676405
50.048010560948065
159.30900366464962
35.40554578657084
27.121437909587264
31.560004565900986
14.26984742644728
127.54097150914248
102.99488240931633
160.7021921549144
150.62988814885216
53.18257889284842
