97.85263202903886
92.61639189032415
144.90388797591987
162.02465804506465
94.50997259747267
94.48868210917213
14.898966958997223
10.456345128205074
74.99025165985505
75.04067839986088
77.23107598038806
159.66668242359364
62.69290023859508
36.65095609611708
36.253940652626646
19.614690906557843
131.7429502189425
125.48432349810886
161.0156947433859
170.56473247679352
55.553502324192785
122.88983459913246
121.85053993919185
148.77058683709313
165.4588138772154
91.85711155644664
88.26463541773795
6.34101361654039
24.693636341231077
77.62928744662089
75.29858093776286
87.55752427291347
159.49656638506178
57.19032414780612
39.16599432712937
35.2001662388206
16.49544639416048
131.73631436429082
122.52191945403969
164.1172530634718
165.25910279872463
54.2774851773526
120.84581227289321
108.68441030874183
143.2481085808005
153.06646741096773
92.1763890824787
88.51614695307613
9.21318803571335
34.82603209081777
86.97866319645782
77.27148739344605
93.64598807143976
161.04933364008355
60.36840712766244
44.342436881964
34.34300896743703
24.917249794474923
130.436697315733
130.38863147635416
165.2508414666054
162.81588430955736
54.70285676443993
85.52326660983306
137.8618691900734
161.30302123018907
159.39487341466932
87.01015790015087
113.89354833312689
40.793363563290356
40.06542206511707
67.74153373708185
110.44910869858991
80.89106495587099
163.7987424575802
71.77251058648305
46.214926106731504
43.574168401115614
23.91895045148553
137.28704046026513
128.41786736778002
136.520201030092
166.85225418012936
54.10527151998867
81.11253510712055
136.13549289343155
161.86014782477454
159.21278304436146
88.02141804148238
113.08680079383012
44.46806940008328
42.28770750096927
66.35456034981301
113.54140132772983
78.88230754106382
162.811577145735
67.59656268445778
44.952312925827336
40.018362688405006
21.675729174583225
133.77533229003075
126.77154243412026
141.17911290321484
167.05887210282995
54.00415486100034
76.87958755054397
125.69532362316662
163.3291491315247
163.40349422128347
90.31458343932229
110.30845517499034
44.08880956146311
43.178851540309104
67.73060539169937
112.36187313147009
81.19539265777097
162.52611696391466
69.75026159494854
44.695585445859805
41.93300867505075
21.892484686725577
134.51424489643466
126.46153932369022
140.07288778520842
167.4054645860674
54.647190053952464
