133.55633864346512
140.6439896903973
171.09398163354314
161.35137392449948
87.84011597003519
115.88681313337428
43.21774476194878
42.65405189327675
72.02387564497387
115.76740906059365
85.9941118954742
162.7464318337687
63.06057727077869
36.26077282735548
41.84961121766639
22.106274235058386
128.9718905115131
129.4171018335147
149.49566417772436
130.06549362970907
52.054633053957104
132.69810100654982
139.64184406597386
170.36371352559348
161.01364540157283
88.09904663938306
113.96696239004966
46.38653175314049
45.533900095240504
73.22960948994807
122.28453270519208
93.35962374692646
163.1541663822489
68.6620873373779
37.672702491898164
42.42178901115205
23.11405711038267
132.5347482081129
126.3046988827047
143.11895109383278
130.07147360318245
54.85237666751451
76.40185288997185
135.9208639170853
169.6864443803595
161.20474224740664
90.87813355422824
109.39357821182588
45.63396767046689
42.88605874619727
73.50198094277276
118.51108084165205
89.45109347220185
160.73751025094444
66.25142043384065
34.978037491664715
41.431268737458005
22.04940614812959
132.73318898015083
130.1662798173544
141.573156413949
130.0739608901368
53.12801426516491
101.63352656421291
83.08461024378846
164.51736854398573
168.1959799804444
97.65775040051986
97.61720853424585
11.276074193343225
26.061132939360984
78.02351915954209
75.85680832914765
73.3001482850937
161.3932678804993
61.73911543070768
38.26950678886422
38.73371133609519
18.355134768590485
134.226676267841
122.20813240224857
158.37882916139154
165.10958165366824
56.419894509497915
100.32907474917627
144.04048334954285
162.7834808767213
149.86487008097095
92.87130632411588
105.13277879694041
6.020553033394212
28.243326418927186
77.74474260650294
81.98894911296438
79.96059158489102
162.58447831419906
61.375203137090175
37.24563431379963
36.62082536555221
19.805917387061694
135.86615146138075
120.9716033995563
149.8349655997196
165.8818763730086
55.99457408799005
99.37335440343192
133.87787710725428
159.5951736762156
147.71190899893037
87.77569812303236
115.40406100986051
8.042431988633187
33.91088578140247
76.98640902175077
87.39862898384783
100.04110745303801
162.662996064178
62.686366447333185
27.075305687267573
35.685589926352456
22.070789166870178
133.8711731681979
122.64709040937406
150.30757720703158
133.7003985889374
55.6245632964955
