138.5322139785659
128.24873876655502
136.2581643885934
176.88513613601458
99.09864676701162
89.42561607379254
17.259672105473413
21.307753629310636
83.93195631594392
74.38574182236617
69.67665543298759
160.65210392798755
57.306315528589096
24.083902077967984
36.1367411547236
18.850956283908317
132.99043596304898
132.23371181491675
155.6550855084622
136.23946097031774
52.606187589982
107.49644583241121
125.77409117856227
147.06198073362285
174.22348883711996
98.70444790759367
87.19854891551167
9.633145921831822
21.444175342321156
84.25973843124066
75.61506084952282
69.88335050155872
159.19143098513285
56.584661965345454
36.8893394908322
35.358365400958135
18.77301153898777
132.31207756413966
131.68520666699504
161.95244130872192
165.89268935086585
52.323720097899354
117.41807052450262
107.51626318635253
145.80884221659332
161.88212232806944
91.96089318747
85.65151722923875
9.250642672481261
26.64692938647755
89.07295824579327
78.66691964939804
88.4765876340302
161.3128845104285
57.72120513685228
41.607471250586194
28.966672132651496
28.831709571070657
130.10456529059556
136.3479714089805
169.9093517554903
166.57558065715557
52.34016886090806
133.55633864346512
140.6439896903973
171.09398163354314
161.35137392449948
87.84011597003519
115.88681313337428
43.21774476194878
42.65405189327675
72.02387564497387
115.76740906059365
85.9941118954742
162.7464318337687
63.06057727077869
36.26077282735548
41.84961121766639
22.106274235058386
128.9718905115131
129.4171018335147
149.49566417772436
130.06549362970907
52.054633053957104
132.69810100654982
139.64184406597386
170.36371352559348
161.01364540157283
88.09904663938306
113.96696239004966
46.38653175314049
45.533900095240504
73.22960948994807
122.28453270519208
93.35962374692646
163.1541663822489
68.6620873373779
37.672702491898164
42.42178901115205
23.11405711038267
132.5347482081129
126.3046988827047
143.11895109383278
130.07147360318245
54.85237666751451
76.40185288997185
135.9208639170853
169.6864443803595
161.20474224740664
90.87813355422824
109.39357821182588
45.63396767046689
42.88605874619727
73.50198094277276
118.51108084165205
89.45109347220185
160.73751025094444
66.25142043384065
34.978037491664715
41.431268737458005
22.04940614812959
132.73318898015083
130.1662798173544
141.573156413949
130.0739608901368
53.12801426516491
