128.4481286458528
124.67127871241597
178.03563605869354
168.05706150393848
95.60309858752268
74.49372982820057
41.403147490103954
48.26259557646269
83.98189377674291
106.18716304114986
118.53741211655264
160.77755507451644
66.54727441122579
67.12275419128983
40.12291278188504
28.96320956316552
128.46220314177017
130.7095167679523
174.6457904178785
146.14529710798098
55.01904875684835
125.07523961128058
140.21723284031646
176.7603319157659
170.284973053669
96.17428721436455
70.43589038439411
44.578452092102495
50.58845106981644
83.65826798327134
109.78594473454305
124.6200177603708
161.08732179013762
67.9293588382102
69.68536167499998
40.41051874213497
30.53193361301815
131.44558193566286
131.18549389195675
168.35766629885347
147.97811827955627
54.731150552869224
123.83478124407478
62.09892680662226
174.83482597417512
146.91825495236574
93.36243311129377
77.98285787718045
41.04524112367937
18.230891950906816
84.04952019084817
108.44476757675338
122.79306592608481
160.7609598303395
67.71935519999674
70.02718871491653
43.12546226921368
29.697568020273795
130.5790608059346
134.52093210028457
170.47435192137038
143.85001345362514
53.355196028360815
138.5322139785659
128.24873876655502
136.2581643885934
176.88513613601458
99.09864676701162
89.42561607379254
17.259672105473413
21.307753629310636
83.93195631594392
74.38574182236617
69.67665543298759
160.65210392798755
57.306315528589096
24.083902077967984
36.1367411547236
18.850956283908317
132.99043596304898
132.23371181491675
155.6550855084622
136.23946097031774
52.606187589982
107.49644583241121
125.77409117856227
147.06198073362285
174.22348883711996
98.70444790759367
87.19854891551167
9.633145921831822
21.444175342321156
84.25973843124066
75.61506084952282
69.88335050155872
159.19143098513285
56.584661965345454
36.8893394908322
35.358365400958135
18.77301153898777
132.31207756413966
131.68520666699504
161.95244130872192
165.89268935086585
52.323720097899354
117.41807052450262
107.51626318635253
145.80884221659332
161.88212232806944
91.96089318747
85.65151722923875
9.250642672481261
26.64692938647755
89.07295824579327
78.66691964939804
88.4765876340302
161.3128845104285
57.72120513685228
41.607471250586194
28.966672132651496
28.831709571070657
130.10456529059556
136.3479714089805
169.9093517554903
166.57558065715557
52.34016886090806
