115.13238043337542
119.27796668073931
177.76750528948295
170.08310622501614
81.54580785913402
133.19827599143116
26.477643978764625
21.941497197122903
7.018202868398595
105.5784589650594
59.63618450207158
168.05877703904687
2.438564113344171
1.7662924390611068
27.18655466300035
35.462786332690946
123.14950859321776
156.09967208905448
170.29954412698604
164.8094745492087
12.03081936711774
115.37825649886778
120.43633943260136
177.32894716052292
170.37618848782563
80.5118985014815
135.22068492263398
27.148874007475783
23.07889221380225
6.8287802794999175
106.79663948769935
59.80082259728849
165.04072867162103
2.263878282221381
1.5961650529512725
26.0330308156993
34.753343496982055
123.33471723586814
156.65011315078212
171.15569116432167
165.0685810898731
11.976301441793538
115.65372773747805
118.24743359933335
177.33587775344074
170.0788934264968
80.87145273649203
130.70658584623632
23.35060625732823
19.376441382848284
6.748252547099552
106.07395971058723
62.7701362224936
164.31088385445184
2.2595067184342548
1.7911571695391488
26.02913901601279
35.30975482003912
123.20880606351095
157.25263374496342
172.06800409642497
164.84196032830445
11.860366656022464
113.85902821224535
103.3049191244892
177.84480943388348
153.34031432541485
81.78352814132633
127.8810396474771
7.198256509083391
17.77282116920788
7.517080356797547
105.81076026032896
75.34442584598777
169.5574697155065
2.141755428950245
1.7548269972833737
27.56783874979194
35.51071851421701
122.31094134439724
155.4264744455262
169.38857527380907
164.1274624356859
11.886240630904569
114.51281316992718
103.33190494500283
177.5937945825455
155.31364639335672
82.1552880521456
123.37667375030121
4.818030646238734
13.714458115112922
7.224191993280454
104.73244858047306
77.30110378354445
169.19941149898435
2.234803382013527
1.8950294391758296
27.920821522703857
35.974335790318975
122.91233707018563
155.74943950506076
169.9131936102593
164.2057893598425
11.925935923632624
115.13238043337542
119.27796668073931
177.76750528948295
170.08310622501614
81.54580785913402
133.19827599143116
26.477643978764625
21.941497197122903
7.018202868398595
105.5784589650594
59.63618450207158
168.05877703904687
2.438564113344171
1.7662924390611068
27.18655466300035
35.462786332690946
123.14950859321776
156.09967208905448
170.29954412698604
164.8094745492087
12.03081936711774
