102.7597359960204
158.04769890708755
142.46173429167754
159.42086873959164
70.24455881391972
102.1341348576338
8.656644808726924
28.210162092626927
33.03493486461069
84.82156358316863
65.93541571464628
164.9085941452531
26.11861963565426
11.516779963239342
21.52219973317823
25.074418743623625
125.90259786725449
100.75797417375985
173.60543007730638
152.60142086431532
50.39566969274393
111.88088334990823
133.10424560844748
143.00928177162203
162.13113947718705
70.76838171299873
105.21161490090668
8.168911184579951
27.889054016967986
18.21970147308046
83.32264691847173
78.6658781596109
165.44321018424455
16.579690269286722
8.246000999796394
21.50273344532735
29.712355236646907
125.5251569896839
86.81663046054331
171.8310167532783
133.2067008599879
50.27046031660475
117.1579965555591
101.06242621113064
150.84515336991518
151.97388636935548
82.13021076683721
63.50401834089472
10.166677326884635
30.233240237789428
16.699962465162763
99.02043877921386
104.36148156871941
165.4615640916365
15.177308499252907
8.133599281583274
18.69423053982815
31.179055137196926
125.98681120337747
82.87067184040689
170.10697035109484
150.29922850232546
50.28328433157975
125.76514664058921
151.7936048513186
165.7499232488016
159.3360362851927
93.81257287714874
103.66733620739865
43.15991562408504
43.86000921537135
17.478400067615453
123.19085126576661
94.57187048899492
157.10638244630346
21.02367264265163
7.569437490276377
42.007369994402296
54.06417153273304
118.17899382399244
88.13169250600052
158.9712287892855
157.23375589517585
51.40975963759728
124.3586497421644
128.4312508417813
171.7985795083681
155.93678116273696
92.67080146461429
114.65071467358621
44.3819411064191
44.81050437009646
18.157263550019415
128.09246393225365
94.33233989486328
160.76056535688855
22.29671691435737
7.379764074743152
39.53299180658613
52.595276434915604
120.56637098214331
87.32476683829692
153.49881957057696
157.2382764296576
50.95568262426241
131.02584945880764
147.33514766867788
163.51390720049355
163.01827488139975
102.09528331308212
98.62837820157897
43.3350508004358
43.383647245198745
19.84062372246132
129.68489720187105
100.20661921339382
163.0613583728482
24.508868039226076
3.6546812446951566
37.54873678833261
52.06168625025876
120.18381744736989
87.39449588356965
141.41915758128334
156.9360317988242
50.60842224921281
