115.46292000015966
101.62383696795534
177.71895620925005
155.72798758443676
81.94823383857204
127.87258163468132
6.953060297154184
17.38547187144658
7.88422685775486
104.91857134432234
72.10978946118966
164.0768670655426
2.4932404589923687
1.7689999503371754
26.81868912686991
40.730653600157005
123.61796071364171
162.43483597632112
171.86210185209205
157.78309402406194
11.834014871279177
115.44841576117871
123.51956557967429
177.41032782843877
171.02140568998533
80.76313727982226
136.3439421247656
28.344313304684153
23.875309652351515
8.143676209750128
105.67192263336915
51.41868280103154
171.9303955002338
2.248818391201554
2.945124203638725
25.47262753322646
38.54612934021951
122.28097205395514
161.6149268153824
172.80361232919628
159.04775973804922
10.577363469059094
115.52432964881055
122.93532843385131
177.21774699193622
170.90827614382812
80.23548489516777
137.10041757191323
28.16334790004296
23.881599021364185
14.821679312771916
105.81415991049617
43.22005355454478
175.53328954973108
4.741188741686338
3.657938492200214
25.261500154579256
30.466330580582017
122.00627030891702
154.3865599671911
172.72272988511222
169.97693307900875
10.199242890551208
115.62978827576599
119.96841128559997
177.49733519979674
170.39623849618667
80.7916688038525
131.98087534106432
24.767581876338998
20.555215684219956
8.954898115141456
106.20136861768535
76.79147525218619
163.90286031229402
3.9951707663768325
1.4968247371688588
25.874871093656267
42.57386471610636
123.14169997565173
163.4818869718602
172.27293457915073
149.63788708951245
11.832552215737879
115.46292000015966
101.62383696795534
177.71895620925005
155.72798758443676
81.94823383857204
127.87258163468132
6.953060297154184
17.38547187144658
7.88422685775486
104.91857134432234
72.10978946118966
164.0768670655426
2.4932404589923687
1.7689999503371754
26.81868912686991
40.730653600157005
123.61796071364171
162.43483597632112
171.86210185209205
157.78309402406194
11.834014871279177
115.44841576117871
123.51956557967429
177.41032782843877
171.02140568998533
80.76313727982226
136.3439421247656
28.344313304684153
23.875309652351515
8.143676209750128
105.67192263336915
51.41868280103154
171.9303955002338
2.248818391201554
2.945124203638725
25.47262753322646
38.54612934021951
122.28097205395514
161.6149268153824
172.80361232919628
159.04775973804922
10.577363469059094
