130.40060369504138
139.06881840588744
166.08480890250016
161.93756297168835
88.72566536207867
113.18437894484708
38.062135272995505
39.38611471120322
72.82895898721692
111.37009086427736
88.31807219124451
166.53216664842267
70.57150481774714
50.66864671328503
44.10298720766851
20.21353706827176
137.05134963507885
118.93002505066993
131.01931437166272
161.9284178018576
56.63499390879788
126.19134614204127
134.45801017741022
168.53673099004686
158.0730347784606
88.28052988910399
115.08317510897474
42.71935582594963
41.18576844500504
71.13219125531319
115.131121346633
90.01332677348044
164.26512503851106
72.10796142519987
51.34795354304757
47.628735698071
20.773219495829046
140.03088945576457
120.25181723917174
133.08530591954167
158.60481539868067
55.023466973875365
128.71901223163084
133.99211894165757
167.82715342605815
158.74893896504008
89.8855336303848
111.7690586035166
42.903296025698765
41.336829042713916
72.61780325538808
116.29476196831287
90.54031506450087
165.59377450592996
70.40603945280205
50.63891930188252
44.91854514908655
19.844585553666356
137.9271405389866
120.5895096077872
126.50190996700067
161.36347003685194
55.64604856112453
136.5657868771984
84.89309358699701
167.06968286233945
164.21442233026008
97.3949083468385
96.64610394989444
6.75480337320096
28.088356966961936
77.44595766583025
75.43095410346046
88.12456636390402
166.62300976083154
61.41712989213231
39.117840290223405
38.93695043832838
16.53306531232149
134.49328059214056
117.72164652049021
164.1218427091096
166.11811164506537
55.49789191304562
135.41159477785897
142.33785075919226
169.4977898391543
149.1723747820659
95.78031613046623
104.51054327709889
7.108040322559456
30.96337122908522
76.47601449250281
82.98966162961909
89.19145455826605
165.47330103632268
63.72170036498707
38.89356612466713
40.631415984235026
18.338739624415965
138.29597430025106
117.69548370415612
156.2530942272206
164.3039333912091
55.208523903900264
99.94221034729736
119.5221561745911
156.7317323928363
154.42480348962488
91.89419170689938
106.73578137427276
9.300984386972733
33.219152508867566
75.73034654830995
85.71389788993113
88.90842461221699
167.2239557268282
65.40723756888288
41.32658109467661
41.41439130060905
19.400319216377053
139.74429322536884
118.08597327931999
151.55089423819467
163.01963097220977
55.029913408419276
