115.66948806870133
121.83124758132254
178.2396902363175
170.69066335193
80.63484263806856
136.2799614934561
27.31331757381159
22.295551953206424
8.535220056007926
105.08904401766969
58.40418091571381
175.55367099752232
1.7165882702596726
1.3392550832909353
25.158084966716636
36.73369188492205
121.72955991831928
160.78162619459124
173.09352964879096
162.82343094319427
10.666622618260671
115.56653844594445
102.02887163739864
177.93001617773146
156.13076686036908
81.53498727663782
129.6349201181344
6.3958000959338195
15.467506144437152
9.814316145628016
103.48264306388393
60.95887084093224
176.54130973201498
2.600605813858921
3.6934424543551456
25.77987817365951
33.702435587535746
121.56425970096211
156.91307577833769
173.50306251264902
166.863465950771
10.75230517197043
115.53342839738754
124.26203174483469
178.34002727484446
171.16284467762785
80.95113010169818
138.63838145364875
28.793045629241075
23.08911012443474
8.06590800662886
104.23446964032581
57.55147204818427
172.86851988228662
1.1563462305826997
1.093554747058288
25.48982426735012
36.508998147220574
121.76866249992315
161.14717145920451
173.5872418742704
162.47616042521722
11.19520112864194
115.46292000015966
101.62383696795534
177.71895620925005
155.72798758443676
81.94823383857204
127.87258163468132
6.953060297154184
17.38547187144658
7.88422685775486
104.91857134432234
72.10978946118966
164.0768670655426
2.4932404589923687
1.7689999503371754
26.81868912686991
40.730653600157005
123.61796071364171
162.43483597632112
171.86210185209205
157.78309402406194
11.834014871279177
115.44841576117871
123.51956557967429
177.41032782843877
171.02140568998533
80.76313727982226
136.3439421247656
28.344313304684153
23.875309652351515
8.143676209750128
105.67192263336915
51.41868280103154
171.9303955002338
2.248818391201554
2.945124203638725
25.47262753322646
38.54612934021951
122.28097205395514
161.6149268153824
172.80361232919628
159.04775973804922
10.577363469059094
115.52432964881055
122.93532843385131
177.21774699193622
170.90827614382812
80.23548489516777
137.10041757191323
28.16334790004296
23.881599021364185
14.821679312771916
105.81415991049617
43.22005355454478
175.53328954973108
4.741188741686338
3.657938492200214
25.261500154579256
30.466330580582017
122.00627030891702
154.3865599671911
172.72272988511222
169.97693307900875
10.199242890551208
