128.272060372073
87.03848767683044
170.57368333865307
165.0658858999962
92.91845988417835
99.95249988679109
7.742540273508892
24.174832782897624
69.41766262937108
87.14769309978924
99.65634890672023
166.55909532459916
68.59562926318071
39.29617669661182
39.958616118899585
19.46533121822781
136.63681501230863
120.19288702270798
141.98900930278336
167.51887990926122
55.62667208749131
128.263773775135
89.1848186068077
169.52256642470277
167.16563457622715
88.70639095126177
106.20293609953679
9.152612103508845
26.115826677787975
69.01139934620565
91.42313034892452
96.9224268940614
166.16876263254903
68.72783365583797
39.70192914296817
39.433094103991166
19.96530725465255
138.22097453128657
119.78520389213308
135.2372355729528
167.22247480225855
55.294284274042084
133.85968564648846
128.99367775396078
169.41247186715628
160.08497163134768
89.12310030010353
107.38810438652865
12.905505648244663
33.141667713492126
74.5685425074302
95.39529623489547
77.7159925946547
165.2516040438213
66.06228227946124
40.47111231040123
42.42339836620015
18.38351944296054
138.2903159813241
120.11992338317168
130.07592582575884
166.19904630548197
54.92180284820083
143.74790476074898
94.82968083645818
167.98436298995858
151.69043326848086
106.45006237594652
67.29072145378707
43.646865090689516
55.05415779306368
81.05302665180614
96.3178906381051
100.790932908753
165.1561912611977
66.21667118707187
56.68623769498321
41.1701601461172
22.265777857642348
128.29574879721324
120.30193882681982
163.1366996571979
147.68340838652944
56.024517102627826
131.63100834717142
141.33849619578146
170.09695212796646
168.54985634237673
105.65028345524831
64.12225674829772
44.77926863862286
53.55453546869558
82.10425942281631
97.18928315963994
108.62204981765039
165.3443340909345
65.25414190678991
56.87362567568502
39.24140386437912
23.52356701837755
127.60867526263797
119.37397138299902
168.40695517019873
149.00650262028952
56.543197227051806
102.48717917351338
82.82287814790246
170.43249769807085
159.35648528245585
87.43599049992619
87.4262580019032
45.76755828368305
52.728242945629276
79.58815899430188
106.14341881994112
109.57721416663756
167.48457992875447
67.04079778810895
57.15930652376011
39.38191966726761
23.056008215724983
130.40328189106447
119.68122091889606
168.17171846670277
149.1875843737173
56.09010007435616
