128.2646222250213
144.26273993082808
174.05700174469527
168.47822309732499
94.8371848405875
78.22255146306767
36.04812306420639
45.01584539494541
83.53405349022171
99.95968336262314
100.4236081895033
160.953709498988
67.62434253278745
57.40430328441826
41.176689206986985
28.265060280133795
129.049928405916
133.04134291331405
169.3422119088499
158.39202359365947
54.313234070808775
132.34375483447084
127.25444965497907
176.72602152479084
168.13809088531372
91.69142137372428
74.17370414349561
42.992768935483504
46.495394869260046
82.41248217184403
106.44741026129752
110.92971456333797
160.8983398550611
68.41585394130077
61.85891553484713
40.98520695089505
30.33149805507326
131.00242312930087
134.487249588353
171.9339137641236
154.74500402070638
53.27655085711048
136.869225580179
129.05451307532846
172.20653660042092
130.7322232265264
89.51533941571611
84.60293287892553
43.83308628137283
18.4960803027397
85.03109040746193
109.40977890509406
115.29725737819764
160.44581556201294
69.87851788265861
64.85800787565465
43.680328398596025
30.85368579468847
128.75161429688117
134.50890155553157
172.50715372963958
150.321129424537
54.26777928244538
83.98579781981742
132.1699265945488
136.3542188460148
153.72417153281
97.36631353673636
71.40078577541436
18.257711861994185
24.074208901493716
68.71069195134656
75.82591336929264
122.92395745804937
160.450040310829
64.79692934493639
12.08203449578613
35.74186958177546
20.766324235784637
132.87271435797993
122.17975696083606
160.82114753640627
123.94580852101487
54.284606665750225
83.07572195899658
133.44263533568287
134.59990553426695
158.79937202569872
94.87405539688976
75.92732081255033
12.306042005765605
30.653899006472873
69.58552899972443
74.91659430037728
129.18704479861958
162.09608076246758
64.25402598450228
9.700465934635352
36.229830729296275
21.403232040385355
134.0139668647577
123.95415377485756
159.90816919206765
118.46727003448775
53.44648244628672
139.44200391524646
104.99604116441942
134.20961884162998
153.54315609081797
96.7304003676861
71.86145911780892
12.70985081910564
40.625395054034364
89.47372025497697
78.76576045967253
75.205315128651
162.87328250660497
58.09454427987089
40.59972932321594
32.40729783911631
23.94707334836517
129.1096478773445
129.08436105525635
170.80842754839625
169.9605603546771
53.52984270411887
