92.29156994161819
110.33821695830784
136.7997849297498
151.09160304303361
91.32765490865188
82.02854015871198
10.869875906828273
28.296609899373667
70.63449336342951
76.99649258547181
83.60608745620414
161.18532115004416
61.817537384122524
36.27464983707765
36.9579869508345
16.675714871454133
134.23608269498055
117.83001104203372
159.66851453007712
169.8342626295427
55.611524924714345
102.23341974421233
124.04790650323862
125.91956358909107
140.71730163056068
90.66271748768756
84.93844390145085
6.090904952439237
40.13900199397149
85.91789192618187
78.0296245342921
82.89367661098159
162.85957106606858
66.28859862217536
41.53882590123196
39.43881887646777
26.087077483953003
138.40238169154253
125.61728692770478
157.92353491887098
169.3962590317952
55.12954352200879
118.58780546870022
129.34859856854033
142.13195029718938
163.50714036307963
89.95772283444626
88.80159279361366
15.089943853669245
38.77214256120559
90.51569565087713
83.98030162677543
86.59394235126517
162.55445645842593
59.01993379452736
46.639647979748624
29.359735794647033
28.414430767657077
129.47348661400787
125.87364818822398
174.4566866571807
165.524956285899
55.48562925628514
87.76808868793086
139.41378751794122
160.9470605779936
159.1818359799957
89.38216954735542
113.2487163013898
42.730540600268135
42.008026688488066
63.926022469042834
110.48065875143024
70.68135550300424
166.14454859566524
62.38641568179526
42.28482322574787
41.761931473934524
13.611173628638161
135.25326192853737
121.1762418501393
127.93394943330871
168.87853604220624
51.75279383652942
84.4354739112562
136.99964476677366
160.53966342484776
156.6230799380935
88.60930506460608
111.9871790606442
47.403255386636715
45.43650117860888
64.93472332256441
112.23982567413452
68.31810611967794
165.6531914128772
61.77036204055509
41.783709162608574
40.47125150980365
14.206196012886377
134.42954162885155
124.67145580865413
118.90784309530889
170.11330734685
51.80555388052718
80.13796379398731
133.8493150802955
162.3193713976596
159.76735662553153
90.37410374052246
109.43996267636061
47.148260641000256
45.62111104570022
62.534742736089335
113.15660475293637
76.15697564087407
165.1160275440881
60.230128491204205
41.08417641083315
37.921823622394925
13.607300492830737
133.4284474229282
120.951210992871
125.93216131681515
169.90913572706498
51.708277111561024
