144.14459273014808
140.55102481704753
176.4649104497257
135.84968249514253
89.85701678887887
92.90244347776992
43.49575461726207
22.428111829062598
83.65595606839233
104.82308772078933
111.29847020288864
161.91539720815558
66.30682463615302
59.4644508810494
40.2931094841067
28.153829941580913
126.95361378087895
132.57292670512894
171.06865631529305
153.6296617427086
52.9067764085915
138.6307594941208
146.4982678526397
177.38522349077843
130.0219169921247
88.93130859275247
90.68899729195378
45.85745367177305
24.208819864559917
83.81359329241928
107.75559051899269
114.85514638257571
162.2984630696637
66.37959027164041
60.62441937055793
41.589194748018286
29.578930034737876
128.1113155998663
139.54795342669124
172.04909694984738
154.0063084249814
51.22945783999705
136.54636113102987
60.023683127739986
174.6384566992509
144.7452717302559
84.94888469150747
93.86956545720099
45.616503451274816
22.0316738204009
82.1450979932361
111.29556827671016
111.77804625353211
162.84101023649686
67.94874942737303
62.34839333992337
41.9815785475508
30.613209231959427
129.19330077564928
138.22652107544437
168.39103460837504
149.39578299001036
52.260626040484944
114.45478343610223
123.15984746116904
145.47371780435716
165.9329519316287
93.80470391912182
81.99782999219126
11.718601797522506
21.11501231002171
83.64973154987196
74.14938442201459
61.37008322190311
161.32065671873048
60.55783977862268
31.834297175964466
35.54157430693913
22.279545197693505
132.43878987041185
125.35844443311206
158.34766944687294
151.24354324652637
54.45497892921967
99.86995061758034
117.38294250259362
146.30816643207189
145.85986616064392
96.41258951527773
77.93789080427543
3.315758558748081
28.7580425221158
84.4912196328866
74.29984509488376
73.16834518609213
161.05959185918914
58.06000291486219
37.574280499628685
35.24989415020371
19.945740776270494
130.2813380475133
125.78849637370405
165.22551035016662
160.16285952499837
53.666847367284355
120.95952445735958
104.96444682084704
141.03397157828627
155.05169934947315
96.45965655635973
80.08898781748142
13.299859201300338
37.79146833633718
88.44874286270645
71.66870573562154
83.91117535734732
161.55807995023244
58.631203378435
41.04967650829282
35.676888744651826
21.76008844278993
130.00530718102308
127.27914111269773
163.74021440982781
168.95143640929456
54.02507171653662
