119.91354316069301
134.2861539653707
167.8326732460849
160.54606982734563
90.23289527632349
112.1518424217409
42.953467735370545
41.789979768862196
66.98587846763138
108.19666547664667
149.58215467369672
162.1172171564488
68.92065583421117
35.689800009960614
38.3294578563522
24.987209665372337
129.6180382194594
132.7044337604085
151.80592486051853
118.53637624304885
52.78802145763799
121.06428342221542
136.78062684222266
166.4017507530927
157.70208503930667
91.95243298592209
108.95865949600923
45.67779036979377
43.44916023198109
29.868388868809742
110.67502585397668
103.65324808686559
162.48863394647182
36.411463246571486
33.36030349882853
38.180639925137505
17.670575667631514
129.20768252880853
92.48380651880379
152.1333661923758
151.04277919121793
52.25587374542584
139.45088230442153
131.08159391807635
168.41656295304867
161.97858750789032
92.86437761467344
110.839635982298
45.49469816245059
43.25359371420535
29.353536989810895
112.59315722904145
101.88087590776408
161.61145848897579
36.677639685733844
32.24789996600245
38.346178338103975
17.37866397401559
131.60602777877546
92.20704235149884
152.3772373735498
153.8512459311528
51.97882955322036
128.84682708138052
84.54756775341136
164.3249269520806
146.17337728199092
93.34238242772233
103.70669843534127
11.292159927882274
27.154121250565495
69.60289024949304
87.16263332320534
121.63010110930847
163.79102963702746
67.38373282947234
37.61647100235121
36.69290747838495
24.587454026711384
134.2999638743328
132.37746648712374
158.08072554152628
157.47763792898508
51.438548502430564
129.01361985383443
136.9201835495617
163.38890955612536
153.63028155213476
92.69644787615913
103.04206534745705
9.456502434299713
31.326448362639116
70.38483234815844
91.93237294943638
114.55793037137227
164.11680471789012
68.86879236813573
38.96103592771005
36.12582668896501
26.585791030596987
134.0306167466045
132.59334853511007
152.74140339913595
155.11154087289495
51.71952110597816
125.35401620292673
138.2110200648885
167.88265066368885
154.5912609985652
78.51139891425652
131.85510875073217
16.20098895284037
35.39804945178922
69.80004039598384
97.7618137900361
170.48468596189653
166.65582024680285
69.13418243499274
29.624708722999294
34.7970233451989
31.107651494675586
134.58689140409444
132.23957124913096
157.63740150467834
118.26097344452117
52.164927813600016
