101.61065355209317
114.63767197056595
135.091386239084
145.9914787647522
90.30356026320803
86.77360029859983
14.31803265426675
29.083848288046138
83.39539477061071
75.68501460467715
68.07818981889142
165.07254375764734
65.14014396145713
37.00929048490035
33.41729002661133
30.056098959406505
133.32848231809135
130.36446098935372
165.8782714991264
145.51246893065567
54.40851749075316
85.07403676122135
116.80885988599906
135.25305531286762
148.2618854596566
87.64072298510833
90.75093240157544
7.106970843359486
30.3377756133694
88.01733284507378
79.04607075017546
83.39108840671929
161.6085001525948
59.52694644138959
43.60939024496937
30.98169021990277
26.587233914140363
129.66098535855264
125.7325615103718
169.30087382287593
172.73544366505635
54.6131765948356
126.015957900374
133.5474275755077
133.15023646854607
165.12794425627473
92.56885723902037
79.98331052003343
11.654259786292062
40.629913248724684
84.64141825976732
82.34834920610217
94.11644854379183
162.9953118694062
62.390176442294404
48.349405378482174
36.53232941924762
23.495936350387478
130.27501524650435
125.73959820948859
171.54222415333132
166.83709096606063
56.064401450236474
82.10562525205344
141.1362034900774
160.12428145149974
161.2174460210413
90.70936584104115
107.13131216940079
43.715521448337235
43.535821571047165
71.71974387192058
115.06062486588718
101.41165563675024
164.34435241514475
72.98068860935851
51.06573395813313
42.28145024423577
27.1025771383466
137.79319008875044
132.0688311613633
125.20892918528992
162.94622271468447
52.56784706707179
78.07449592756703
128.13799656695167
164.7282007040929
158.58654802794877
89.87367780681836
109.81202651199183
45.36922671601001
42.971357715230546
70.61553747435055
112.5425538100827
106.0888237827427
163.85603199946
73.02135002277815
48.95777085937839
41.08096295595385
27.285305726874164
138.12740992335975
131.15133871915293
121.67408588549384
162.93898205533927
52.45548750634987
72.36857000375545
138.13991177663658
169.08071260859202
161.95975403630663
88.18312351784786
110.63346067702432
44.984361973608465
41.81804496252445
70.40989373087723
114.84864944004973
108.5759815596063
164.50555005379448
73.40723505006038
47.69319159749393
40.621023159337774
28.3037131711136
139.0294688723744
130.1186927571624
127.13760850137307
162.9260176242599
53.06916658128795
