84.82403339951065
136.8082351054754
160.30428287397478
152.64075340642654
90.73588644811379
109.07024734394714
42.6162391494353
39.65557719340287
29.828641289452968
114.65123710644482
93.48148784362705
162.27722796598795
35.804826200671215
41.33228946824062
42.29023625434733
23.906605376594463
131.76160984399078
82.48030621237582
126.35705040056821
177.99600131737213
54.59641330216141
82.52735106728673
140.3593299982362
159.9207024459272
158.26901350353788
90.73081435461263
108.75276163828052
44.81204245506704
42.31776055131288
30.40590527211407
118.99494343180962
97.13570363102545
166.7650133328438
36.26696648388974
38.99087460993016
42.68443023903349
23.54125346240454
136.21739723405653
82.73420810177736
123.53510793114977
177.73781947719942
52.63984445687993
77.41983091830348
136.49236122709056
164.08745536522065
160.6428448376837
90.8008318859257
102.59120465829807
44.13560097650787
41.68131324878563
29.13734023057144
122.08148480947084
108.46018123140476
163.04524759287824
35.186117334224434
34.25621091634926
40.58566636532484
24.217525885480065
134.9526478138459
83.2463283282013
119.66554294877378
173.49771168342394
53.44155377384133
139.96850442703666
63.19139398520526
170.8603334895053
143.23136355378398
95.66237483110106
96.75541377778531
20.68787287834175
22.15731886412074
73.75474140340928
98.74272008557843
88.37059081380859
163.14331176237314
72.87390901111101
46.724103095322896
43.233365484250854
22.4809812880128
137.19233507989432
121.97838397191272
137.93410707700937
172.26144830783159
58.119374988143036
106.22186257407371
128.23518514545185
160.44096232223853
151.90187320976997
90.53772826015488
103.33467133918288
6.1302131546878895
23.679992666935814
72.80509147184252
88.08441726252542
98.71803881146487
164.22022364024292
73.95033503605526
44.842629335350324
45.609909867331076
21.029910668254725
139.96985986357205
119.98432404215079
134.8613125093862
169.83833168502008
57.350271157544256
104.85952150458047
85.75717104996427
156.27329608816407
166.43955579579517
89.88764323510873
104.97816783168686
8.7777325624155
27.617897059958914
74.61150232237739
95.10351165562176
142.85915892231455
163.23975160775473
78.65018501642241
32.692659234335125
44.31604638584959
28.245031657408152
138.3537700261313
124.58310103414527
126.28489546872218
110.13185594839253
57.504991022495986
