134.39197586130425
127.9053207759628
168.4666564317419
156.14599436250933
91.25410516361184
113.6538663111429
14.918307474956574
27.778599478663978
45.2696103500056
105.95865791304982
44.7554432940463
161.2613141385474
43.334927820186294
28.190608332526047
34.90580402525528
6.266842194822852
132.50830569616815
105.08771362421331
156.72221660567732
161.2035127803568
54.774264017223054
145.06203961086715
136.21319614248847
168.77731972557498
154.65327489880178
92.11917780282147
110.57680804635426
12.131111343172606
30.45276102348686
43.327789497799884
100.73277730429328
28.903635810225925
161.26613250894226
44.715627990741524
30.54090064305964
39.3445329992435
6.801883975736786
133.15123012389262
105.04846305021962
153.7286664500575
163.32123052125223
54.10784512448809
132.21529456617336
149.9270570440076
166.51695945430868
157.83224855337147
91.98864901377064
108.01449938950091
16.902494620466047
32.982023246788444
42.56264217443189
106.5785380911961
25.42458868984314
159.74812053759427
44.7369251232069
33.86072988636655
39.726795461642716
7.405673814459261
131.14290541329805
104.94713323155614
150.47958031521978
163.65398823889106
54.893445392252545
138.57782392872772
133.12658473464623
171.23283291601018
173.58465259428885
84.91058606866936
87.78509810179118
44.89660067434534
44.86826313780387
81.53134332984318
116.25260712262117
114.709447387602
163.1595265460165
70.20448283672617
68.98638255251724
39.5733645218324
33.02389154107993
127.60178468645749
133.789189327278
170.09078249833527
148.27946645220038
55.118672240214195
130.14450257823358
130.74474764615073
174.9990770635535
172.7019595707481
85.35655309286159
84.89151169952187
46.40907205021557
48.46597109303964
82.09735972907332
117.1813535043851
117.48416468560873
161.09496635763253
73.33815588394471
68.77727071352045
43.736403681009286
35.72598209770062
127.63316115958999
135.69207495963067
168.87702266866427
154.41202185017772
54.44300240272356
133.93443347847406
126.75922968552284
176.26440769938938
177.33279547932503
84.67674901889328
89.96669757238956
46.169707243619634
47.93590893168224
82.52540718298235
112.64017202403294
117.62803563342436
161.90527199210334
70.33228943800002
67.90498202931037
39.83673734451214
36.06051465919144
131.14243477710795
138.05929207761767
167.22223919220605
150.40017885306438
53.384193630181194
