142.31463408058175
118.94522855149863
128.67157021492451
149.984056212498
91.50827841219528
67.32472700993446
14.969300354506553
39.25258431389012
16.691682058967693
95.57146583538552
98.9770643996038
165.3373724766998
18.07080547428386
7.291862887964327
28.089863002842474
37.06122439497823
128.17497879916863
76.19145617733072
160.1091984913965
147.30834242244694
52.71347102617866
102.58316441245871
106.78081076509784
141.4395694997188
151.103286502339
99.30667956588181
64.87830364122934
12.883420070954656
33.08917174256614
14.960873909361672
84.28274040152309
148.13955829199924
160.77602237456148
17.90230079204204
32.4370173830982
33.76823058632375
43.06220613371665
128.4171999158829
76.30590023196308
168.52475877609763
82.32423568460611
53.01274317766401
135.4146107551564
94.8740041834215
135.7435264732816
152.9790233385107
97.61093401447299
68.28216525341864
13.180760133344776
39.685600940441866
19.851871032696646
83.88632685440308
158.06422960340987
161.768936093006
9.614613454701164
31.364347218906488
34.199715436611214
49.74699620537975
127.30089775424517
70.46153673087363
167.57034103416166
74.55213842233921
52.31932220678341
116.05560027936058
144.00949844862396
170.3633003419391
166.91356706380265
90.71016990635319
124.15653665118148
45.496342421884556
44.94151756166064
31.336869329529442
121.45159016310546
108.73869514628431
164.62062294679072
37.35449224332015
31.36239000382657
35.70427597552857
22.924338269273697
127.91016273379975
91.3601796290538
143.52491557473573
178.04950536655397
53.74443318915746
106.23802334656423
127.24806658305896
171.66626348588295
160.58060057056343
92.12485317422251
119.65543649686201
45.63941835364082
43.73591759837322
32.07890913943146
122.30663774682613
108.50952658297088
165.22603527485876
37.95734861346996
28.388867658466935
35.56780937899154
22.503565265065507
125.81467951695579
92.21648427865462
151.67881349754344
177.4884375378448
53.761721445661365
130.85394983375383
143.6447638551159
166.45234369548137
168.09009830683937
92.62061922491156
123.60069227779113
44.42527274316296
42.598824258065804
76.86367310374388
121.47943137024396
127.48107208165096
163.22272628175872
59.122117326108146
26.511044728629383
33.611545979506985
23.405952496444197
125.72712345710552
137.74065949242188
152.26694963273872
101.60363170263182
53.77401562797289
