140.98534218102193
131.12760361136785
165.84038499339897
173.54058129616536
91.57188755753491
75.19693619154333
45.60304919962781
43.81773176923195
93.39772809613686
112.58430073493416
118.76447172289284
162.90388401380844
69.09891569441211
69.5955069179252
42.303161433664975
32.60624056130818
128.63829810018473
133.4395124053273
174.49345756791638
144.8319722549596
54.350241830581645
129.3294261630792
147.16634870818223
159.2287690082455
173.65169533819207
91.18247357288777
79.21978891210382
45.89831576815441
41.01807594893866
95.0558375878933
108.53253755156459
119.76944813032559
161.78421695522556
67.76081299690979
67.60554309378867
42.38054273165928
31.338524773077204
127.14869588782693
131.99655296898672
173.99993688474885
148.79960742198054
53.750365842814006
122.82859326734238
56.002839733231944
175.8311112287236
140.15003596953554
83.26850740125312
90.63336921251401
40.67328984807992
18.76295055798198
86.828339989287
107.35195692508783
111.24177091084248
163.0559324346978
67.3217714067897
64.57762622013168
40.416057706783654
31.61100881791392
130.85660991949453
134.41966066674306
169.49646077625883
146.24821316533962
53.7628927838467
83.38744327571851
119.42631774322015
139.1258838229239
162.0712683485267
97.77378709480894
69.81200639901287
13.617232198833765
27.917178111378263
78.70949040880969
72.29089076096405
87.04140075258908
163.9901825419073
66.27273466082565
37.373953563242544
36.532379602867735
24.17314485340435
131.65049109553016
126.53822527746456
158.67429999179487
160.4832090095345
55.422673210927776
83.51259521734228
117.32602520015945
133.21702043220967
146.5838974708624
99.62298249262244
70.17030499660198
8.46895882027695
31.851681034672044
89.45656340079834
74.75362343085105
84.3868663573858
163.31778610655604
61.18229510379109
42.172325263699776
36.589570410163695
22.97322399637237
130.33635525108147
126.18499864679684
163.38835421818044
167.90235483905508
55.26283665625184
125.15276981411715
137.16961881875017
141.31859151585024
164.7179234638545
99.6257684336057
68.71660198701652
12.473132180194026
36.223757716302075
86.4178046551277
80.56262336718865
92.36244772996653
164.14404665475746
63.624161203976406
46.82485979309576
40.228940567217045
22.869211130425047
131.83617140428262
129.29513371534057
165.0297113808546
164.52966032226627
54.694814508081826
