89.3344095150405
145.58649177097612
159.31415938918846
164.73879812553054
87.48473670530004
108.81340413313137
38.213916736148065
39.71010068462542
64.64646991516187
106.51152142554182
95.00479871657164
168.1554068159764
67.33223395186506
45.032049908333995
42.27916092097499
18.639482321571
134.51613218733794
126.88817197202287
128.86957826472945
168.917083192065
52.46167742848169
85.15827555147564
128.95151509212312
161.6588486331596
158.18551207942596
88.37219274402855
112.427161791161
42.72438533149622
41.90632109794619
66.04097162601387
110.8638004722812
93.25251041394567
168.05449163867058
68.57788822026109
45.53964493274385
42.758970937854954
21.050344907744485
136.3037452341694
127.22379358032059
131.0847759354348
170.7763007964332
52.68340098842376
84.42619773490475
140.4661503743637
157.8877339392416
159.2748910943802
88.4331501032481
108.35276437817731
43.62472218200759
44.03011910105069
66.4538960347971
113.77517991695166
97.78563590102111
168.4296028194064
68.95934876051803
45.32556864841814
42.62040572704181
20.27038438424769
137.3169593968247
124.29155153906822
130.23603080155155
169.09856873011384
52.639336769658414
106.262717103531
88.08172511116035
159.39726367043278
170.7190669078289
92.91615399779283
97.55131667484082
9.86310160481367
24.458348380674263
67.63752787710854
80.29049010754713
91.18888555700079
167.6785551891584
68.24768416530554
39.16528366294266
39.32134395333187
19.41860887368918
135.58549320514632
119.67606497624331
147.9840627809466
173.59571370280827
54.42321957295446
104.74721572950118
134.90894942490792
157.29245963408871
151.13888962826144
88.80575180545976
106.57950109116756
9.005453774364193
29.361593787911463
67.47734954727086
87.86739568068545
89.06898887634064
166.93851940268414
68.64622784964521
41.37036128925147
39.14503632272778
19.122477136027754
134.75439052390658
117.98313945402147
139.45205701517565
174.49245195511003
55.79312239226829
102.14816955951939
89.76449897537171
157.8917761835007
161.46493602544606
89.21727442255471
109.48118609296851
10.548605038559748
33.96840029945613
67.52750288204163
92.10325231859422
80.0616056338057
168.16975656645516
65.54034829858914
41.24014991358862
38.461567324785236
18.9212015738877
134.25018835539257
120.38565339172183
136.13278711281728
175.53789727995976
55.16333140557031
