137.91853138475727
131.30148693934714
165.58580924791835
161.71273648614658
86.8910059151852
83.69444853524931
44.25519658197666
45.739376530051324
80.46455847394547
113.13860062941859
119.97054023559956
161.98027764752203
68.56283154943162
69.19200347995304
44.06536340539834
25.131191717556405
123.57791910011802
130.24432496002353
175.69302745228526
143.9767514170101
54.41411795839953
130.26487110129537
128.35656905186124
167.37167850461998
170.77334385653572
91.05513873317918
88.64135764034845
45.30714033755628
47.75814132286754
80.55556970844377
114.7296330424885
122.34176302147286
161.66577491785083
67.49946750590688
69.21136161637921
42.491939942370735
25.53968780610711
122.68647744970119
127.38701934920235
173.90701723732428
144.75300397401145
54.818790296517726
116.22067125497817
60.811672971386784
171.4128278396098
139.04471577969463
85.72172080525785
100.1714661885142
43.5765144492777
17.924826702278434
81.00044522580552
116.76866293153306
117.66463937884446
163.29251320376852
67.18150477796162
67.95308043484273
42.43854175039926
26.512163256346383
124.00608565133311
131.66311506118828
175.72366327608077
145.35511373822328
53.860914260243774
77.39867489871787
137.5070266062951
141.7811949904161
157.80809275825064
93.97578019327902
81.50413632778462
10.674095155415412
26.013550334593013
86.88066274646658
74.11585752080528
88.97886100256032
164.31442434851894
58.4396615648744
42.7048214508944
34.26638812069165
21.905699662752493
129.14824067482866
123.41992353171868
166.96755910988355
166.0078751532929
54.92602107720745
107.78633750393642
119.81482796405746
146.67011904540854
153.18856327948532
95.20436559094865
76.1796045991134
7.882889507037216
32.48339279304532
86.22371287234888
76.67434676601229
92.02890474640178
164.94876542772886
61.881937453238905
47.615039210627494
36.72046888987186
23.36613674118973
130.87921269074084
123.58630052618781
168.2740983720434
162.38450343552316
55.35710585039929
132.8312701665116
135.72259289460087
150.409314091835
160.86672008788403
95.19879726094301
75.45013274877017
15.441972934303417
35.391781601279206
80.74572545949458
82.35287849042342
102.71984385253741
161.78367302137806
63.85737514594755
53.746759006293175
39.172016552148904
22.4163588125518
129.6403238395527
124.31898308598474
168.3620919177524
151.61982543416818
55.19246934784246
