122.06526661362027
131.07402358045698
166.62581548184042
170.4111832579984
87.25409599325691
82.76991103941737
45.50040000693759
46.682683914220156
86.64215602285158
117.43545526872408
112.08527735738666
163.45298718145037
69.81137259135096
70.0642343790417
42.82411362424986
32.95038555851952
127.12748520949832
130.98192805074277
170.17744687430178
153.98160474701984
52.893194793257564
121.89678913503833
126.30809650363537
178.54944113492147
171.66454047204493
90.41972640655894
77.90567279273075
46.419916092819314
52.445092661168964
81.10146868146109
113.3159079466932
121.76070551141055
162.80286216835856
68.26395596523983
69.52616926357433
43.2772171099026
27.466698979423658
128.2499906103409
131.95905988893986
169.75461037730935
142.96042814762347
52.67034360379396
131.24774266987458
141.37911519755173
178.59318983934952
174.92774044923226
86.62867882338674
84.13612639917525
46.14304129083325
51.82095241891014
84.05154235119079
110.54881283908483
117.27745778102253
164.40281354003818
66.44385092104598
66.35108600172074
39.76392247019339
29.881656937181628
126.53126525832008
133.57094180871087
168.85157040068054
148.1295795779595
52.67232471438971
110.77522950405722
122.44312016130793
142.71979568262316
158.13681682241605
94.4216427391133
80.57723539013627
8.325328328165028
31.387472970357454
79.19019602254627
78.33849964053131
87.60122298083195
164.73990228020563
60.9145918078984
40.612723251570294
32.27353464476534
23.400243811025856
129.49159365132675
126.00595451211943
171.69810187125455
171.331130651887
53.940562027827305
125.39693969636362
123.43003666160222
138.7490580601283
141.44371901404253
95.46471756000062
78.84455751958151
3.9324521416463316
34.029398835293044
87.59348795789926
80.15473821205073
82.78956491586644
162.81880988374866
58.400923695130366
44.87961734045505
34.80980926153336
22.12821480066707
126.88053892706478
128.30605445110797
171.56154688515224
169.4918025894632
53.79762990053289
126.77416744195374
101.58242737136324
143.84946257848927
150.45311611541754
95.18889160168918
79.23731821180098
16.261228880484254
40.3480275953942
88.07383167959185
86.86471558719273
94.22955720105972
164.90295717489496
60.63195870242868
50.28854521696819
36.636851029614824
24.06771138904075
126.81578502920318
130.28342709632363
171.84638918732432
163.6878359479442
53.19135240101947
