116.42529624921042
146.6736995623291
170.10614309298455
162.60297249677245
89.97410839604649
103.01291275794263
42.294442168585626
39.461838887175524
28.390003575041057
124.41066307385232
99.14514029391339
165.3582956351185
36.0609472325112
36.1652714049814
41.525593926797065
22.77728929140656
119.83202751270636
89.41070056379945
148.66017975898927
179.4546522306857
53.50375401184667
117.5996730347775
132.21186179734414
172.2561741118633
160.789806901564
87.34782024109742
98.63264781584414
43.84950723566341
40.48919294766128
29.908576949362562
124.22549175284739
94.98021618669159
164.77282095155562
37.101396874582015
35.878904749297114
44.02524766340776
22.672215930260535
120.63731660158291
89.98353525595263
155.3548772158252
179.30712118282892
53.04988256502277
122.86578523555856
145.19447540131063
171.34571701356833
167.3212674622882
87.87287000067325
101.93159375950803
43.38247395704462
38.80624612672477
34.792606414001945
123.69891008341882
96.01445263290934
164.87519969177487
36.97946613497304
37.554061855252904
44.97371701472134
22.168916937168493
118.28080124776812
90.12726659685019
155.16456339223387
179.40897924934268
53.386571070643825
130.761528331239
135.85617170835584
172.57478891313318
141.46586668142515
77.78979168139725
118.9949540805215
16.33914605870662
19.309460036694407
77.41217647333
86.69941445758901
76.06801263554478
165.14126397887463
57.564129172937314
32.83606397931013
30.920937492934527
25.506196251104075
133.58822769103836
132.16937979292996
164.58152859573053
167.2279799566793
50.916972794126906
129.18603134361908
129.00619038218198
170.19041975426694
152.58178436530085
69.64942259698755
142.48530823263928
5.166865187045616
27.820579831449265
76.00702506548508
99.48775482368296
71.34727845507383
168.34919944249376
59.52391555205741
37.354695664426494
30.485703773644193
26.646056336439415
133.23174960542164
131.64611964578955
158.11728155113246
167.20753124974343
51.30178341329561
125.80040754458986
121.16196810508237
167.1414679710123
162.60785522375676
84.84973905201127
107.7169580303038
10.462063520003225
29.446273824631746
77.54660502499281
99.17453164894768
44.50233600636378
164.35241767482938
59.22001887257229
35.53907086810783
35.336581626951045
23.814555916587537
128.5105172797346
132.5019747072609
159.7030808343215
157.62004779365748
51.92226615140146
