84.21990706950103
135.54032282217426
159.86995298370928
158.59874020319253
88.12043710419117
105.44540406829522
44.51626988454839
42.33434541652908
70.75474353137045
119.6865520638769
90.37497374706521
162.09639655346044
72.84969583357672
33.058820963393494
41.50212119179498
29.193424804826385
134.88393843104683
132.21549525482246
128.30366149580232
115.9686416332232
53.2545083932962
136.36718303499484
135.71189120190212
171.7025582027005
157.7819186668896
88.68195518954353
106.05226422288995
47.51229057875992
42.96150061309047
70.99945089807457
127.29693250268262
93.63365070055741
161.26115006742816
73.54926019448531
32.57400710961905
39.854133201319016
29.251809380460262
131.9668810703795
132.05846230939594
127.48632962524677
115.9737181352076
53.62004415822041
79.13951907105452
134.68981419796106
161.2713664655578
158.68221536493112
90.47102343886114
104.76830934642368
46.398894375538184
44.21996326961788
70.14128600520951
126.1800725875043
92.11313341754068
161.7581636589916
71.71392525657137
30.206774468772352
37.786028192031495
29.066886312295807
131.90471623499482
131.5996827215325
121.03499661592356
115.97955941804292
53.589561909436256
101.96564808757621
84.70887873021023
159.35798247237122
161.39165226656243
89.04125536511636
110.64352825112051
9.497444729919573
30.978343919561805
75.16144258825264
91.45721731040292
107.03948121704475
163.40505673908552
72.65256194126954
24.940049115163042
35.765313564540975
30.614488376427516
132.70123949160418
127.57000338764249
140.85913090974947
117.39755016705786
57.03411896721242
131.25292319294667
136.5106972057464
166.03098326571035
150.05391048755183
86.59755685835783
109.69187670610968
10.147271732247065
34.04252985455991
74.3800844158355
101.19165108045799
121.3248573549467
159.87778117466118
74.60034637953807
26.53737010714832
37.17087530502896
32.642230379822905
134.7481764768866
131.77639830903848
137.5636602837761
117.9466156946215
56.13190663892058
97.74048299993237
95.88167460110402
156.53238648695373
164.84151844236692
88.89820735684032
110.91057636505032
17.06967680546654
37.67492535360514
73.48703647694136
102.37073231560933
103.35351179901771
162.59198072433384
73.47263778385815
28.59957210256057
37.026893386644346
31.782251043638308
131.57271868686772
135.49339956759573
123.73485232722327
115.0524695877178
54.50872995277884
