127.03768533069476
130.9127617517955
179.2264153384362
162.8171281449098
81.2373343624439
90.78979920684857
37.46650973346629
47.24842539806053
79.47246091663702
111.36904513472551
119.06538402786501
159.82629945509152
69.86859862457648
70.00050834451369
41.64856552297813
27.84578292429854
130.22952777411746
131.02301585638696
168.27438971089364
144.4587951485339
55.19313923779587
132.3046557242159
130.65511097419542
171.89974459383603
166.00663607083732
80.99198786883464
93.38803958603276
43.26284646227163
47.12241249414457
81.40224804230498
116.23304171619795
119.84695190519042
160.24074017112434
71.35303585016925
72.59704308852179
43.050217032520926
29.278006427833404
129.86258457679577
131.14011799892745
169.7909957153329
140.97313887553096
55.45419826853197
115.03506549687162
133.99704292364783
177.83034673414463
167.00823086242127
78.67444277518743
89.8858926500933
41.90988968424103
51.955395890466434
81.19257401229913
116.86892050415724
123.24900287462197
161.0117244901183
72.0374751752334
74.7065554845521
43.843342440893494
30.54478413252537
130.3799550281885
134.45749020079865
166.7479653896289
140.55370010977623
54.94841689904466
110.4339788952772
126.96162483268547
143.50984572438918
162.26343689208616
94.15326810307313
76.92171729530948
8.258412614071666
28.51414849909336
89.22583183652019
74.83055280842129
89.05567118315871
160.68307326527935
59.664487783303045
42.7949903885853
34.99194518667886
22.714236766555857
131.2860113467117
125.79833339029987
165.8118670274098
167.98877593741273
55.538205570990876
125.82035945983986
120.36403816446929
141.2124386061772
156.1634973699055
94.86737510805456
74.70758398651508
3.268488494856522
32.3719311776425
90.11907622028906
75.20785741574137
87.98427835161534
160.72747459082154
62.34184618124332
46.96121127138299
38.88188589669346
23.980508179566367
132.50074966637538
130.24231583524036
165.31722072017394
160.2181709037068
54.46444476035705
136.90680543117165
111.19615177734825
142.30560307464248
149.02557496469348
94.78843654179175
72.0610330410109
12.942441563736955
38.52815097572758
81.51494648769699
84.78239842560015
92.84689710601953
158.7006216447258
66.81030370478017
54.18502686333886
39.34111610087054
25.308993379966697
131.55525538548287
129.01928670501323
169.35208226294435
156.58653122102962
56.089609120509735
