117.58536055660731
124.40886121802508
151.55745006330068
143.73877366970777
79.84172864219335
79.82139319583031
9.008248367249164
31.909221867696814
74.91677810219217
90.93933704223014
69.69037735319777
165.24688543033253
59.29662669346815
19.449106943390465
26.33783533249318
26.03292942927761
131.22206891028733
123.87608697624087
149.08277507834438
146.20410575726993
55.78789321182063
101.56181519268071
90.84549262853791
169.30898707381556
154.9602323726459
72.73644031516314
98.98006385550963
7.729625540798862
14.682773150219601
64.97108911323092
99.44630807245815
119.50056215624173
161.38320730655718
60.20469395985613
19.6944240826106
31.76277090507512
19.411818932665554
130.22499757280343
123.44428328965051
146.4941683182304
146.20490042919934
55.45200718405344
98.75507528631788
88.03494706295913
175.23971036802
159.41608538879052
74.49376109617009
104.97163902085282
10.912998579610555
14.70512866023505
71.20137135549044
95.28072254270974
111.98663185536994
163.9712042101134
57.032333185276606
29.91522639421731
31.629049952641733
19.903816189303825
124.86516839162017
123.3850528253902
172.3495841827847
146.25146547146187
55.56862378046985
120.97399457563658
132.22954922493767
169.3021357381498
158.7775904702533
92.62943139920388
110.42890898349323
40.82952772029169
38.82507760731347
33.87624558052789
124.49502405917757
99.39870897483719
163.4452029462596
37.71303308043895
34.29064023867044
39.21266002458016
21.30461373132277
125.01712902405617
83.92501657473233
139.3485438456337
179.13572593325534
56.74848409758975
119.19320243834143
128.56968231349475
169.10793550600243
161.31706708227273
94.42262594569951
107.35924067228476
41.11927689128854
39.12295122808258
32.4658773428781
125.44973067252097
106.2742838481829
162.41425976839977
37.21202664708148
30.936934208679663
37.59650931507498
22.520699521011423
127.24289840423145
83.45780060741185
135.57679927698192
177.15490442941325
56.77223158417652
125.93395615761048
125.55533442439332
167.14693078038223
161.06569871921303
96.71293842020496
110.90264685308836
40.62308029535331
38.25378060349702
34.145291783347055
124.33296607406227
106.51523533671286
162.99725688356537
38.168302313859336
29.01094282729638
37.2928473156214
21.132003206802338
129.69615730843012
85.00721332695076
134.91712578789924
175.9310029320041
56.526818406374744
