120.19702751282821
128.61110639139116
169.24549361276044
154.7496988714498
91.03478860182813
117.98808065046404
33.80677865962359
33.83907397623969
35.45042518705271
112.30640438342765
91.21485932262031
160.52886230941388
35.711875288023926
12.35679903604871
35.2662306306294
35.386273206300544
119.98127281152118
88.33399693613296
158.9655100864773
169.6461392665184
49.913565646021816
118.8006220193326
141.58468977347346
171.12369243007473
162.16676590007418
91.41597118432091
115.32832672812611
34.097383088667655
33.860360212506535
34.98701441747292
114.88082649933261
95.91089770283249
161.51167146498193
35.78993725228836
12.708688551319172
35.840033024609355
35.494608004000206
117.96829782051675
87.80723327971316
161.84322131932325
169.43600316966354
50.240622147008885
115.58685748560016
132.67660155191362
174.92015863992683
163.5174110774592
88.4527985914507
122.91457339063427
33.94864778790897
32.099739909117005
34.79735313966139
116.09004171626685
93.94468196379651
161.11586084348352
36.49595756562347
12.725253870063987
36.753629448781304
37.17019776074661
120.00164983129824
88.33224357433978
159.75037045425975
169.3817463132825
50.11725700108509
108.83180616619997
74.57801839524531
141.10600796410574
139.41250360491102
81.5961010176891
127.7101032620764
16.135912243625132
19.60896734068581
68.78181811567032
93.7610037453993
144.9523258714242
163.3838331917056
54.618291271175856
16.82479122789642
26.999824905412755
29.199248183178316
126.58548456157382
123.63476811401702
168.914815885551
120.44191195129837
50.37230584486453
122.30714736787134
116.69160235314183
176.15552721524992
156.1451187643453
88.95139607887752
99.1524822556252
10.982039415047947
25.99686073796933
72.27775430213664
94.81454019609926
136.6285765068151
161.17750990099734
54.2052623868409
19.417588686533392
30.93117672414795
23.396527426123722
122.13598725981927
124.49740017567161
169.35927496909403
115.25512185910993
50.30162151432731
123.2656369596056
121.5051019328089
173.89110064246313
162.5519531674278
88.26971628880821
111.88249931144092
13.966465933161881
28.335405852888425
67.47740889064592
102.69755193312385
144.6745333488706
162.14761094360603
54.123290606625254
22.333112799152055
30.470900345425914
23.059830185804838
122.08749714198616
124.2144560152517
165.47002210050303
114.66245946749342
50.387448701629985
