136.29068030582684
140.09252340724018
168.08295500726334
156.5657689199701
89.69618192737654
108.52492934352846
46.49739809340287
44.47471457457564
70.65880088386997
118.07672796890135
71.21249165829346
164.00647344564203
73.32220117751032
43.354274663758396
42.47210209859549
26.793022248609613
135.60448646184776
130.0753179439113
133.92744102676323
154.0566108219832
53.544264403096825
80.84857364783458
137.6198887916309
159.12467662108727
160.54292094983165
90.43046286999996
104.94587151916086
46.972089632750546
45.90836788116083
69.93032251568006
114.5947929982772
77.14788596078651
161.21170196516437
73.62845777088171
44.029464571914396
41.775111623494354
26.106112676143656
135.28057097443082
127.47719523349247
127.1475717692088
153.35486633062015
54.61914186781406
76.4339844974746
134.5800605253245
162.32159948862736
161.81009064120886
91.59603967687086
102.9267174829509
45.857025368386225
45.006494674093176
68.98203894980547
115.20097205483796
80.76660658414802
163.85175874405243
73.44239370003758
42.76517377277358
42.118820239147155
25.785058220425
136.86900569066813
128.1571144408763
128.27283099162054
153.4617796317449
53.15960926845561
136.57239566109854
82.77450505407249
171.97394768215915
166.1931961288025
93.87587477113694
96.14456221166455
7.55737254178591
23.042405402117257
76.45097064378304
84.22531394303785
80.34799716161731
163.18224547172872
75.49626268755787
40.031118127622065
41.073593382217815
28.703637680546727
134.12634566003453
129.4908657951192
152.23008783594597
157.23685793156096
57.291968189306466
102.35884872423796
87.57930958264824
159.35132704395488
162.8977972942275
90.08686969895486
101.94547278170553
7.408736681810133
28.461582874009366
77.64830951115754
90.23158223891359
78.02049134764232
162.65423598423862
73.51671081039582
40.01120087962522
37.78642204383718
30.617838679791458
134.2231990341866
128.46002788609607
147.6283382270938
153.7511183656761
57.10303693401151
101.1471050501818
131.12568979075917
157.5978067828719
153.82070741249257
89.03838668690557
107.46955588837481
10.45453001677524
32.44734805220496
78.00346592912007
101.68610172918596
77.75195843927746
164.08169708822066
75.05568579825405
43.58405093383431
38.96963077499289
31.448702780545016
134.4607994602355
128.77728739520066
142.2058967255993
153.27902393077454
56.81653284006131
