100.38171315122456
111.25705626900107
145.7234122742217
141.3734733807965
98.69314632015876
68.60092404122247
10.56421800291086
25.549767759570962
75.43738310442069
73.47020038905562
79.83220101641153
161.57314494056575
68.52194860524953
36.09711243079971
38.465833010825165
25.730464708748425
133.36982650034827
129.72465705597298
155.19873930709232
155.84965685728406
54.83842718203341
94.20751027405399
114.64832554173982
145.33713288416055
145.56995894866313
97.46818942638077
71.9609011131195
5.29221179560946
27.802425502195106
86.40473220336172
73.58004736645788
80.57222034672891
163.477357204308
58.99745167821705
38.926788274928875
34.55658093319224
21.410976266123935
131.0624509812692
124.37159031338425
164.34041573386293
173.25614665380604
56.083301589449135
107.22701990569391
108.09781130446656
143.05815134758177
150.28247318957708
97.51447144059476
71.45061144843822
8.147890128430076
36.64126976851532
88.3172535936101
77.44245654749112
87.32060163127561
163.82494510657068
61.55119545865174
44.19484411821546
35.442117561918884
24.307024420324762
130.87827387863283
125.8411169651655
163.47593109784935
163.47885811056278
56.30654618956428
84.97992785816677
138.19758961978937
159.01835865586563
158.52072042113227
89.93394129015371
108.08327643083095
45.49299132616627
45.089577790939295
71.08829690967359
112.13701836829273
102.16669990917524
165.8192642773072
77.12730514601665
53.26448931729932
42.62035248702933
31.59662375852151
134.58890428193905
131.47223143350348
131.5783353090241
149.3149533170953
53.44134973420484
83.12129703019217
135.81943677682312
156.44124456995604
154.49219016642292
91.06388193628842
106.30847399846108
47.59360684609296
46.37770005411275
71.13059506573562
113.55730225865781
104.25190840699477
162.94302053030216
77.52159868225343
51.71440482433082
43.22740936907966
30.57608736253576
137.47220942498345
127.77154837067185
123.37564699773979
149.31621527668187
52.752407819601295
78.03026434024416
131.17627053148294
160.92311217867615
156.56549894046086
90.97672456564061
104.71821297610983
48.00630337395716
46.603366867158456
69.55810839144111
118.51420519516415
103.88645787165491
164.62928801540522
74.7530275850981
50.045633730985855
42.63275179035067
30.551019621073426
137.18454373886507
133.6619056642393
133.58953048225047
149.29823281293287
51.061323224925424
