73.60158725017693
72.41988749421112
136.72691355613838
150.57689347383507
79.22330769169966
134.3795253751617
16.641458450771744
32.37423910881327
16.89296620169661
96.1795385850936
109.27529034751224
159.6278772422918
9.981216340412875
6.612009457978464
31.352000921804972
45.52468002035678
120.91377674828928
66.35285414254581
171.3664841043471
132.4857108378228
50.4112976759758
78.8577245544411
79.34561697852816
141.168783869561
144.99077828524563
78.00987253554413
134.1773613972929
12.775376987338861
31.895461892600366
17.338913907154392
94.79512818255228
107.5479437106637
161.71723538902916
9.878733746142892
7.654817041971555
31.218089197643714
44.82617052627451
120.00131022764309
67.11849534039034
172.2847419892783
131.2967549014038
50.46806333103259
88.56981374072404
120.96625851675978
146.7901499792614
165.89238861366118
84.98662562143808
127.60331491167821
12.301797192127468
19.13859415896153
17.636173082710847
77.99111259942492
100.41220052805845
157.34788586325797
8.03363853688236
2.3349996611940447
33.40928447620356
49.17735554791721
119.81928925307454
67.09432893385262
169.641328458163
143.26979721795172
50.59949253159555
120.19702751282821
128.61110639139116
169.24549361276044
154.7496988714498
91.03478860182813
117.98808065046404
33.80677865962359
33.83907397623969
35.45042518705271
112.30640438342765
91.21485932262031
160.52886230941388
35.711875288023926
12.35679903604871
35.2662306306294
35.386273206300544
119.98127281152118
88.33399693613296
158.9655100864773
169.6461392665184
49.913565646021816
118.8006220193326
141.58468977347346
171.12369243007473
162.16676590007418
91.41597118432091
115.32832672812611
34.097383088667655
33.860360212506535
34.98701441747292
114.88082649933261
95.91089770283249
161.51167146498193
35.78993725228836
12.708688551319172
35.840033024609355
35.494608004000206
117.96829782051675
87.80723327971316
161.84322131932325
169.43600316966354
50.240622147008885
115.58685748560016
132.67660155191362
174.92015863992683
163.5174110774592
88.4527985914507
122.91457339063427
33.94864778790897
32.099739909117005
34.79735313966139
116.09004171626685
93.94468196379651
161.11586084348352
36.49595756562347
12.725253870063987
36.753629448781304
37.17019776074661
120.00164983129824
88.33224357433978
159.75037045425975
169.3817463132825
50.11725700108509
