88.75056818315097
141.5588921141384
156.52208068902573
157.18277837560768
88.92364108811117
100.87417142460875
42.021336889829534
40.19808782563412
65.5892993364829
113.25623903879551
69.61973383912317
159.83875875537953
69.20949409582535
42.60040366935202
42.64137768513735
18.65506332308823
132.1312121292047
123.66374062200445
126.74215440415094
149.84708338944787
55.314343432910434
85.56138248054688
137.50547338354016
157.51197881244263
155.91946584187033
91.55327594886255
102.12586088721417
46.187733557887206
42.83754861371071
67.15761518964194
116.74483337085297
67.76421606480353
161.7445238172832
69.0843350600045
42.28463597168145
41.817183466084735
19.352609841534054
132.54380708074655
125.59838327980223
123.17624333510568
149.99693991892437
55.00352688562644
135.7727622922604
136.32684724224396
170.36835228386988
157.39628610421676
89.52745746595203
103.4705587874159
46.036991857828305
43.33131806469412
63.50849000175012
124.86009111020853
74.94190423246187
159.23541061930524
66.32568003450724
41.027311111687574
39.31663343043047
18.47892191202703
131.14605117053912
123.57817684422568
128.96297242328808
149.86492286284334
53.413259807587266
137.2895864727047
88.6030041276869
169.29337618957626
174.73392247818884
90.82708505618156
97.6409624727157
10.333511099473615
22.952402762623077
73.48125555407175
88.67237805460772
77.89358019765342
162.95577233707826
70.18804806548629
38.50794206307089
37.2031950246247
26.07151670045395
134.22091936886704
127.7872034148729
152.16920565994465
162.5000454804359
57.34321237316214
138.2129068023445
147.53489127029783
170.06517146364695
150.46930435946828
90.11754348548945
103.29712410381045
9.813919431186399
28.519386665175915
72.94873886093681
92.283784377902
84.24109588955513
163.00919098472497
71.27612894476358
34.88670368858346
41.501249585321425
23.489018157817714
137.77177092469003
123.89814916658342
140.90412645232576
150.34211011600118
56.903029588789614
136.2344634983507
144.61760410837007
170.43019541139552
157.64453343129355
91.91986190082865
104.84421275667387
14.491793328167347
33.09393654535317
73.82931055979903
96.09928415005369
79.29865021326987
161.61824840760528
74.13403884772488
38.36047797710965
44.39450521378065
23.994488197283133
137.682001493408
124.50001397869585
136.0898483824278
146.9723406582359
57.290730883197966
