117.83146404166683
131.85188554610733
168.92727057654335
156.45502544180187
100.09066346634614
103.77799456000334
41.12305709310816
40.02300434219832
31.65031237217782
125.19873108682204
107.25679270199956
160.8636644067325
38.609285374801246
33.11354805389664
42.558776208973086
21.386614115166438
121.47675059227343
84.70201781979094
148.56842620048565
177.86705335576008
57.78403846941962
117.13439582351143
129.06102868828296
166.87840132633553
157.42557406228627
104.35249641968775
99.12222756272
41.677255850958275
41.42412564909156
31.5234903141929
126.09650903748926
102.53900300563888
160.31622731713634
38.89549826516762
32.53345693948447
40.4254892957935
22.139103288295146
123.69357506988807
84.92056488815963
143.42845243049382
179.47722699199264
58.022798733342185
124.6057389514641
125.97252146790933
167.63381178869932
157.2726055989346
103.67915392794457
98.0191501842152
40.30243251468488
38.07107977201999
31.692334472554816
124.34359787482225
103.59070028573633
159.94520014607517
38.1170676228201
28.16107321347662
39.28214468063897
22.823406900058924
123.5650647981337
85.47604399858088
142.40054463143383
178.22904790415404
58.0319230884307
127.37299975555584
100.75251707602662
168.794751784121
152.3402504721652
96.45343803702947
94.08315007049896
13.730888902891662
26.28843851027135
79.67943211668356
96.43676073615559
86.13127188337852
159.8036553771578
60.2731463162243
23.297113321783236
33.47770919735074
22.06743789278798
128.9775134815422
128.6197392280304
153.4580841789962
126.16535374621381
56.422093191253424
127.89991457393758
125.13829359347179
167.02415988966243
153.8656792996734
95.83489315445095
103.41027153400215
11.150811314655918
31.119627299236317
36.271761823865056
106.54405776911591
113.4791266020141
159.27472718120896
39.84239832409306
11.897022827221132
36.710815719825874
37.03105308231179
129.0524570802813
88.90173587508713
152.38232706041498
171.09779813674805
56.00118844927857
127.95170837139061
138.17252003160002
165.5547326476755
157.15967056523408
96.12750277139162
103.48003305318436
15.854028537473146
33.89395093798738
74.07743109855217
114.63951110980986
124.176487330772
163.63317552902322
62.06946869835891
27.227918315854676
37.58912849596933
21.141840557898906
127.18932287978235
128.304880516699
144.03690086954134
108.10525861724821
55.939001663746886
