99.38324796625841
114.39118252456639
142.58175483302807
141.6646145815307
98.98965111266735
71.5660856679809
13.327878228552047
29.499963678699444
67.39336014822076
73.04134692629555
109.07176880637863
158.38107622721523
59.837395648182536
11.623375463145356
35.12843264162206
13.745514339590438
130.21911681222647
118.82877020197577
159.92047225005717
129.81490892167406
54.908326282744525
93.30396403268232
120.50198670071322
145.48016571475
155.2149364562083
98.71083673621972
71.5938998452626
8.253780168948932
28.87571475399026
73.89608864577269
72.26608559253256
71.89672220641182
161.08221127148366
60.397940410069026
38.31750598332614
35.36307635576176
16.93422559508192
130.06322411515202
120.63941687471664
161.12486742355952
173.6643201816095
56.16037531279907
137.3362235584752
101.70831156020446
141.90570822326023
156.1040629535506
96.34057698494345
74.88120903458473
14.50398656369188
36.85947802591185
90.62777149338577
75.41703092854094
83.28714702169204
161.2448504980811
57.86475606136219
42.129686576775015
31.22556026593771
24.98356594420907
128.965173107643
128.6243681038149
166.65471468413085
165.66473271801024
55.6720655728897
136.91439475725088
141.59511215164883
168.54787414108156
155.62050341611757
90.88816736278078
106.3088924501342
46.296181732675095
44.42212107551262
63.303755166191294
117.71536597013663
81.75150058029448
163.35250107764594
65.48638106827775
37.87537148896614
41.72499485632846
15.420081708700907
132.63341384689218
119.46582654437428
132.06011999590694
154.0399206749901
54.29306393897362
84.3804371819041
138.90685573003313
155.76054800723844
159.15647222304077
91.00080139487233
105.62619356893025
47.69913288253544
47.77121286458293
62.72129363982973
114.84317846598093
80.10358368036218
162.52993540470183
64.11023036445374
36.8275400735208
41.841854344733896
13.834837082531843
135.43620298563442
122.37951295839333
122.90349346158435
152.74845974579816
52.3283520536893
131.84158869058032
134.78850268358306
169.94721648471528
161.4068604880103
92.2488444604618
103.63791450439463
47.315176734660795
45.68192855408604
61.79452043398255
122.10039215027676
85.03840005511567
163.85350685058708
63.997878759735144
36.71229358197502
40.93513471859011
13.34405563188448
132.78317082281774
121.23935154848456
124.14226214254674
153.69456520446863
53.443652996591034
