80.83315509571734
115.7011629465197
141.5378490080925
161.92896693561755
93.77719302424016
76.74062712701337
12.22291758891521
26.924399626380357
87.77498551456421
74.64046002573629
89.60716454348625
164.94889565911868
56.705062103512
40.92285712391303
33.78823585242869
21.277716274152322
129.5917761925777
128.7133790388672
168.48130833755354
172.48854633631453
52.763682719929584
85.03804109279963
145.26121004960953
131.34787263690316
157.51382709680317
93.10016225582956
79.39230207292715
8.37667136982461
33.77741344895774
91.85941985207565
76.02820017414321
85.37946915448158
162.30857359710117
59.4148209095086
45.259933209100254
33.57717049336882
25.62391581452831
129.54419329728526
128.36987670475102
170.1605687439638
168.05848811286936
54.32292050913043
133.52661378847273
138.2865790570113
138.1989400768357
166.23835166910237
92.23295870762837
80.84244389044683
14.626895446684188
39.08749685615794
84.43313417357516
82.04332131348346
95.61779286506265
164.29122689583
63.59362403365087
50.53179445687973
33.90829973236604
28.75515213046746
130.498143910856
129.33491926159022
171.7080365378707
165.79538034727582
54.187907145773366
84.3261862506236
136.7842936651514
160.90868360295877
157.4525160724469
86.16775335819958
109.06217191675267
44.26742854926309
41.495837175777574
65.46064476672673
111.1783083531347
39.755186238196075
167.53030740078157
56.77622734205402
33.3707044657951
40.69245536704922
11.13413983143253
135.32592410405223
113.63341476547393
125.75590530019869
163.87996899158188
53.22597403413364
81.46449339920204
134.19657100655348
158.54686437703398
156.84402216200138
87.76462384378287
105.33357776782654
45.524844518381
43.218932340776476
64.7084899752475
113.73462636451681
40.02316495338477
165.45036477467596
55.71955857666583
32.70893498475662
39.63164762571139
10.298979833932957
134.36828667956036
114.64409257299185
133.01270439957278
165.17529055700575
53.05944634551968
77.43873026495405
137.98697349010567
163.09277526947432
162.50085427651038
88.4857825814104
103.34162637153868
45.43710085165215
43.527506560281
64.07041017241174
113.53306350842624
88.0306559924169
167.58138241729785
55.95248043389697
22.621175710548606
39.05783281021447
10.416161010311553
134.52614562321386
113.59356446197823
128.45618718930717
129.4891963453194
52.74498462702386
