107.49532535584173
105.81034720935304
143.66251033925442
167.90427095450633
98.93366180621436
71.48519289469967
6.830692796253166
27.578724251865413
85.49379328390997
77.68036362953761
93.6399894546028
160.87783977771193
59.49999275115475
41.980996923974416
36.0578316923379
21.340944539087385
131.35009305142862
128.85445990309955
161.0861226832261
163.76184095376206
53.66340079327931
119.39347398240767
117.92458941578514
144.81109357015487
146.72494626065878
97.02249392602516
74.7206742241985
2.39131615236559
29.485331226707906
86.79408276799187
77.23370166059176
88.32518958671766
163.6036770609314
61.36278918318075
46.1106423777618
35.225811994449444
24.752890434679063
131.6921026070228
128.2880366563445
163.47220142076083
156.13076418447486
54.53277829428599
127.82180219891994
106.6448570541254
145.50576826625385
154.40094162726987
101.51067112547805
65.12301457368422
13.411028128205949
35.51570367924926
82.51000910224367
77.53667886507496
102.44690662354057
162.21636967077472
60.381780300496004
50.35196616724937
34.43190740929705
22.703154044784082
128.5437913248708
127.54338514074092
172.6350901306116
152.39741870094988
54.97795662917348
84.66189017607742
138.9134826171089
159.19278944340334
155.5772535617239
87.5189073718691
107.74379353328614
44.29574223183845
41.716117820430625
67.43240139190294
119.80809557205144
94.32415126325621
163.6173532416163
72.27755110472972
47.56593517107008
43.028283968013035
26.49623767979631
137.4311931342314
131.84726706528306
126.53130004662042
159.34814404425958
51.42112903618548
80.1130160451706
135.98419548536663
162.25529699950388
156.05909936374144
88.57015590360818
107.09568023951392
45.78452356743374
42.42686880740323
67.96867923327743
115.83073322161478
96.09314703654276
164.70864557779015
72.43971320254688
47.30125917887813
42.25991558982409
26.61965997175475
135.057287302947
130.650910407331
131.98411420728823
157.26246403174588
52.0626902174874
137.5146976710019
136.90381957133562
170.93064392707467
157.12624949737042
91.40011174224973
102.06217252681313
45.285375935528236
41.47839019507654
67.26221233438763
122.04143297509457
100.37026053308324
163.76206811783302
71.69850423500955
46.128630169474704
41.3772787320428
25.180708468308513
135.10371549659703
131.61604722483676
127.08293216518231
158.89885190676642
51.301788207444694
