112.48766115085726
134.53101786740393
172.7437399726301
154.91586508449666
92.52743261192192
114.24361413263934
40.587583923851184
36.667404519803824
80.45369824019782
124.25848352927635
108.18337598125161
160.02473141036444
60.87471164243502
42.830771980026206
41.07525588459557
26.03270582390775
125.08646816180409
139.8475773889073
136.48389065679424
105.86482280140548
55.5756141765382
113.11393495506623
130.24691393538882
169.32527707267866
158.16280707331063
95.84655925209711
112.40887810008064
41.417150045334644
40.24832769661394
79.98596898068968
127.03261296149932
113.74651504947546
162.9518251548156
61.33742167072295
42.14079872482312
42.839732259882965
25.458770325894836
120.65644481727254
139.87934732600027
146.18838028498521
104.47072880579651
55.06096932594422
108.45010344480389
127.43642562555317
167.39535332401329
159.26760682291456
96.07243968775178
112.37099565707065
41.158225005598275
37.97992609433584
81.22497654873403
126.44303583536957
110.78961362129358
159.61388126176826
58.77591633419925
37.1246475994537
44.740267064066174
25.01151322074011
119.34314069607785
139.7967834598214
147.00344451557282
102.06370757445251
55.45942075770406
123.83244892016715
91.03089112790292
166.40555949008748
164.88760210580725
86.94069317829062
125.56695116966377
14.333233601186738
30.15447988296592
83.11869942308859
96.2482914376206
119.45870097464442
158.5751295645161
57.14431335731884
24.297597903616428
32.6585838969249
23.894178388643123
129.4126611919893
139.73255576347327
158.45564427532688
103.8047399694207
53.76370008851244
136.45380395514843
130.2054430873944
167.46885429699194
158.963084394968
89.28552953339434
117.83880109760953
13.114325385432334
30.856163280146927
78.01832682403455
108.06947466372249
125.5953704015242
159.28499042175903
59.11536592579596
28.99413648800626
35.76922746033175
23.359044932108233
127.41033205750021
139.63788496169389
157.68225695963162
103.82313540112462
53.97443685004143
121.76968218952037
142.1108090585917
166.89742422533183
158.74265823752856
90.73667464910524
119.49928081648439
16.959575150489812
32.44059664710557
77.89298637187929
111.78256476917757
124.80502455638778
160.26741035440406
59.78610974846261
32.79782022418038
38.5686434207187
23.832935040995473
127.38032143069121
139.76523434223296
154.29241351725616
103.85061488428332
54.14574816976173
