126.64758068853563
132.68837258204334
174.94950539582746
172.6599264726127
84.34904930820464
84.87133998873392
44.549251387409434
47.80692563627023
87.16874343471248
118.82586058988659
115.6890224007204
161.19149967220974
70.74453996787213
72.25951944360979
42.83317176763561
33.54948959650521
126.2036919225358
134.5492119689155
171.65710933917254
146.93264414016153
54.58426997893983
123.25795749807072
138.70323385118476
177.57373375290643
174.07880712829748
87.19681333022368
82.4263893280797
45.051378263012296
50.439522258897995
82.69147387213395
117.55526384254755
121.27226853348533
161.42641613775203
69.41289776337945
70.91727064000118
43.76034351302504
30.11400460915488
125.47973906794338
134.33036519442035
170.3618417973486
144.23998131451665
53.291752665082804
126.04037085505377
138.29925254740135
177.0570605226391
174.1597916508759
83.81371482292002
90.73736521602804
44.65528239523856
47.81367056892419
84.3292599926619
115.91395889100743
116.84283086591212
160.2379095683678
67.05056542721813
67.76471891039738
40.86781017380953
29.93025272374399
127.49765356727268
132.9161127245509
166.83547735961508
150.0064119107631
52.99923291422088
118.84881402744206
123.36276563744082
133.96247383165385
157.97203542142805
92.04402390281494
86.27178612632551
20.376438481559624
12.722871273888812
80.44959314619223
69.82778859238746
80.66433320139828
159.21515961873015
60.13499273378166
38.564992254627455
36.47939899302855
19.483100662812685
132.36407662616733
127.27472854717792
164.13330765834215
172.45937976397695
54.378078565575166
114.3854715103985
128.28912863114235
144.200001235204
161.56632073926352
88.43048640649512
86.16145820333107
6.979703013327732
29.0421829641591
80.66686065761043
77.80539069715103
95.22145202911608
160.51314965216292
64.76016758857998
44.01275124697134
36.55201223334572
25.03584981231148
133.75289577495914
126.65182622456703
162.32935867459534
164.68543604452677
54.930992503456444
125.4307062125166
117.02456878498384
138.5895689823121
155.41368365074652
91.42112501168226
82.52783520549865
7.605183316357288
34.10402112658263
83.2812482113001
80.32346321006797
96.79228155718178
161.40857479036956
62.75529047039463
49.37285197937811
33.76708380425256
26.28271755175389
130.2715342509165
128.00187720571304
170.9970048839967
160.7080707152025
55.75723644987124
