84.66189017607742
138.9134826171089
159.19278944340334
155.5772535617239
87.5189073718691
107.74379353328614
44.29574223183845
41.716117820430625
67.43240139190294
119.80809557205144
94.32415126325621
163.6173532416163
72.27755110472972
47.56593517107008
43.028283968013035
26.49623767979631
137.4311931342314
131.84726706528306
126.53130004662042
159.34814404425958
51.42112903618548
80.1130160451706
135.98419548536663
162.25529699950388
156.05909936374144
88.57015590360818
107.09568023951392
45.78452356743374
42.42686880740323
67.96867923327743
115.83073322161478
96.09314703654276
164.70864557779015
72.43971320254688
47.30125917887813
42.25991558982409
26.61965997175475
135.057287302947
130.650910407331
131.98411420728823
157.26246403174588
52.0626902174874
137.5146976710019
136.90381957133562
170.93064392707467
157.12624949737042
91.40011174224973
102.06217252681313
45.285375935528236
41.47839019507654
67.26221233438763
122.04143297509457
100.37026053308324
163.76206811783302
71.69850423500955
46.128630169474704
41.3772787320428
25.180708468308513
135.10371549659703
131.61604722483676
127.08293216518231
158.89885190676642
51.301788207444694
142.25824358020014
81.14367417437555
167.85858069124743
158.15409836965588
91.15825140429209
105.41379169830822
8.450605866938849
31.03351052982047
73.96390088209098
94.21885141069795
84.37866175882871
164.19717757890348
71.27540907896187
42.38699722930686
39.846219748859646
25.358720268921438
133.83866518816023
124.13477852463713
146.30082315941348
165.6521778090423
56.843544980034224
99.34102901006877
85.2677798258435
157.84662030713386
161.76790728195286
90.91708911664573
106.58241874319474
9.801618073827086
33.2501227723141
71.22452857307921
92.68736613210343
88.66327092765414
165.38022198315588
71.41949195257216
43.06832459846249
40.384771544954845
23.949224405071266
134.24012570177055
125.070016184553
137.95102731194964
165.60092941259265
55.428858945449534
96.67031184963193
129.0407658427065
158.51670213549102
158.31616264642173
91.0841141820401
105.63891253541092
16.26408675937132
35.419227693301686
70.76918366759244
93.84901439668981
84.06441884274614
165.43458336952943
68.23153121253824
44.50127106226071
40.85039448492882
23.005183635347734
129.0530412652815
126.06580957322554
148.7636962101267
164.8692386742524
55.07995348465982
