130.58481733920883
129.0612525115258
171.87185432714483
165.02990413218473
83.68204897254117
98.8092270215168
47.894211437282415
54.33560301562672
75.8690286182389
113.57966856092666
124.62942239916278
159.85408326079806
70.88856437235931
65.88883064952076
43.61461159786983
28.460554179858683
133.9626572293324
131.2781409882179
166.89163031145242
152.40229388544938
53.403134628026706
134.13823327539686
130.7253909360027
168.58379377825844
167.1356203187423
77.45290134946737
101.74836405901775
47.86123367508668
52.26373917907244
76.90800945818708
119.90593846184747
126.27110485028705
158.91730846791273
70.89072974394135
68.52697503896546
43.582779387970405
29.24950895014768
131.63808057207825
133.09054692843773
164.99043285938328
147.6767492008885
53.44750747557689
142.29582877143218
56.15006604012288
171.41531624832248
137.8026754896182
76.27417922557956
104.72790171291406
45.97402829640976
19.823282857260796
77.11616052940285
120.81032019935358
122.66605219574728
161.07934236798903
70.70346975397955
69.60423459188412
46.18678396302355
28.955733047683157
134.87943767051743
134.05556085509392
162.9370207864878
148.45299730986477
52.94246766520606
82.90160772847076
109.87841656882607
145.9678955157322
144.92962705948142
95.8289329527008
73.56139852088046
11.985139107618393
26.632491593563525
69.13042363920094
82.24445323296713
86.08760451075388
157.1419713080185
61.38572578654006
40.22940439304031
40.00862028637514
13.951283038518428
133.55305159889784
122.10170247181699
156.08606341653206
165.6078235657175
54.538509038670696
115.51987868886073
97.97664438088232
138.76876983730438
155.1299032137705
89.13623855030212
80.65628254564986
12.147465751142574
38.146892642667275
81.91001741299286
86.60206755141519
93.20661927202457
160.9187887839445
65.0313767285343
44.290008421872926
37.30033742176998
26.691469932766385
135.74715247233055
132.7940537995159
157.12255578122625
167.0998617757469
53.544570748066235
130.82688945082523
130.12526845104486
145.7712020896839
165.21183294200438
84.11244810918149
101.98302074433718
17.091646674962806
40.73529752233051
75.7209967176025
89.3884635014052
104.03589375025138
159.7780740097501
65.08133001050852
48.23780152168747
36.94643413705102
24.29522708656089
132.88397040177134
130.57750488337214
165.5109584604903
163.30422020328277
54.23869831346249
