103.09852718598695
134.43226448787001
159.89307444981634
154.0978941528729
92.30740663324619
97.4311440112381
10.917066960968866
27.359116722822527
72.00200742713925
80.5067950351029
94.37681963450254
167.46791444096706
65.48263294311313
40.42838531317078
36.54733283198834
20.938770897079465
131.76654733831379
121.64516240898465
160.49266996599675
162.65482526963777
54.54957629325164
101.3562003355586
84.53868662691687
158.474165724489
162.05354525197407
91.06319169078293
103.37385016373989
9.730046702766565
31.082024023627305
70.8041965172546
88.24698322545868
88.94520294356641
166.4646301624486
68.2659965227148
42.273392346533704
38.15488300267068
22.05345057439547
132.09456506086624
121.84854851773737
156.4427309873681
160.23254017666437
55.644404823356716
141.1737105369102
88.78160185534915
167.8224708001565
163.21867744720765
88.57470453815893
108.87064524192745
12.41342023908062
34.525032910677595
63.20783689788133
98.70788890776548
101.8660987336405
165.91700197807407
69.0274091368064
31.14762046790521
38.264752809683635
18.1100750603543
131.9003777581587
118.07768054524671
150.18440983605026
150.40872189031217
56.544228657163224
144.34731328594916
71.14968020493724
142.5259775393108
141.66804791270303
110.09986719478714
59.72531926399899
48.69976088864387
43.147916490997666
81.7593077043193
101.3064130314971
106.77077173685825
163.97787341706893
62.314078841209906
52.624041078003636
36.780602072526456
19.771509594685604
124.93493989722474
117.25426396250266
164.90210535486744
149.75090049523698
57.23661517485607
146.61426077544968
70.45693510919486
150.19004380540795
141.13514954341275
114.2599440769508
63.48919664681382
52.617810754412815
58.51124209475666
77.94399487644921
104.6487798743216
112.7931396014128
165.3059258142554
64.3928889535517
55.01616760699164
38.56886757110185
19.28787225693067
123.5042969667872
116.03586873443862
163.09660785376593
150.9000481609068
56.718093115696426
147.8094377830789
68.18156125574916
148.1758018263768
143.25599391735634
115.76953753429673
63.9815107649301
52.4112015851176
58.41590194925942
73.99430616936199
102.89651047025164
115.78885345339654
165.1352907012182
63.64248156162916
56.73905201930521
36.66920103035241
19.809286179607696
125.45519194676879
116.56974847801217
160.22166771550044
147.30080956002158
55.97775409106948
