142.47053895238056
125.04030104374077
177.69564898960658
130.3404476060374
81.38724838987967
109.00439580805529
44.13175507549754
21.304403082647344
72.50545183269055
112.42539053104736
119.97075174733958
163.59187567526746
67.93148480363115
61.36598949934287
36.73172894635114
28.27110144776868
132.57198261231503
130.22600361208285
167.49552884722553
152.8184536327234
53.22306693888591
143.6273020237098
131.89769758299926
172.84080672811098
170.23748040326527
79.94033300922756
105.53076052208878
47.974405101631206
52.589434181194314
75.74992659341827
110.45963509409533
123.91194637786509
161.29981796247878
67.21951263193573
63.22841814787783
37.6125858733989
29.181535125889273
130.68231240470877
132.42151252628554
170.69116550236302
149.99307490477474
52.076255166743564
141.4345126641545
143.1498443516969
177.38781294031386
120.92924706960883
80.17115696690617
109.72270952082619
44.48007904610545
19.487061819941264
77.54353569136647
110.49972385099571
125.07811131970114
163.69515810198385
67.0670083271787
64.40755243530292
36.51594540811308
29.842106237495386
131.6851982674243
129.91451763704825
166.5083745809401
147.7540159327116
53.14472557298951
104.43478177435146
112.63596969631897
143.76429262970336
142.1963264262171
93.75640853781995
73.61752458856587
9.102870050248336
30.460701809839605
61.82009629502214
79.1597633322871
104.48431466002373
162.72506975285782
53.98137793865398
32.39632057106723
34.026532152363885
7.231897815582738
130.61124171641436
110.86361257435806
162.12116350458936
167.12029991484334
54.40358428744565
111.95867125392745
120.13855726896806
139.11129972062992
142.60691299028096
96.2653470151425
75.19573873645683
1.5473938866329788
32.83605570165612
75.65057278217522
78.1625685062566
98.0251866332527
163.21801225042088
54.22603399323048
40.757028992154844
32.18679777310081
15.599161741956227
129.07642832038616
120.91960283117068
166.99557652114825
162.57236080269715
53.22257270422418
109.57749356665124
119.20494596552027
143.80390296600928
161.0569569599092
96.51108500746268
72.73750005143191
16.156057756849343
39.514238439180765
82.05021237926823
83.69127847908943
85.9080448070338
163.18325068008747
60.13233644591967
42.39661090273015
33.06093449699052
23.630204671567842
128.30911676443208
128.35948135145068
166.54253011723657
169.55620149889506
53.88869367389153
