105.63594480822312
125.7627554178104
167.53716942154966
155.91230002823056
102.55421389564913
98.79734076349423
39.63642003695357
38.9497632979833
59.455153337101606
125.35967922312888
116.22065220773335
162.53853905290632
65.24318413914133
19.43024982965815
37.43010106981747
20.190616834552205
121.9211392675469
131.53779261793753
147.12037931296607
103.2525402084674
55.30890944690048
106.46988698086138
121.76445039060185
169.99665923983184
158.73051986392113
101.83864290537771
97.67445804872008
39.587829178749374
37.499764624505126
59.32247055324219
123.65356242664035
114.99141093272715
163.1924586470672
66.07538986317496
20.273402234476038
36.596690226293006
20.100588911106392
123.2394577233733
131.24720858104686
146.60880666090452
111.66202622943776
55.63469534334427
109.90158904210581
121.02212709560156
167.03271262721856
158.73506485329239
97.77949547528107
102.60548949121433
38.77262492565997
35.90411662226704
33.9845139016809
122.9327519741774
102.06570445218264
163.65264154785632
42.811527379298155
7.2712189371268865
35.77599776911106
40.420621432925756
125.19509104051093
87.71764205675117
147.68781342471755
178.54394376118177
55.50451506765384
115.32758093434002
95.85465779495837
165.41749097561126
147.04690920895104
87.19105912526668
102.93055324086653
11.838805589732212
6.595756413704582
63.221186281245195
96.79087048090962
96.84929527915995
160.69811678831334
63.148973407314045
32.894256036914165
35.292868637206816
19.92927312108121
128.60430164013394
131.9943109512601
161.2585599967688
159.71404108020246
54.45172722564384
109.67902596291837
75.31187328966529
162.94861811119742
167.4866356359695
86.2463499276606
107.04412948248915
10.397103058744856
17.850877058726194
59.29926280097889
104.90546213335492
108.95384400904342
161.60794572452278
64.56024608488535
34.90204784106938
36.21919185151073
18.96937668368919
127.02267862820122
131.58209024374128
156.84758370154464
159.59625397469395
54.86536933933279
112.63984554369604
123.78739903732676
162.04521943636385
158.87395979509787
89.24296380339011
110.86745187938318
13.804633485693756
33.156922457154366
59.534385446694984
109.64657521977061
101.98005407980963
161.16548038100797
64.96491757827273
36.74420739278688
37.181712088028696
19.633672908432253
127.26759151881963
131.91490353557282
150.95380709723193
159.33455768047637
55.064804253599235
