127.57655305791285
136.41805974607516
169.01388303810347
163.49960107720653
77.89505785309187
100.28842140860183
45.79688617458688
51.72353013216684
79.33368805582374
112.95496978812025
123.63786893973749
161.5466779753493
66.32023022517109
62.29145768218264
37.159408425912694
28.444149748005625
124.77875564299306
130.53947408705383
174.54588238518147
146.1533941890451
54.791982419156405
132.14553851564722
124.43641257803638
171.93923962824712
170.72889891344772
76.87990491192664
107.26729486396523
47.971029071576424
51.95391451248146
78.15862129822116
113.39448192361557
125.40741052484958
162.04856377449536
66.66895633390081
63.27963590037112
35.55176599773287
30.506342991238
125.03095600457506
132.9035237633527
174.25779261987927
150.50864131042803
53.88740202892318
130.10962963849818
56.784359290350075
176.81685413406723
140.3148661962173
73.87087182813744
112.12173854371942
44.112003181526276
20.620594463133877
79.76447484594986
109.3780655241115
122.56953533513564
162.8571730783373
64.60274209501108
61.84765486803263
35.28374155795756
28.309294486192
126.82436207105623
129.96572187612733
172.62689280455638
147.6136232390461
54.44445738598126
106.19955705214063
116.39392112145474
142.44639028004994
161.76106873283888
94.0487528967677
78.23311259299784
10.974244415545952
30.546428879408147
76.80956752703315
81.32353845744417
92.27144135980829
163.08711028969364
57.73400858689706
38.75779489653274
32.71951859438265
17.531462267712403
126.24049329316342
122.06575540200089
164.43352847061072
173.7742853362913
56.606731594400465
112.8121557604905
116.13113322322744
136.97393415503709
145.88687598826039
94.11221097675639
81.07142205210177
5.683938358143409
33.68261870633142
82.72695087379049
82.25469085383124
87.02340442110176
161.88113547517304
58.12173056035414
42.1555633890508
32.09366435728632
22.160694782677826
126.30833309656991
126.63490186238336
165.73197106368426
170.27873328066462
55.60298416085392
124.32127247761105
161.4260356520153
136.79969517732238
169.2624045007065
90.67923596423945
81.43308292211265
8.640540203326184
40.65274306177547
82.57108369492691
84.27666538717419
101.46002100868813
164.0166877143866
61.23323534962213
46.22863421907084
32.47129943922893
24.403411729142515
126.56729246093442
126.2552066060546
168.02223709875335
165.90074986869467
56.189911920881805
