88.69714110851734
141.85783115294836
159.1800764813633
164.40553015409694
90.86261257823203
113.68428563112681
41.17667470404949
44.69245718510713
64.19120427844757
112.56004058046236
92.3052979549292
164.8067705935555
71.80249619838197
35.41033505539401
45.375769683139524
19.992704990239158
137.6657452405273
123.15440023362845
135.38537623745583
135.5173967435159
53.74354983182587
85.33241950788201
124.4368122371663
156.96138629538643
152.72777917167133
90.43474567929856
106.03653016582074
47.425642203630105
46.103047681924885
63.2258604398801
114.96810959594349
91.4125805857153
165.47568561989016
71.33068633029845
35.90969586467953
42.93253093414342
19.626788893617547
134.16049688895748
124.37487040369982
129.8234633037325
135.51897192803693
54.05859308385998
81.13231296963205
127.97507564502753
161.07724140090104
162.20152463122974
91.76711893108622
108.94809056402107
47.597822114038514
48.02969408847193
60.58148305853888
114.31419199876221
92.67263767028577
163.66381626246164
69.3481967713802
34.14082831638513
42.06025335251526
18.165704813567586
130.15688596548216
124.89847881114544
136.40503229986396
135.52363789841837
53.59907054025615
106.9357643295085
69.12803786986333
157.556986083619
144.78368055700471
93.46662316867283
100.61536557232071
15.681973776312894
29.542616745113293
69.62617240381827
86.28633325388734
108.7278253479232
163.79153931101453
71.56012900674607
41.702332283932
39.93859560386456
23.737491062290893
135.6243171203717
125.7701909526349
147.63174909592524
156.47303124442917
55.120404474239585
103.94088328601725
83.25286873271105
158.27053201222847
160.6831452056121
86.5515278744271
110.39438000416338
11.688879796966573
31.757481150606488
71.12249910292964
91.5967083208828
106.142586060868
166.71950763568267
73.92667691844171
32.185285444399504
39.563989093055575
26.18780232159
135.76050976864883
123.60902767862487
143.28864111164768
131.8989409086046
56.47509042854031
101.70686563298763
88.46934761915674
156.37985672835475
161.7864185350301
87.12549772243496
110.81022199524848
12.982390286372118
36.776798709777125
70.3923794445162
95.44735444804951
106.43298466074543
164.42837313425542
73.49460194965746
33.50233811441052
42.57410415657283
23.660155684307025
137.9088604144824
122.35650495732862
140.29841368363452
136.39129055746542
56.41156259344329
