111.16448768555757
140.6976585535864
163.9185367345696
162.43387543282194
90.11797978340837
97.1531620167716
39.15946465122977
39.495287473079486
31.706459846270477
119.21662781669363
112.2032087356902
159.11323309922528
38.58767917289989
32.40233171106074
39.4134880376021
25.35852445953734
120.31617337875524
86.8382520460914
150.47617409593437
177.42650184866096
56.380387840543094
108.59353427498392
130.57215152750467
169.63109597872514
158.24387302913445
90.28902772327208
105.72624483189756
40.85015303330369
38.82914522456222
35.814015104834375
118.31582140169503
106.82594841170537
160.9243541015381
38.23898318561025
31.967214010232045
41.69048909951877
24.485994790333855
118.7319929877406
86.96369866936179
156.2986045097455
179.1235254516396
56.39333036611804
109.65191186388863
125.95743035930222
170.17681337134948
158.75941865414143
92.08319427301231
106.65522412798765
40.16117524152694
39.15356070023848
36.694584944266175
119.42742580798678
109.55013013411225
161.18091484758793
38.3369609308543
32.887467508416535
39.48716051381249
25.372327733905692
118.53003355726665
86.7004019963324
152.37192175884482
176.6999952531284
55.81893026386805
119.37253242481655
96.21411468401897
163.3697712757856
135.9612688751255
86.31784032417502
122.39340064311834
12.058647257105418
30.38635441195638
68.81539505885964
94.82538230342459
138.22791457629148
160.81823434245976
59.62299353212183
14.021888261667916
33.36274108252873
21.24598413720662
126.88640078152585
129.8899169827385
162.67748590597975
99.07181047641951
54.89343323820987
117.68317435847872
91.56954745182254
161.58788290764357
134.4443061477063
87.43799461456274
114.73043233561158
9.02084140858056
34.806894044109065
69.96785982370523
99.92929717392697
132.6778564466027
159.65389468194118
61.33844372828134
18.14793182804964
35.647269280497945
21.399860150567996
125.69194676204063
130.1242209682027
161.07260926027618
106.35803560525086
55.325110258410405
119.39283264101105
134.69595597227385
161.18611742581916
153.95671799531237
90.6574737453017
107.67094432908293
14.05162009808091
34.697112595940354
69.17497431350121
106.97600465114051
131.6182911138506
155.50145459978555
61.644987085494755
23.323689090539723
36.93556234838324
20.205802114823726
122.55621415394714
130.2690407819184
159.10446709022136
105.35552438020109
55.783334543675856
