119.64504954529437
97.41399949806622
165.39685264930606
133.52465195268044
75.32237402328387
126.46106424539596
12.991534308371932
33.326689522893936
67.4229934337869
107.54203430946222
149.28913433570406
161.67567706486238
60.126163496354344
21.262437789078966
31.441592586566763
22.431889599472125
126.68121902864829
127.0547516940244
160.58564628870442
118.69154063677827
54.70269204964809
119.31756511851933
125.26431430288514
162.8058407734469
154.98932671122384
91.57728314793653
97.88287280782325
11.914741480681945
30.86553598249192
64.74391429885111
109.32733747363733
132.61453655498983
157.33658365193034
61.29057893863747
23.18231791715376
37.73400204481437
16.946053819084817
127.36395434738866
127.9483485766056
155.50716313757724
111.07640246223201
54.83376577910266
119.45953614723706
135.89611487968642
162.33392419834155
154.17150084796853
92.8350633261035
98.96425454964651
15.147854004238972
34.39821795608175
30.022441597951225
111.77776720790179
111.76042631654568
159.73325545484326
38.895467170650946
25.20505372085058
39.91591836404571
22.524259133917205
123.94816144118289
89.72358777919986
152.35249987568346
176.4052698189453
55.46466676759311
129.4893242414021
133.0006825332704
175.69103154381438
164.33515719808443
81.66078010678208
92.39740686435952
41.414386262678406
48.425339346373484
76.43078297103821
111.7760463660617
118.56928706173038
160.60098297804947
70.20682780730696
65.19476534956554
40.219446450562124
28.49669105070928
130.25650457110962
129.94353748353305
167.86424139589087
148.31174790671776
54.542255812049206
133.83152771741894
140.27999484962197
169.77665779254284
159.80136332017221
80.70035359199332
84.83926464340695
46.00191021609076
51.16030529017605
77.5295399299965
116.36690969587755
122.50398086344012
162.1370064593127
71.75572849532391
68.2681174935641
42.73203718467632
28.71018412871963
133.7918654178513
130.52099503286263
165.16576728301334
147.7445554333877
54.578738483401054
133.8350297647562
139.31797508240743
173.6649584076519
129.78524100909144
79.02276865791237
106.01874505753754
45.05639003917516
20.78019596085205
76.99030015248313
117.61876387673449
123.73031795908662
160.5528048732477
70.69375006449215
67.34377064937632
41.854086639706814
28.03309333069229
130.82253814788422
129.96479547447058
165.70972444370065
144.71318560024434
55.0360668964983
