103.69891069318835
66.59327748878962
153.79297668569168
172.2143210132775
79.22445777564948
106.46162225598516
32.43612964803469
22.43737772998154
62.20717743197849
114.30080207432462
101.9147074692166
166.4672529946259
57.7143879572504
23.96487029392003
23.116458935610936
26.29629390026432
124.36951419012057
126.67603881563095
166.9905998308166
143.82108070908254
55.892162642688504
142.9754984697933
64.2904249236144
117.42845031470246
127.74584747374796
66.30815856304135
107.38904140438788
22.91740417573361
29.960826151131464
60.3626139599783
111.20674086143525
114.68266135665593
162.55347685225564
57.390066825719146
22.597361086510652
20.949866508555377
24.443068668735332
121.98693351043401
126.24171885883737
172.5899991790753
143.6293439969288
56.96127599348205
116.24244770709512
49.25264971319
120.24955824306802
131.2387147805914
63.669425748816195
104.41452858816918
21.196256314435708
30.78682629934323
61.03861237771297
108.27795876486208
108.22215155395038
164.60705894393064
56.62228023702056
23.134731275738215
20.872316784541788
25.461572567488986
124.14959066190508
126.38484513780112
173.46612242471517
144.44582761189574
56.14730218587275
111.16448768555757
140.6976585535864
163.9185367345696
162.43387543282194
90.11797978340837
97.1531620167716
39.15946465122977
39.495287473079486
31.706459846270477
119.21662781669363
112.2032087356902
159.11323309922528
38.58767917289989
32.40233171106074
39.4134880376021
25.35852445953734
120.31617337875524
86.8382520460914
150.47617409593437
177.42650184866096
56.380387840543094
108.59353427498392
130.57215152750467
169.63109597872514
158.24387302913445
90.28902772327208
105.72624483189756
40.85015303330369
38.82914522456222
35.814015104834375
118.31582140169503
106.82594841170537
160.9243541015381
38.23898318561025
31.967214010232045
41.69048909951877
24.485994790333855
118.7319929877406
86.96369866936179
156.2986045097455
179.1235254516396
56.39333036611804
109.65191186388863
125.95743035930222
170.17681337134948
158.75941865414143
92.08319427301231
106.65522412798765
40.16117524152694
39.15356070023848
36.694584944266175
119.42742580798678
109.55013013411225
161.18091484758793
38.3369609308543
32.887467508416535
39.48716051381249
25.372327733905692
118.53003355726665
86.7004019963324
152.37192175884482
176.6999952531284
55.81893026386805
