120.30192641605734
136.8501675390315
164.93586233527404
157.89778086497193
94.36079090324978
105.2060232101217
36.374738659329886
37.24119724103769
56.585894341317434
118.98499939100887
127.83027187704944
161.5534292138083
54.630898918223274
27.284903423795328
37.08520657544289
25.35858882849698
117.64265600884904
132.12490927746015
163.79649987289048
109.89363183305727
44.247814706811546
118.19637021690197
133.86893535585813
167.29557211506952
160.4281237257224
87.28080374972329
122.16670426136633
36.962125092036395
37.22691669087773
56.87006481683961
122.40594488812827
126.04218409358566
162.71816137432998
55.0537588491226
27.91431940321765
37.63736462969221
26.457002596812668
119.7807680978786
132.4324966277552
161.26542773278987
109.69960290549301
43.563895885571185
118.35159961752571
125.91511357546595
168.56294711417462
157.53016036739658
91.21570608892785
109.33810401832105
36.871875393192255
37.43321368116778
57.1471997486043
126.87531023541588
130.1321300742999
162.44380669284868
55.72602403119494
28.245432295902678
37.353978077235624
26.138528682682487
119.0482809082229
131.84976713195618
160.56951963185432
110.72132295832648
43.49075199042182
124.35529084453022
130.7365972231345
163.12872469427128
126.14759929133477
84.01528217905586
115.00127456031285
11.16523082322109
16.700244709602895
57.83426946878379
93.99512719812826
134.3200023858361
159.42896528079746
55.39861889600831
14.64987693266028
31.313952992844058
22.99294415073514
120.36982048364453
131.7005642506094
170.85903830163056
108.84582762387312
45.604429522484665
123.28694855531559
119.44411210308074
169.72824850743345
153.39535590542351
104.24638184590462
95.97774236621392
8.080349067839778
14.495271241196367
63.94748410833897
97.59908462592463
131.56980468630556
161.6327360819332
55.274959019356785
19.597279802417972
32.8003065725095
22.790111684203282
120.5803457518272
131.92815924542063
169.48053171410976
108.43741128310116
45.10851537367181
116.61767699302524
119.12833580742505
165.43934979046963
164.76572792137355
97.5413089362911
95.46102946236408
12.606052598305155
27.051683072740758
61.96490840892638
97.27481265204727
133.68796194287796
159.40267608239577
54.78568410514478
23.646417493878747
33.860838615838205
23.807204502972972
120.35846147843424
132.31983845622747
166.16445473267385
107.55925546835846
44.91679549150512
