103.58038267984811
60.34847686852149
159.61006500963484
141.50333893820007
92.74695208220919
100.8610380421664
20.591101910933737
28.53446748121497
71.32372354548413
87.12708949873043
84.64622474107755
162.30095976450716
63.63583904685421
37.559150455682165
37.88973753344214
18.884018829125058
135.16261892158738
119.28306823367457
151.22883028585454
172.00513487072502
56.01067367122732
102.98273750554542
86.40710779353519
157.76513406256794
159.0536543830307
89.91778805506948
106.74641249948222
8.988226796006142
32.30015670967647
68.89761367689876
90.54286455770267
78.03338104839543
164.61331442152618
63.90903366422738
37.63431120381579
38.048534615128986
18.86343703510142
133.4213951986107
119.22722077930388
148.5683680262418
171.7120308641143
55.29129234097151
100.46452650954902
89.50353771743309
154.09341515924953
163.34524813850598
87.17358610210957
109.41586227275324
12.515331872879573
37.246435672101605
69.63460302995347
96.56125894725021
73.95137921701587
162.68950056076008
64.25730747193305
39.995290172799116
39.15480770922559
18.00395070857139
133.99510761849857
118.58495538107144
142.47957518275882
172.7060560494644
56.71989017823316
137.68337478860266
123.35966486314626
166.92625877986418
156.18867439582945
90.41440560132719
82.67376011958243
50.54100971096923
65.7504814899598
74.27937808589976
105.41682502187547
116.03799510049987
167.14557009726792
68.21966823581997
58.105573270367884
37.10778789465976
23.828307184706315
127.15779935128883
117.51171572746736
163.8999683552942
149.34464536729325
57.382828523187335
125.71352645689242
77.54265894031965
168.8626806460197
153.5364877700323
90.0222885195121
84.90084426207717
53.264638917208785
66.76018952732638
73.93676285059797
106.37218501001554
114.61148595651558
167.07402598033454
69.92362513123331
59.125079190955304
38.730471900693345
24.098828065034105
129.21044944057658
118.59576954627929
163.93570340500384
144.84924572525267
57.576180755224364
137.00493182794597
98.87128339612752
152.08224018162142
158.79931324264064
94.09202622046638
83.62038125002964
50.58192506856617
49.08758707491579
75.06467876414533
100.94304725200381
117.70595688206576
166.24978360426962
70.14497937306112
59.55033378919413
38.77524561556827
25.364409583507904
126.69122833873458
118.06104919821955
165.56836695629315
146.10466432756658
57.54379430456863
