116.33459545970143
129.20106533568247
165.21859678465617
167.25681737525227
89.85551492865727
103.5528487279665
35.71083083137218
37.954768923752425
30.170362153624584
122.97048261418611
110.88974793802011
159.04307722069169
38.2750895003937
32.471487922447714
40.87325248790644
24.184719865453992
122.42421383268139
87.57469213512182
144.93511630051927
178.45128319229045
55.11662342629479
112.84546597127553
128.72658688710806
166.96725752578047
159.6763779421356
89.47225867232873
103.07587541132565
38.665356869316035
37.80993671559371
29.750387671070953
125.32045259589982
109.95687094804562
159.60381803806268
38.19336834997649
31.068658091163442
39.885202690954316
24.698801724016384
124.53973783045772
86.90075079838174
140.79334005968227
178.45535346097003
55.25687611791132
111.49165368726617
126.29681937855598
167.111675322177
159.61149649674545
89.84724721258908
108.30404992076862
38.306591361248906
38.686400388342626
29.948376120780498
127.13295209032627
111.06020108938131
157.7906892600804
37.73586665595343
29.80814032852777
37.56602592368538
24.390681020679736
124.71210554334213
86.77619921897359
135.88289545917897
178.3801003627438
56.002848321059496
119.64504954529437
97.41399949806622
165.39685264930606
133.52465195268044
75.32237402328387
126.46106424539596
12.991534308371932
33.326689522893936
67.4229934337869
107.54203430946222
149.28913433570406
161.67567706486238
60.126163496354344
21.262437789078966
31.441592586566763
22.431889599472125
126.68121902864829
127.0547516940244
160.58564628870442
118.69154063677827
54.70269204964809
119.31756511851933
125.26431430288514
162.8058407734469
154.98932671122384
91.57728314793653
97.88287280782325
11.914741480681945
30.86553598249192
64.74391429885111
109.32733747363733
132.61453655498983
157.33658365193034
61.29057893863747
23.18231791715376
37.73400204481437
16.946053819084817
127.36395434738866
127.9483485766056
155.50716313757724
111.07640246223201
54.83376577910266
119.45953614723706
135.89611487968642
162.33392419834155
154.17150084796853
92.8350633261035
98.96425454964651
15.147854004238972
34.39821795608175
30.022441597951225
111.77776720790179
111.76042631654568
159.73325545484326
38.895467170650946
25.20505372085058
39.91591836404571
22.524259133917205
123.94816144118289
89.72358777919986
152.35249987568346
176.4052698189453
55.46466676759311
