116.09278575002533
92.29833707228256
130.39604352270362
162.456660248168
80.8135848644618
108.78476717840752
2.4392833621405816
35.341532846242636
33.14590280958171
88.52589812602447
104.08158862321591
162.76975979669817
25.812901314814596
4.552300796556345
25.18936453001468
18.056044050316245
123.54087795489875
96.83515095273466
174.513495247665
179.69426302447908
44.57436044918779
98.82447687001209
101.21744971858767
134.9575918582022
165.19042979725626
80.82093250117728
102.51106220967061
3.416086624043346
31.882731700973984
61.519404945043824
90.12144676655453
118.9395312474301
160.04076199601298
46.53697194967674
9.598355165624207
25.07688721391342
12.804375813729047
123.86431377985761
127.05009727462915
174.80874595980632
127.85867683204378
44.65679609206398
109.61823506579798
105.22154659173815
149.5021079233551
154.91488552472345
71.03035567418951
112.60510266601177
4.15482503091411
27.50743617003212
31.076905479958853
94.43010374704072
112.09941065056121
160.43628758390216
25.81044849020968
15.591038725427158
24.438118900513533
20.05068532867114
124.21959215554187
95.55254518644998
145.7080718659977
179.46221524760014
44.23727360954978
120.30192641605734
136.8501675390315
164.93586233527404
157.89778086497193
94.36079090324978
105.2060232101217
36.374738659329886
37.24119724103769
56.585894341317434
118.98499939100887
127.83027187704944
161.5534292138083
54.630898918223274
27.284903423795328
37.08520657544289
25.35858882849698
117.64265600884904
132.12490927746015
163.79649987289048
109.89363183305727
44.247814706811546
118.19637021690197
133.86893535585813
167.29557211506952
160.4281237257224
87.28080374972329
122.16670426136633
36.962125092036395
37.22691669087773
56.87006481683961
122.40594488812827
126.04218409358566
162.71816137432998
55.0537588491226
27.91431940321765
37.63736462969221
26.457002596812668
119.7807680978786
132.4324966277552
161.26542773278987
109.69960290549301
43.563895885571185
118.35159961752571
125.91511357546595
168.56294711417462
157.53016036739658
91.21570608892785
109.33810401832105
36.871875393192255
37.43321368116778
57.1471997486043
126.87531023541588
130.1321300742999
162.44380669284868
55.72602403119494
28.245432295902678
37.353978077235624
26.138528682682487
119.0482809082229
131.84976713195618
160.56951963185432
110.72132295832648
43.49075199042182
