91.89494300489984
106.27275476021477
142.57502340690394
163.5894957948548
94.47068758750426
84.80595126507917
17.835889990481668
20.345194256508293
75.25407433816801
79.19893828237603
71.80104768889858
160.43479407871914
58.141480141326085
34.06380577349495
33.889484048600266
17.70308720070029
128.08064445653937
122.89568085602421
161.16586373115666
167.8473923063901
53.76495855131204
111.44660217652228
124.4171352982493
140.17919399909877
158.74655967468652
93.82093879682093
76.6392184456232
7.510072023230712
31.34491286584215
80.61995558079978
80.8802344993066
91.79485276405153
162.05040264449204
55.91661225133326
40.06767618619813
30.740987845261134
19.287026319705852
127.03252815701825
122.27996263780747
170.45037913816077
175.04365230493002
56.208539906288024
126.69527925683309
107.6740910093788
138.0224549354503
155.08424004417415
97.37496450406329
68.70836875450925
10.155464372222957
35.154760833570684
82.71265550419292
78.70016641940268
94.79740981768109
159.6334900967745
60.949045823485584
44.85728690660778
37.25297852158255
20.856408426259684
130.16579756250388
128.00373484646687
167.76643092088776
169.2523519011707
54.57038517784899
88.30896766172835
141.45019209508018
157.331967800162
162.80151225358233
87.4443668232639
111.33165050904823
40.70776532137754
43.69250507964361
62.51069771389311
111.11345614867518
71.32195589641142
163.3209532435177
61.87563314749538
41.640418352665584
41.739627204865656
15.089084034482324
133.95993741163593
119.95588316537795
139.29032305120714
173.55010318484207
54.23580228151594
84.80414745713087
134.2389150452123
159.07954428762497
158.69312849282443
87.2669483338541
113.21122518268137
45.372309620945636
44.28257049765916
62.747431935583414
112.9866839716018
66.3657354143429
164.40872782142085
61.050664774101485
41.73798229974439
40.53780674996621
15.297085342309941
134.6518225369384
121.57845053018816
128.35654922737845
173.54364916483067
53.34677212194168
80.38453492091274
132.3688806999787
163.14458930721048
161.37730454189798
87.0734786704714
110.59498850622201
45.23568369588723
43.49553047234875
60.84357637669548
113.86043999581744
68.80478430338579
164.82824511826573
59.29138310594769
39.80629038716383
38.58752464497675
14.072285846453822
132.40753478034813
121.25530139648234
133.81273200711232
173.5379480010419
52.074179615054724
