137.2393229427287
134.28708888650894
175.22978010397176
162.89928141463866
80.48823792145186
96.27703868155474
47.4663879492855
55.323871918697236
80.08909263190064
116.5712360153545
121.53046769652966
161.799411798304
67.63014269195816
66.58920883143709
38.968798322279554
27.971996895055856
125.6139598578128
130.38163204622384
172.52046741948544
147.7240936204071
55.79824322918712
131.83772781638396
123.18645303753593
173.79344888044116
162.2999058601005
79.60339765885226
98.8170550295083
48.73621880913605
55.49836381392734
79.52777022659055
118.29514270942758
124.08336951550586
158.95046804802638
67.98429029034753
67.25854568526692
39.59566150910816
28.683778590034386
125.61417260334721
130.9290392834613
172.12128606028557
148.8473890343006
55.58385086401455
122.63342343991013
55.60945471050463
176.07252148261492
140.30072191396496
79.00777460856536
107.55286392878149
44.50147598962756
21.25690398026451
82.55225777142691
116.55861830553495
117.89541397351087
161.06676390964756
65.40007215553855
64.61770836003618
36.82724069298437
29.108895861805003
127.90130238671696
130.6704020277198
167.44181486655907
150.28678330297663
55.118671790681944
96.03256486355906
127.6590503213712
141.08740558372855
177.20215467292724
95.61664011109391
92.5312599276225
15.05892720863442
22.936178637427503
67.57118546810038
79.6005510873317
111.62052407254414
160.24471420201843
55.66093812211848
10.711918444202066
34.07781949672829
11.92531704358584
128.26830182272332
116.40032453149149
162.99033902019326
127.7721829080798
55.130083327863936
114.46322694290616
125.69582072182088
141.82082680887692
173.57937529899615
95.14739578040327
78.09138546084141
7.55581095303154
22.146893214389024
77.1362033210789
80.19084273804162
79.95554794392923
162.40625087003002
58.86447329999444
39.99609982116322
34.42231700107513
18.043489377969365
127.67799708217001
124.35744530308592
166.9229486888072
171.65145239837847
55.62239881290256
86.01500382730084
99.7505636901456
152.69607472708017
152.35584007813682
95.21690568251569
76.04218274366175
15.149414759024566
38.976974532898666
79.11434270489497
84.61881789534306
98.94416826135988
161.05650817226723
57.30639696641517
45.19482409837957
35.133798860979624
17.508532633423886
127.3645279290615
126.68062140051562
170.0658824127769
159.00017726980224
54.805660188397
