109.49593065079702
121.50642839921103
144.43913947221603
160.34156670867435
90.16582716093534
79.19137231941399
8.259082582507867
30.24490295290288
80.71678291566214
80.68555793472463
100.37766323452581
162.78053157779118
61.0622435195306
42.267426035170956
32.8258133944464
22.451194960046593
126.70828472463492
125.89950692968439
162.80090326794146
163.769648844369
56.52822297327694
115.7152009203492
121.26597709201504
139.1673012702732
140.74306361400173
88.51686280831021
82.15764476734901
4.027205712904321
33.59632323229969
82.86361461309649
81.09039149433572
94.7848092977517
163.27761641932292
63.07106457344918
46.321252222871344
33.15162453320391
26.87596498328125
129.37763631952575
129.57228046680513
161.13653869475468
156.2516615309486
55.725038300520815
133.1936664855371
93.06439087193829
144.04862661475855
154.83047010067244
91.89188932915054
74.77814515329115
14.145162093809084
34.475767025416246
81.20785105009952
85.32801573215838
103.27856071448431
164.45669992240846
63.970114103598725
51.13051336203002
34.796984348631895
25.568466608421378
125.91092466369705
130.09959105608496
167.68233161021422
157.93686227321595
55.415874452680015
87.5566755802551
125.88962019589864
159.63182254093977
157.0342460352245
89.25499134792777
110.3026812223575
42.26758495985379
41.51376777308182
60.884332600417856
108.79813186810047
49.25725788893409
165.75562023433832
62.57923567384097
32.61047594152239
45.52696915848209
14.01302979104885
134.51651048218767
118.0243860894885
139.40959862392046
156.23942845553134
53.41404658305252
85.31684958209708
111.73752441773253
160.32479852741577
154.63948955781956
89.7425364365076
109.51331558160523
45.45194149596959
43.66258441824699
61.36278592066998
110.53956444077974
47.055033556179126
165.29123147791816
62.268302414911005
32.79619141576195
45.26945501276303
13.139135666479548
136.39754968248755
118.40416830836318
133.99975625764677
156.01571315912383
53.17069010887013
81.78722243421028
128.7906029321489
162.8621483285892
159.18806809713004
88.62031090743173
108.91272112871923
45.1549933101862
43.9321346696141
61.50906916590646
112.83420427889737
48.082462782113055
165.12945337234748
61.40937914439079
32.475778037241994
43.938631334641975
13.602133407368417
134.49280933837525
118.85170525963515
134.4705420584471
156.1104869913634
52.931734676576916
