115.35555939913755
116.36450457560588
143.4702357001927
137.07380011450547
95.77359080023108
76.28919228446873
7.86757115848672
32.49286341934082
77.71598321212606
77.85805057968214
71.88787926809061
162.51587830630328
64.15038102556822
34.084629143224134
34.723693027923076
24.006984934014643
129.29499910013487
126.09685023203885
162.60510562919768
147.31866456214115
55.15720812698683
115.19758395969443
128.34260577393582
146.01177364801686
159.4442499017758
96.77656339737534
75.0298511487226
3.2363935821193643
28.094537808910644
73.33249232168734
78.02397446253623
94.78283547260374
162.5493908295311
59.04101311644792
38.59801357117817
32.03184058273225
18.375380251268055
126.68672783240464
123.94606572078732
170.8203105898816
171.9195297086384
54.80653938462238
129.45616662069133
104.55429104314706
139.7770423044889
150.7015907172805
95.97398769787654
74.7938236333006
13.764847186358953
38.790832180951206
74.71488336138572
81.78203132076077
95.09448970866714
163.85832120565073
61.68797288302954
43.23504963685587
34.26865399156123
21.382135031122385
129.4532111350201
126.4456438852445
168.08858678158958
163.00928765077563
53.862037301914164
86.32625094070532
139.46789711316512
158.89845932286735
161.13313698578023
89.37473393432523
111.35875312609261
44.56957349339277
45.61984431102128
63.25024648793461
110.61918236324999
111.30066348276382
167.1102973703502
73.99324032376042
41.884575022327276
44.987861308519186
19.953664672841747
137.8957861296143
121.3891675115263
131.78835233585295
148.39607683861277
53.729225070239565
82.70793723254535
136.0288738088567
158.52250209775653
160.57173250153085
91.42013840881377
109.1369238512531
47.1486220448661
48.44026093585714
64.36466498222848
113.8145010566454
116.63179936061682
166.11457940111674
74.50679681325079
43.11529399087033
42.22592090469408
22.749751475243947
134.64765566682487
123.37484018024185
131.519207424795
145.57466986385393
54.28145830506069
79.36367511082281
139.06902829958608
162.1045495248095
165.4729611151861
91.97177207243196
110.13118316030972
46.72737514240631
48.32328571489365
69.3697680578518
114.92187535028641
119.71828913509809
166.54253958247244
82.31070485023298
42.587860519410434
43.57513141672076
36.140196395938936
138.1353975293684
137.41505653667687
126.83026663384481
121.16117723664084
52.780892211133086
