129.6847817954744
111.69923075291581
173.98156738390998
163.06503360510658
83.45024752765224
96.46304903431056
42.55199435089104
47.21342048717328
82.04328067620028
108.0071592949565
120.45560828291431
162.7260283098358
69.53290075892049
63.259504269622965
43.515814699047446
26.863500795277016
127.196263042179
128.1406148945238
172.82960576628562
154.98044319284955
54.8289946812281
139.73798873691038
119.09992828400104
169.57840139259784
160.41408065304083
80.621240995894
90.27539783627756
47.24722741170575
50.95417000724684
82.62349109912553
112.36579150280517
124.13762783546089
162.0722701518254
69.28613926292225
65.7664590791952
45.153664385628694
25.946749304134592
129.65222182145655
130.95942353159887
172.5785471071824
147.5071346749067
54.10256250533296
127.1905028994013
134.24151146596694
173.3019499232497
135.51838918643426
75.3518161314966
106.12990627202305
44.891303591607645
22.02048499118162
82.04734822948595
116.13069425051005
124.3869003713174
161.82054149247605
69.04256787221205
66.5514386566819
44.496709013662006
28.34926609370383
127.25319613870657
131.39883129402133
174.2954475909378
148.32124613775957
53.894958166224356
117.6703523463004
113.33408900284273
146.6290801003016
140.46812585576046
93.44671396934051
76.73856488491676
7.455756156504061
26.08698047714651
63.111824442923336
80.591862626205
112.74589882690738
162.99617364264824
57.96054587201428
11.314294992535936
35.128983458344045
11.071929851720466
131.56991308045258
115.4417493805256
163.2114446778583
129.57201302610963
55.09539511464886
114.62763961246036
116.1392172170579
145.85964539991696
143.41308933932476
93.21305579200767
79.1431071451625
4.0383043691127165
29.852033166935673
71.98412896642705
81.77049525692654
111.43001734948469
164.16358154037854
58.641101602692075
12.943161337414896
34.4015181500709
17.119970589035734
129.67843082263835
121.25440961577195
166.16748448522378
117.70305568257625
53.83146382497705
114.27494866968424
101.6436258248314
142.10713133778083
147.7058561457657
96.56407264179937
71.21066257614353
12.51571975386694
39.88484187137337
78.68430974018231
81.03158311428676
102.96818707494165
163.35580234986938
57.51358705070148
43.94107375203033
35.428941262431366
16.10226223652644
128.9188792737277
121.72788605709874
170.19996488330847
162.92769318799816
56.006399227577624
