73.83931037807356
100.34202098686798
160.57299614410567
155.75977242758867
65.98712576843485
114.30775396131084
13.876180964913575
13.249368918065056
22.220745046586988
112.69271886936824
122.60428837682511
164.52385924238666
20.311454460634344
15.290201950666468
23.673484460249764
30.922133428655407
128.1881090684232
69.8333954357088
148.65889548729135
153.60737653893594
55.45391436128987
78.4994102319326
107.46591705605367
173.06976533333747
149.56460977291152
64.3830050032906
94.87140765468602
10.732849423825256
17.37396114129811
20.372095499723976
126.7086129012197
118.0602725160787
160.72615952775843
20.021415352797955
17.845830699454183
25.435246247513508
34.105985051350814
130.5543089366589
68.19712695260625
144.82003984026306
154.36941723325882
55.02363741569287
72.89062632741248
102.69863590302297
169.01612797418585
145.0470437246199
65.92197988274305
95.95968458249604
10.828405616007617
16.905280211424223
19.638976315675084
127.54122932052104
119.444769385305
162.49971302708533
21.45860001920933
21.781880602718864
27.26296650448332
34.7986781621394
133.09144209817566
67.63567764311259
142.46353199838572
153.77885249340264
54.48678552542102
108.85538144320454
131.08252867279845
168.45267225076648
159.05224728111008
86.94357384752965
95.01992543094025
38.372057960638955
37.21640080465817
54.72621965194588
125.61998656941323
64.91826626563441
162.34713576490753
52.991763877274664
46.29683542358332
38.35462002258854
10.479208703891189
123.30853846388374
115.79799858090078
135.40195173740082
158.0032703255514
54.834489274918056
108.44280932789682
128.62482049007957
168.09724699634464
162.89092030342246
87.56274479102741
97.6643220866177
38.95491843870195
39.206855844028645
50.905827430513654
124.75692856197105
62.99757666413555
160.05186356937915
51.576838720579154
45.64408251730483
41.71292421874119
9.907451264951533
119.89470093399846
113.55553175888645
147.47411069704106
155.3852446982638
56.19858420060625
102.19386052348206
125.72259760045038
172.18146737603786
163.9056974233651
88.78224824617585
99.1647167403922
39.23368813645286
38.98828396145277
33.25014421086458
126.32846470126847
39.30892220510741
161.30758962660076
42.06177815693788
40.3967734823075
39.56832964633025
14.33476913167835
121.65427332041958
98.30281084113567
140.8316220150814
146.5493627014432
55.48061306486605
