102.48669033767194
135.45897118136932
160.02952761216642
154.4314528869046
89.17547666057237
101.80910707356487
11.322884013658564
26.971656885715923
71.20572020504896
89.77458951774022
102.80853050330336
168.6268404136427
69.3117701569021
42.36504536269366
39.76261566184674
21.813751345769195
135.6723570588541
120.92946050323458
148.1781917857125
163.7537304983811
55.73307210535491
101.12735781244113
130.80738615353707
157.66982116714985
151.1806146732162
86.39590198537383
109.06711418610938
9.866851866117951
32.178232894678594
64.92383892305381
94.64256389685106
113.61333472848867
168.1388961089488
70.18840717557984
42.984864269487126
38.78003407096115
20.17903715849287
133.65059567659492
119.56484072686246
144.35370799022144
168.5598861697147
56.21943373614499
98.95967811759593
132.43316612254284
155.39066751260205
157.41552467437256
86.07792846668039
115.01486213718917
16.331222207937138
36.49460652031308
64.40706307285618
99.70668071632738
111.8307842942854
168.73549407726722
71.4597340799214
46.528894675174065
40.25605620035122
21.30279523439834
133.35040692564314
119.84140395507492
142.9322975836493
162.91280042764623
54.77980592147359
114.31595124020757
96.55282640663441
149.74768826450273
83.01335300549651
109.11975236796584
40.10894912923956
52.04671344891167
64.41012432873772
72.13620520976646
72.75147618195346
109.9559517867892
168.02196587126562
62.836534253648324
48.72617776994014
35.75749487107422
25.707661720860354
124.39857560129805
116.531569779588
167.65873399848226
148.35431114871272
55.87167498528281
109.7676302679093
107.94609640130696
174.1130432005979
93.05059540521809
98.34303883648337
10.137688599790339
61.277690017416916
103.43985776452008
79.80786483965744
82.10564580276888
122.30425408768359
171.0523835937003
60.05169604973084
44.852884962954185
30.240974727250418
23.738642514002287
127.33259408686344
116.38617660971043
167.33445827792033
154.51360649053544
56.285081719791954
108.0217323933741
84.35648325907196
168.1886092455699
111.45272694680985
93.2788281705953
33.63317878484652
39.78862340663201
56.93029453083409
77.30700538526483
78.02750717750867
114.09851079222967
166.93504561982186
61.13876322728031
41.007187419263836
35.07318204552937
18.77707873359693
130.05814956612494
118.15688076671772
162.1163457711429
158.85947668830133
54.38313854289032
