71.59958792713435
127.47469897253501
150.8476678587605
157.6302046811343
103.98559331141526
89.30859599996707
26.96974294761344
18.837873218126663
34.661803492600015
97.56122040949471
94.22761552503977
162.53184084764686
37.178168521157886
7.548902734654766
32.541676928676395
28.54755976972517
123.27035966125386
95.77387052830935
160.9316678936987
166.95346199547674
54.776904487311974
73.33974139157063
125.5648504544081
131.68576255025675
165.9458125606473
73.45579180073616
102.14842240495338
20.01212182804452
21.78452238157147
40.76335832384042
96.98656538461854
95.5075627967794
167.16323672662938
36.103916059126604
4.115547878691366
24.297343362714205
21.055546820609166
125.42570227427416
96.05898863247951
167.01401321659634
178.08684711219198
55.14878142568266
115.7113849979629
102.4444705000453
132.37775294400453
162.4631077270743
81.51586811361398
115.0909701630054
26.729426257164896
22.693647800652606
40.70664035526581
92.87536437904207
94.83565629578368
164.28039152957683
34.97545507869622
4.661621288208411
26.093750359963696
15.950712901379003
123.31308843129966
97.62568301790797
170.665742166747
173.5835289800267
55.05079799642685
111.35094804072844
131.26787108789767
172.2966599957869
156.96255233132166
94.10926137364167
108.98942609273922
40.92400603150195
35.52981794102921
69.88342431251141
125.95545192893876
48.480247747078096
164.85894465854315
58.97103082834769
43.65032489074751
39.886984754556735
22.617471590690705
120.85374685991195
136.75789632808136
152.84396125366166
163.8160686933833
55.02719152289157
115.2135010428277
141.26298076222173
168.55154966593807
160.12374178189407
97.0952012957638
104.56574747112832
41.63170091303735
40.587620997533826
70.57897332996582
127.29987627182564
105.38863326392561
162.37453887596863
59.79541388353224
21.329147031263325
38.74336168336865
22.59968883779628
120.70470933411495
136.66065289564918
145.2028418601596
93.4763309063842
55.97864874842531
114.1143565768356
129.2484636030124
168.61164301613934
157.42877084286224
97.86147949925727
105.9878021529701
41.644082621402504
40.09379673019139
34.16348531883381
128.46315877571757
100.71718414423647
165.48686489766916
41.20076010653125
11.796031871283446
38.167841734525965
52.41325439108428
121.629534518741
87.42578858824004
144.1511549849304
169.35283037923745
55.535150377910036
