140.6127280583603
128.89852294903258
160.4995257586732
160.27398351742065
77.40062297737299
65.4025549449948
53.76717965129705
64.67580418305774
64.75687665948531
112.91307346404271
116.1917481343436
162.68840060559265
53.48286446905858
51.895511740822066
26.245970843553852
24.35679894900237
133.80126113688627
131.79688292171875
178.16068645254788
129.1898460998481
43.354965701227044
138.02730931169438
137.80409854445517
157.86061511116156
157.03015859512686
69.69621670812614
59.603268512080554
54.751421956749176
66.25623824231259
62.346861545355736
115.17240645563793
117.62868187652653
163.12131836425658
51.981091295638954
51.01932092052845
26.660205544635364
25.90257725455752
131.47785802942443
132.57482802765264
177.00611544784863
130.64643218433972
43.484583140866086
119.47235860197668
53.897470879717645
159.55840257421707
130.22765030237355
70.41045019289312
97.40137499450078
49.165291824400384
27.054346830453998
59.816815256366276
116.97597672127583
113.06968059378913
161.49019599074578
54.415453325650596
49.49201148762883
26.30564969063491
25.66312418665642
136.7373487654469
131.84309204776747
169.82765403175233
134.25738549164552
42.81928029380468
68.56056571365745
147.9303505427838
140.06814347722892
156.6029750099907
93.67561829406513
78.13739418015938
10.485622245443135
36.82203197528658
72.1395212838015
79.81276446422372
150.99063066842896
157.70192146491866
54.98974207288995
10.615563207147188
30.58326437831406
26.150495120846962
137.41670543094932
136.2478588521479
163.9664656305271
82.18876708498946
44.57040763734975
76.52567261288358
141.1795507816901
146.33346512516823
154.21307116276935
99.06966403218406
73.66807146726084
6.2101562899778315
38.79907367938186
71.64522610047464
79.77647047229979
108.04729439941424
156.71810477685557
51.55544366644849
10.861630123636566
32.26672810079696
23.551713378621074
133.4760020916022
137.2984092765229
161.71866905597565
109.17132980625094
44.28244633085692
136.32797843606207
116.87408932093113
131.3412158672391
147.1552187261182
96.39381914220634
73.80716458083427
8.29113601638585
45.94048742910178
74.87794624778137
66.46488882022321
90.7822528753453
157.49668754388927
52.27153630212528
37.92043890555453
32.88662255561673
23.122036259891388
135.5373221036119
136.82192391677333
162.0271238986012
139.47246571839435
44.5601165459359
