116.11834205864616
151.54414274137054
171.50276209702744
164.2564391455793
94.8300887001365
107.42102590694824
38.77340590433761
37.353427960593464
66.74582552584181
124.06077494813852
66.1657078439111
160.60068332910438
62.417990428290324
49.926771648579546
42.21209788269089
22.027399749668387
119.28066591934555
129.67662261306646
149.55061992947634
174.2102379350101
57.76965964479321
114.84874843078002
133.07574626780047
169.12086334902057
155.035046921545
96.4892781705189
105.78198229852916
40.590786028461
39.02868843249095
67.32863241466723
125.55751430884852
69.59365605819465
161.55752598294177
63.188748552081066
49.91268342500903
41.22640571862945
21.888704235691453
125.17724898560111
129.5855848715217
144.62246634560015
174.22083186237174
56.810749794749555
110.98985526859505
130.70743871166124
171.31433652080906
156.58210551787727
96.15721787214369
104.89039559017029
40.82540367299397
36.6455777865584
67.58978435095808
126.64101087816118
71.59357504515917
159.90898762667194
63.69430417617037
49.34920160601008
39.88583479939864
22.179554565073563
125.28949043865583
129.39490332949453
143.25518030007862
174.23469521730811
58.01069514594003
123.38331275469797
130.94696418575217
162.2017659035211
157.21719619492478
87.29980710879761
103.57211587957367
14.774142243264627
33.536062051376675
65.20048637646416
101.16558823161785
76.65717631296448
159.66785843521075
61.30795465032092
41.1194308201765
36.686161712262106
19.982391763676393
126.57735241630652
129.60080475935777
161.2015733379675
174.12717341341732
56.23744953651156
105.53524982880153
131.78817199340122
161.2785322545979
158.87092711681902
89.0596517709446
107.47808602533829
13.378324019528185
30.453331607491567
64.33397076307993
109.3376652627889
79.2320875389722
158.1440963753721
61.016514113488654
43.77056370379471
35.933152911813494
19.62804458155749
124.29309615007443
129.4867255348949
154.7581019680036
174.1333343965064
57.465653143228465
117.9704358640488
139.26665423081278
162.78113328636493
159.14162964840645
89.69447122092507
107.13631726629
16.843215195675498
34.55953226546411
64.87765415317126
112.30572516659714
78.4570012915675
159.0461276613151
60.4648546537797
45.556636036379366
36.663797312746404
19.944317009164102
121.57247799210606
129.58231233393371
153.59026339468372
174.15011483323522
57.14537527650431
