86.33442100930908
135.26031455323556
156.1975247810805
160.19399708093346
87.93592124520345
109.6181068589669
45.08620688441834
46.16392260151921
63.823837270889925
113.65671879360978
98.12597329749265
165.20225748305296
75.33536935297352
47.576764751532195
43.884895988621544
24.544862336211832
135.24624849236537
129.4233794972826
132.27135711901207
156.9293731596568
53.56904118328621
83.71693205220136
135.59563101334626
157.7889015771942
161.01468438975908
89.36568270009342
109.43000080481167
47.258031413788196
47.20645268753886
67.04147220649043
113.56186213374465
105.23618050127823
164.7664360811221
78.94917468409864
47.961261105639565
43.17361838229318
30.605747872598677
134.18163982371163
133.7720276117585
132.65547221115196
148.24582835197742
54.298468872855686
79.4095240550424
130.15585463884926
160.66037180852612
165.0752675452165
88.8006320769707
107.01677825827173
47.06072656301822
48.51365790642797
64.7498559507834
117.70671199091574
107.13842289779242
165.396146135615
77.3169166200164
46.517726023763416
42.289153246951194
27.03209641146455
134.3719832474925
127.776618004936
133.91042433282695
152.88993548604535
53.96463796979029
107.73808232915518
78.26036055051706
160.86392545419136
167.9253707542723
100.46318928386029
93.83934081010057
15.281584003658638
25.877269016593264
72.47412341020275
72.93708205221029
97.67462967368279
164.4016509163166
69.83752087857059
39.83988603680784
38.65915074756219
24.1829654188804
132.02912206868263
125.67465495764785
160.03486110367533
159.95362690844374
54.99325057616273
105.87497249085641
145.76679061654642
158.51961874547857
152.68315047786172
94.30725826495629
100.81984090091319
7.871667913147812
29.916684203804152
70.24061174091398
88.29511648016202
101.223008267717
166.49615994773683
72.63262239411681
41.50701870590332
37.612461202579965
26.503969847748646
133.44957030045038
125.29521175525933
152.9469043852738
158.88993608758062
56.066741503822854
104.03729506141377
136.7764459724055
157.8100328134161
145.93541134045614
92.92799809273603
105.45217056824231
9.93665895720832
33.775407118759375
71.38792378877552
89.4644095246941
99.52351415167087
165.99395315751283
75.50638991240365
43.25074143189373
40.13105983814216
29.16744723003608
135.32161869318438
127.90904832130134
147.59944919837884
155.4893583547046
55.79780422809049
