168.68517904875142
41.983028313508
100.38505168601394
113.8014197433531
58.703590054721126
113.21279875265901
35.236676710803884
44.8586992887734
81.58448956687542
89.6838644146604
94.46957744734573
166.95101917422625
62.34632283984526
48.792731171745665
33.99241744451126
25.98228231107894
134.48737348684392
124.87117150005487
169.65538629812661
158.3120186117773
52.6570535131554
165.97754484038393
41.362411712544564
104.87396001940488
114.28417466855852
59.92562562949693
111.82713492720092
34.308692663083924
43.06761116556603
83.10466875377305
85.56019274250004
96.74005704011533
167.52455475658
61.16056367443761
45.308979831473685
32.59480113379315
27.061014641981025
133.1719035601196
130.46615911742106
167.1855098763795
163.14044410719052
51.66366235877927
135.56386650538118
41.453129436456706
105.15086057376945
118.91014039077723
59.03024788050468
114.15063553261807
41.129141101793394
37.070457067849205
80.98131650598583
83.76381609307711
94.28648136660978
167.65883317968957
60.28675818449533
44.07171732423419
30.86338992092077
27.133774466538625
134.71604136417466
128.93714391215238
168.04978568675125
171.12352543814873
51.24173779779104
135.65947832356738
121.80982083947072
151.17052256811397
161.44863738181468
84.72416913955527
103.2466512107912
52.45974128335366
52.07314166986906
79.79117784014619
95.37221378433418
106.15141880097502
166.34586087258796
64.92467555876813
53.179207922361705
35.6645671795704
26.22932220550483
131.7818865169166
127.15062782928685
171.14128113899415
156.32098584993545
53.16514610442943
129.9295451181752
121.67349034326638
157.00186408700793
164.57457794491876
87.84055400554675
96.1050453514906
51.98776091410316
53.70124750749253
81.52994921871993
94.05201063519316
104.5961231169372
167.68077588953074
64.51893521117225
53.646239548047674
36.041919268152185
26.187682318690296
132.4344794504893
126.19870973627579
172.60739969358582
154.16598993876676
53.465904223916525
145.9855560092756
78.83268304529443
157.19633045601697
154.08103161470882
85.5245968768236
98.58563923464295
50.8211642228299
53.00670520150514
79.85772835114169
98.33587703396365
100.98478689330659
166.3213479185621
66.1552513380237
52.65515705532783
38.08715262264977
26.841300678522106
137.26949466410653
127.44488579505494
166.9137326864459
156.55523652088652
51.692979217262625
