125.53539866579032
138.10907439586634
162.1824007386593
160.93957016423528
94.9846570608143
109.9110342674184
50.11737233712071
52.66756033217818
62.69530403611606
124.01126580440445
139.59219433395396
161.73035042903635
58.86366282053854
38.10850521150666
37.627521395885786
19.42146776723541
129.26217901758938
139.0854369681102
152.2139236213391
111.40913588027504
47.23780475658757
128.72768181151045
138.29307354432643
162.60843233043042
160.9152783932679
97.01363945769577
108.12676263555169
52.70041808921862
55.426266093105305
62.17312334846681
126.17326400098092
138.5634255772312
161.06358407904122
57.74099815089107
37.516531967376
36.841646333202824
19.303460991258913
126.1153882774594
139.1574664690815
154.30099563730332
111.07688789582195
47.045006449946506
130.3022769686051
124.08838368416798
167.92703172915083
159.3674929162521
96.91863870042779
107.34796205005793
51.863676117001766
54.130876629801186
62.29494864509737
128.1654136316391
137.2780900063101
161.2015905341228
57.88725486368528
32.88639832981802
35.336405594368394
19.384136978701946
128.6830332991884
139.19887010575616
154.13006505860434
105.70906332616177
46.974905079312194
130.68482411988228
25.969290669010793
160.41030620029986
146.455459093022
94.0152998993376
105.20898750844034
9.901578067029705
34.735905333983666
71.35214822213501
95.6288001203545
94.56276855713487
164.78342877158224
63.56141245212799
37.25306563745698
35.0195714304979
24.04473014908701
137.59752219079547
130.137845586735
153.64387748865192
159.25639652503313
50.83400601888408
128.12256385168243
138.3149214228127
162.1622096176451
141.32305724149177
92.01079277929031
114.6908940096628
11.3733633653689
41.32806652180552
70.0525691411184
98.19220152778263
96.49439864249811
165.3694148979243
63.55652241839351
36.705006901919965
35.99792094529879
23.606065474487465
135.90423972198857
129.31868160466755
155.47225672676245
158.78628589056592
51.16626197584085
126.50752692551508
134.83876372889864
163.56487765700803
141.32964148987801
90.70558097048915
123.54580809760057
15.016319961608438
44.98166395310642
67.55688489315423
101.12750487501212
150.300960695049
164.8677006295179
63.08224351215375
29.288661154206036
38.644620797198705
23.760225284613156
135.35808760020188
129.0737183496229
156.38740682435554
118.70669123190204
51.285190137817445
