116.10186065832328
124.54088193034634
134.09030974406417
168.16008615153444
82.46226995111006
50.21453846735578
12.607893796048378
9.04560969772368
66.21329064387895
97.51461936228442
117.7697565038593
160.64921128193768
55.93482682321119
58.515499964139316
35.845368013584505
22.175058501566408
130.78862974026794
134.9225424176925
172.85504582157756
146.4880388184334
43.51714064884205
111.20705370933682
128.61841236229208
134.89242801337636
159.65159816431657
93.7946772259365
45.84050476445924
12.951989293275416
2.665111646839481
59.30344604011044
101.76517566420887
127.85679532869977
161.28119328672202
55.70354212551193
60.476832148882025
37.52195213969997
19.599933588045747
127.98496290471071
129.50706240203598
172.24336721957857
141.02036651289566
43.438065952891584
99.44420278144008
127.92701396922608
149.69944067530272
156.1514529997399
97.90168518476496
49.12826316602627
13.270805255585936
8.882218799908483
57.108997155032554
102.56797940439776
128.68339641619198
161.89043529654847
54.525679846594024
61.26433427726714
34.21235739157342
18.393807580708646
129.49012547602794
128.58785159443622
174.7262182501644
138.2582579649808
44.012299399912784
129.99774770387714
127.14953362052587
152.57246007974098
165.90009431411042
79.86603378776172
102.64262586946916
34.66881179690502
52.36663492573239
70.24775164040122
100.0753031671081
100.15236642868257
163.29838427170827
50.33573028324603
46.86537480357778
24.686502617752428
24.56506089874481
132.43258259643116
137.5621148713165
173.88724353721776
136.88980047751303
44.21209398121032
118.58875644304477
124.83311949506162
162.3790235267489
166.0895267534133
84.30854203878692
90.71021673580061
40.17379307188991
45.09826126021754
68.34653662831853
103.27212108935855
104.0268702414488
161.31675098280746
50.03180439663796
49.26289927481384
27.89757614637886
21.26205537516647
130.20790481850995
137.97646781602376
173.75896792367465
133.91137529561792
43.71648794764376
122.30631165098279
127.89222760732294
129.7890650114986
165.41046515555792
75.8995148579906
66.67611673878045
16.198138509039836
6.2333244774354535
68.00572193027183
100.08913496661296
114.2253920986144
160.8509012924949
55.38654441380243
54.22432791746448
33.367075013641404
23.604033376217604
133.34123694539343
137.31437564455211
174.41771920486488
155.25296596274183
42.89162826242189
