141.9533745940069
120.63560355699606
150.61065319328566
164.94672152963483
79.18573716373305
92.75551671519644
33.85013911249466
51.44801710445884
63.60039891375634
91.57225002725586
105.48799265518988
161.28478766813564
55.57389002242234
47.278037899616415
26.607599409344918
27.953662730331697
132.92299187663855
134.02680391298878
173.54871567144238
164.81660895323103
44.74927986213368
142.94399461688144
116.84193720941144
164.75412037565803
167.0500986561132
75.08376944944796
109.09899178763602
41.12725915918466
54.09824152872433
70.14193407406458
104.77806551787023
107.56199005970252
163.26444840911876
57.34933345485127
52.24198231582626
23.738810072047954
32.410854815959254
133.29694392196015
137.21673826687294
174.26602888325584
163.01042803892628
45.03145497724509
143.99930925936565
143.04634486824563
159.22100716199066
102.14240505281742
76.3516213765204
123.16183260984036
43.50713895372348
15.234899831191823
64.49224797457458
114.53203289963962
115.46738711388358
161.28349068499335
59.44537829605431
56.90347497935882
26.61513556890571
32.446290964507575
131.37321010787886
137.5612213678488
176.78342806683574
158.54103690549567
44.415471457399015
76.58055098520504
122.07036832600825
131.33607912343652
159.35574123594722
64.39968065516369
90.87550501003071
15.913212414698457
25.937197983189538
53.09957377539249
106.57992979628092
125.0219984636625
163.44112626492102
53.34083758738994
22.58153520948351
23.98923690159602
18.705914259653206
132.76332410979705
128.3529945997799
166.1670435053177
148.42836966340175
45.53193488266753
91.26828833455959
117.56419592642007
117.62278273468453
138.0032311210691
60.78253596171977
83.9006781460963
8.565142510990343
45.80091703888298
54.43158048610906
115.43198255359623
127.65323422632267
163.44349459948356
52.685012961486855
19.53872049365839
22.9038193509815
20.949925456286536
135.94239674257415
128.77198803509435
153.31925755725592
149.38191995671033
44.57078970715131
90.76668237462039
97.14242765065451
131.95258092797158
138.10119319425053
62.017503443250355
84.62972248934572
16.923944853698504
55.890595689284076
56.789909010958844
98.73291851683301
106.16894853440841
161.95935637063857
50.9143629098385
37.95500624446269
21.392349587434794
20.85245621108482
131.52228248898095
127.57534845367285
164.3269315821262
150.30199624074817
45.0805487258302
