143.99930925936565
143.04634486824563
159.22100716199066
102.14240505281742
76.3516213765204
123.16183260984036
43.50713895372348
15.234899831191823
64.49224797457458
114.53203289963962
115.46738711388358
161.28349068499335
59.44537829605431
56.90347497935882
26.61513556890571
32.446290964507575
131.37321010787886
137.5612213678488
176.78342806683574
158.54103690549567
44.415471457399015
100.60539145150467
147.37433313197064
122.34069365053948
96.40092704115844
76.42411668374854
123.91553695009746
15.022581688922093
54.12135074868265
65.99413995443314
110.85050986043524
117.50741945047078
163.72772090806572
62.02861402292895
58.755435793569944
28.964019897242657
32.405747217050354
131.28167846013773
136.15511409671421
170.13483027659225
152.14019129352448
44.9371932323281
102.09172478181155
150.28321926097934
121.83380846928469
93.65932425338698
75.10675004765974
126.2302473576379
15.353835956929213
55.03115864587435
60.48350312919927
115.12352176565284
119.28481101028927
162.16696032043328
57.96346367370669
61.014265240055195
21.707582116962257
33.884685113603666
128.48480582106984
137.11306881019974
168.60527020543643
151.9624546461695
44.92578033049643
141.9533745940069
120.63560355699606
150.61065319328566
164.94672152963483
79.18573716373305
92.75551671519644
33.85013911249466
51.44801710445884
63.60039891375634
91.57225002725586
105.48799265518988
161.28478766813564
55.57389002242234
47.278037899616415
26.607599409344918
27.953662730331697
132.92299187663855
134.02680391298878
173.54871567144238
164.81660895323103
44.74927986213368
142.94399461688144
116.84193720941144
164.75412037565803
167.0500986561132
75.08376944944796
109.09899178763602
41.12725915918466
54.09824152872433
70.14193407406458
104.77806551787023
107.56199005970252
163.26444840911876
57.34933345485127
52.24198231582626
23.738810072047954
32.410854815959254
133.29694392196015
137.21673826687294
174.26602888325584
163.01042803892628
45.03145497724509
143.99930925936565
143.04634486824563
159.22100716199066
102.14240505281742
76.3516213765204
123.16183260984036
43.50713895372348
15.234899831191823
64.49224797457458
114.53203289963962
115.46738711388358
161.28349068499335
59.44537829605431
56.90347497935882
26.61513556890571
32.446290964507575
131.37321010787886
137.5612213678488
176.78342806683574
158.54103690549567
44.415471457399015
