129.4602483670794
67.47744261098532
166.59614094612917
161.09193233244676
85.34251537734914
115.7319972317029
18.831961631754915
17.96061374098533
56.93974480955553
88.49968477693189
128.23389412366805
161.76472893339323
52.70609467636388
12.117010533671555
33.125924896654574
27.845862146545432
124.68133621615794
138.03798835548653
172.5400393521435
116.68331006084439
46.11703192199358
129.51274452658603
111.51266038100543
166.70816152834612
117.32844740255608
88.47552781771773
131.5974916858689
8.895056425809104
33.60014752032145
54.420188872290964
95.38231973459126
125.37266666573632
163.36172721761287
52.49568293164792
16.32808418303261
36.66303189390158
28.160624463993823
123.75012092418397
138.61797842256516
173.00967346667548
115.26891169910294
45.65500449129867
124.3652097102448
105.2726912352965
174.6214114715116
162.40505032537
90.03956409804408
90.37151299324772
12.113950412989437
27.549646291840812
60.330832082631495
110.25144463600665
115.18397801485676
163.3451169545085
52.8844165471378
13.024438871243627
32.11080447112595
27.802649585357216
121.49354121380172
137.44764401212254
168.7104157133838
116.55278608258419
45.582673593508396
97.52472808451309
127.8392623846876
138.4485268235965
118.73503189891512
76.0579332429996
104.05101769223701
16.06086350301404
30.28729318148069
27.566034473836442
125.40856659038269
129.1655054944003
162.3804958802764
29.179256220840625
12.924184515402416
24.642742864852842
18.636238173085626
125.12537111493545
94.54516702168529
150.51117301042797
177.68558228679112
46.44593855580732
37.84945495888007
113.89449651522939
149.08824005995072
131.31545779638782
74.780065856997
106.55699212463094
13.72451584821999
26.459023028335015
29.22230634065673
112.64557908875804
133.69525341928474
165.15322060053688
27.641539723878324
4.366116424545578
26.19521427230449
20.08841247917949
123.96911182128962
96.69573195047629
170.2314194157562
179.17126223463373
46.24220361590005
129.4602483670794
67.47744261098532
166.59614094612917
161.09193233244676
85.34251537734914
115.7319972317029
18.831961631754915
17.96061374098533
56.93974480955553
88.49968477693189
128.23389412366805
161.76472893339323
52.70609467636388
12.117010533671555
33.125924896654574
27.845862146545432
124.68133621615794
138.03798835548653
172.5400393521435
116.68331006084439
46.11703192199358
