112.42721303756912
129.51415230909495
170.02225087419552
164.62356202514496
95.06826293547795
105.87455021424773
31.903818849420748
32.79491372893045
18.095389953078335
121.00120019126824
102.06358182402207
162.94109154590987
21.70966691068209
2.487763802766702
45.95924133546959
53.96990978763834
116.34000252396119
85.65178651620509
163.50886935490868
159.52481157692813
48.87425660966318
111.62727214732298
125.77890621272167
171.53646923892802
164.55709579016894
94.66567129368381
103.69012560757145
32.0249635110546
31.260446700862747
18.708668430781334
123.70946765734149
104.51036729656413
162.94373763158072
21.837437882558007
2.776039451338691
44.128555117779506
53.02204292447969
118.03160528722256
84.95856624702613
160.4707693400815
159.78002032515911
48.80048163141177
110.44355183342049
130.5728797223596
173.09963176008412
166.68142455362673
89.89602783344527
110.3420602521613
31.452851861947384
30.291208235489222
19.507975872125993
124.68515511450127
104.11073326942206
164.81712436573852
21.733967364497218
4.3288314568597555
44.00035880363918
51.03025466682611
120.15066110125696
84.21787042462508
159.72616753706498
155.13336097791432
48.77141362370047
97.33758991382783
89.25944954724221
136.369129419975
134.68748878306846
82.08887648661734
83.81400210652271
12.907533806601686
30.449959557637833
61.006024659247856
107.1336882101624
141.63170834827864
159.20680399059435
59.06478895734242
17.151240743299393
33.451373096225474
26.195459540741822
117.26805184391358
146.4149709953368
169.73728536957108
110.87899709120306
51.35675265028397
106.65701552424483
116.60451713106997
164.71840696956914
167.28730404952464
98.51372870858414
92.34951725361759
11.425267466585304
27.854429986551402
57.91186880647827
110.88517040787974
130.0180228176808
157.86148031344848
58.14802946489116
17.173754167990808
35.1091680155393
28.384176176353602
119.40184169323256
147.13487884172386
166.04876766514428
108.0815498175478
51.181098556301116
109.64772720350847
138.29421746899857
163.49484230199556
163.4111189881843
97.24952083907384
98.51186999939067
18.43596017400931
35.58573744900373
56.264810323660704
116.1057989642881
120.92270119344272
158.78199797218753
57.57934596040053
19.213386305008914
39.25842604112179
29.769467936974003
117.65548403644993
146.81205191374963
169.00458920426382
108.46158195952067
50.77379928046055
