125.69139465475442
129.99841458232365
164.18375348509264
158.45031841532946
89.40749417291406
112.04578095572005
38.63924401981314
38.33598790551495
64.83022851235386
112.49561366901183
30.799527913338462
162.14836172829578
55.63040332891493
32.01465830943701
41.64455182186081
15.7504706425431
129.39083331680263
127.6151828520086
155.1342523677312
155.44090045508142
49.808602425988006
125.52186341256979
133.34142471248074
164.75160126381522
157.38877405629597
90.79559119546931
114.09199974097571
42.50470991709119
41.95668566783445
64.23504659048433
115.99995591098845
29.098085698232133
162.74575232195457
56.19752829930258
31.68498328943562
41.54023808865934
14.62480330966703
126.19429846183925
127.47257672567929
155.85573038573395
155.42245374598812
49.8089555100494
135.70118949648386
129.49993089044887
167.74490288623406
156.5973064210676
93.07568238375124
111.00952741113888
42.65791353932776
42.14779253688296
63.566243242224026
118.72243370092532
31.093130097532743
162.99827886461765
57.337754487195326
31.44123967107507
41.083920566428155
14.672758120144062
131.82909152393046
127.29937789659073
149.59771966705466
155.4291031113672
49.11695178261006
135.9468799569194
122.43025774472041
162.96062522772985
140.89352398449782
94.51244744441235
103.19896488689139
13.96144132051797
25.506622223037034
70.21813817544464
87.42527707885247
71.41648858256977
162.6115496185447
56.265695267052045
29.124185041004058
36.13680271343418
16.389108709426218
133.33683508552505
127.52994802734942
159.22662522061796
165.00507832045545
50.502743371964755
135.56617063750974
144.63570559227352
164.25355422944895
157.0310639005244
95.26207138565992
93.81779234727111
8.427733156546097
27.1132452543618
74.14902135432128
89.81929269265996
55.801101736027675
165.60370823656527
56.733382662228756
29.682687075703278
36.28525343362114
18.647631366572462
132.48830576119798
127.67716401764717
159.99330716764717
166.28338675080164
50.161819156939984
135.93821106070004
132.63887563177474
163.26392513404807
155.17426655620872
89.1090622799534
127.09503006921535
8.322663969970904
30.503602877482887
69.10353873803024
94.90030415011145
58.1509432096108
159.60718343695035
57.46129166547096
30.69327771204909
38.33439578164654
18.05836329355362
130.58702544262027
127.46447623664179
159.8386143029775
165.74229979994368
52.73284159631989
