109.1718801571197
81.64718642821443
121.01472374956825
148.76236571020553
65.031550372982
94.1210943178771
15.29345946102317
33.83414446365842
59.176787608649796
111.60991857993392
152.06272613918304
163.45808394444194
55.46661360773972
18.44269962505731
26.64398910227484
33.452446229043204
124.7753356007551
133.44625742713083
171.4947169719049
112.27417992259838
51.850661895243746
116.39591689465728
95.41747740355548
174.01520182063987
167.8420535808269
52.20095296006454
102.83502301224397
9.68753720432097
19.539017015041082
57.49621309248044
123.83779354507787
113.29762696231663
163.19617466682394
56.60372492633044
24.613283167646937
30.96943678197394
35.40603008934774
125.51745834560772
133.7952065905182
166.98128198743797
127.2538927332067
52.34113504838912
107.91997847883458
127.6671770405758
170.51109631578777
156.85804927809974
80.85465845929218
101.12997521899568
15.945367547716412
34.31390911312808
55.178483494464615
118.91034564610777
154.23597732867628
160.9878363341675
58.43615437698008
25.084569428854035
35.40271723124871
27.502049914569287
118.19109659911112
133.94578964712397
167.92338270142372
105.79675738285852
53.09940478935253
139.24415042820942
123.54494431893664
173.58824800702564
165.36529476551527
71.99976848686302
102.46435993803898
49.751662933393426
59.42035315811219
84.50708235149519
113.40258040684695
108.96729167511693
163.0311868259179
65.86792275133456
63.45147705688792
37.97518235529142
35.8031437718487
130.31807410643592
138.83092366566026
175.2686622140522
158.79788153278508
50.85916427164135
131.22611564893504
124.72333934839229
173.18912345808172
167.710135637236
74.35968787165308
112.43545267747005
49.2671705096971
55.45891644992827
82.90901929994314
112.91513826914519
108.35754228390097
162.83241841502036
64.06949720694764
61.62050501329979
34.989303747840324
35.58741846087337
128.85256492323074
138.94989833903986
173.69109955715786
157.34320636631506
50.622505922900444
128.782309645214
130.2635025811684
169.95524543591324
156.48110588811568
70.72591411521866
132.4491378091136
49.42252051436572
51.7015844618305
82.5627301597568
114.9593613485519
105.47765883085107
165.2432489111878
61.57622281441811
58.858433155334424
26.06742638792356
41.59640190161722
129.904347761747
138.02522846944493
175.11038721893203
164.92102702221155
49.56694089015813
