128.63949693174766
132.36253564646378
170.24008459162263
163.07103636649123
83.59572147823795
81.73629720954598
7.579393359429651
12.444369400461548
33.99041644200619
106.86206262618865
117.4407901463524
162.3198552336999
32.78096474229615
9.581980679392775
24.43252451207192
17.372708084212004
127.75580518414468
98.13037190855334
155.63096307029005
179.1102120329855
49.30965904392099
129.49920002827074
136.96260259442226
173.1346775872422
162.42246545426784
90.20508538454236
74.61780228811205
7.006240269235526
12.874363539910393
33.09594740713502
99.61147789555709
117.17835139378236
162.30593009596677
30.32075828697024
5.167497427869747
23.429652994693576
18.624236227158637
124.44075393239271
98.71848247804606
165.48747160202788
178.6402398710956
49.260290449424915
131.1215291665765
139.61219845274059
173.23943726577733
162.99796904507934
87.88684223503647
76.46451865161022
7.115212035103754
13.856478979292264
33.759355675398794
94.42281234144671
116.4060486976903
162.60171008171042
31.14938860273351
5.624328345528684
24.019682131700538
19.760034703612924
125.0268069655695
100.32787123479915
177.2643994610314
177.18698936352084
49.13340813913059
124.96095606100731
84.08043838407151
171.03867006539014
161.4057003172543
82.31243450359412
79.55275725948226
27.685478877644773
25.236465718468178
34.25785197617871
92.9129499538056
112.81412040579588
161.86048594828551
31.75706642445215
14.78472370342575
23.256611085619685
18.129691651893104
125.17171664593276
97.41286643210805
154.65812914422708
179.34782579965972
49.76530756178273
122.9779259841879
91.7788219630209
171.04959355838818
162.83032192576468
81.53822210623765
81.91185393448794
28.473429509720784
26.704006717052057
34.08009041174738
94.46879243062442
116.40698259269494
162.16791057638991
32.50758354586801
12.698330667937162
23.878307987450825
17.41353851123975
126.75892165692788
97.56263796264108
155.0668408941277
178.67039014532654
49.52681640507104
128.63949693174766
132.36253564646378
170.24008459162263
163.07103636649123
83.59572147823795
81.73629720954598
7.579393359429651
12.444369400461548
33.99041644200619
106.86206262618865
117.4407901463524
162.3198552336999
32.78096474229615
9.581980679392775
24.43252451207192
17.372708084212004
127.75580518414468
98.13037190855334
155.63096307029005
179.1102120329855
49.30965904392099
