83.69254542829788
140.16676890870053
148.5233244563161
147.2682427422949
85.871804848251
87.75416951863444
14.357579104570132
24.000863429393185
72.50620922071172
90.82800620202477
150.44888349830848
163.29412876537785
68.93409523974312
21.26700736771557
35.250908561432276
32.37973479430928
137.5026117925405
140.79787064537595
162.2130259885004
105.68550793659368
50.30633883914791
122.04762381623202
133.09612265209657
149.4603605721357
153.02601315930104
86.31012952925887
89.71581367567059
6.120424916979785
27.722612306542686
72.663934500285
90.96867814435704
156.01707692555988
163.71490716370116
67.23697188055586
19.791694542581205
34.66224435817459
30.8599252800626
136.13081853930183
138.89707603691022
163.232836827355
107.68069453798854
49.971518295830094
110.00475342837352
114.35885236786302
137.54788697903533
150.82544366663578
82.17346143217907
97.40137655009777
6.950408810471553
37.16449451431858
74.21486687067703
90.23706848578726
92.84499722572752
166.43452210876063
64.89612807643066
40.03637302357164
30.13159659437142
31.536668354285403
136.7164315069517
135.40644609082776
168.38768575403057
157.37286080995986
50.29163422337738
127.03474006460719
135.18875215799628
166.54039753870444
162.02431727997205
86.67311230464256
109.85163311279992
41.423743853897
42.075326117524696
29.19226823745139
118.59961491584873
113.94982553189547
164.73944386794483
39.28458542737768
29.60790291489567
39.12978966178083
24.11605803115549
133.12028374905856
84.69613009158965
143.90181186465847
179.5528784011125
52.22903248573774
123.4317761335513
129.04082451962026
171.0196199132622
157.35772580418723
87.40082069382886
108.59020344854514
44.3522975719118
41.05841823616265
30.01688602779367
119.77087593072383
114.76302763387017
163.98855006265865
39.358390369670126
30.518345492539527
38.77556625891991
24.55445006969636
132.93041616191996
84.5087371523815
147.20596104201806
177.92589651914258
51.73258570652303
127.51089560105757
126.80150042600779
169.94189527151048
157.8304110308661
90.68779117475417
105.46944248166548
43.98925275481078
42.83532399122059
30.002327159171177
122.31856396053033
112.88282271582538
164.80209395410233
39.49973431123773
28.179772271145175
37.94191702976034
24.22615353468215
132.96737193596002
85.18768002586106
145.09356060990987
177.03258465131844
52.56299545857014
