129.74911132683562
121.94246907753578
150.7825789858247
151.4702421358955
97.81081233651177
89.74314613180802
1.1355083095119913
12.625791046925364
82.44565762165057
89.70733707939021
76.11800158683052
166.59425554723424
65.87774370057551
54.69263168706589
36.53918171711159
26.42635122223251
128.64981802972184
121.7591585530769
166.62738145161697
164.76044665695343
55.966297539956024
122.28556850195649
81.5974264586518
160.73748805800366
150.99223940736337
100.63048564020802
109.32310886627464
37.92258287312387
54.45145476488971
84.2290385135073
85.70160810447946
86.20917576754685
165.2140916902206
62.69968811743912
51.847404109272496
36.14897524279343
23.361543765870714
130.60739507563275
120.9268679486291
165.3356737821015
161.3860060999982
56.14010651824614
