133.0569246909266
77.27914230679106
174.92133693673807
151.48648992653773
89.6534704549104
101.32609748674786
10.641304801422734
28.901482089616877
81.30802578378514
77.15184305498813
51.169354010590034
156.21036652517412
51.49697909997634
30.1249312103756
33.04118499200326
19.550969098113093
135.66589893625522
144.05145232845723
160.71434977777017
154.53575265555386
47.83801563318334
127.80547670516529
73.73710218272795
173.44374970048918
171.61195694441744
90.60427274637146
76.60819207488383
48.89784535115309
49.455681659931216
86.3745906477168
93.99514351538173
109.58078504021516
162.9154560891255
64.62496043845718
56.04614342125725
37.35538574349692
33.94693225021346
133.67218490917725
146.46068291714283
165.99204015220772
161.5059376651016
50.6016589921903
