91.73198141696957
139.26888654669926
167.40272169318644
154.56476690093166
94.60155355318116
94.71771749354617
9.041940011412128
29.86678258694342
78.46103467662725
80.52818079949054
39.43810001788405
158.94042044998307
51.62752306345813
19.374201348121556
31.224069165739035
16.695113735856673
132.3535634978187
131.69575084127885
154.99031275341542
140.93810222146251
53.170762667170415
135.12504868277932
133.3571891532073
172.30994530882091
173.55979588376232
91.88329596725886
76.08483982069143
44.672212157453906
47.85736099120468
87.2567473693758
94.78206162610111
116.16757634659638
160.55454862530203
64.24853118091916
57.122304243100835
39.20519609326044
28.275111555410678
134.36016475556946
136.38480136288325
167.83171472061355
156.9784197036162
53.978371033205484
