66.80351589326678
99.87516528721888
135.60938977477716
151.62708979064436
101.65584326548576
94.71402588449068
29.462786366124977
34.54212238273162
65.33479331782259
77.3122403321687
78.61763555684533
166.33944974908943
50.15003496976153
40.225360900007395
35.59459480522153
11.135859152559654
129.06100124271887
121.91666626870318
163.39478010931833
158.85006988196452
50.681129822365804
162.0667466151898
107.711438227576
147.1370792042566
153.6287465325729
102.067499573101
81.2717538809015
4.00068550978709
20.03366237325924
82.4378585533331
85.38537482518532
81.80380896292014
166.91847513628002
57.338298046718414
51.11255597137303
35.839685655605685
18.850845109301236
127.57848382401926
129.00352512276027
167.79330780880923
153.56433624339215
51.18944306060065
