124.44920034757146
106.66433190884635
145.93827870644586
143.1218830822331
92.89516453496617
104.45373318908801
13.735795698209932
28.270443986767006
88.62886133054027
80.83494505265242
86.10830694487726
159.79525041466403
57.78813855908077
43.10344255244097
36.38491893927837
21.98382993278686
130.0733759211964
142.35097677310173
157.01261094715363
162.52049999405205
52.097297776296394
74.49270297638724
120.1954163785205
168.92562952279502
171.24324497777621
96.96560727239209
109.23882085087814
50.6767163636723
55.042795969464684
71.02894951329006
102.0702057347476
29.029349754655662
162.05400034947368
60.67196697619807
31.283992869728902
38.269523512035704
20.208746688679195
131.73682395075136
143.69679939068953
137.17548611096942
147.00915946970284
48.139072944156574
