125.47183594804076
138.8925840634524
148.8550850208251
158.13988102183475
95.73181166727214
91.78760266136625
8.29948250138012
20.65663984418308
90.45338931379115
77.6596255741575
89.95629680283389
156.83772532391336
57.579706407134616
43.82372044607238
34.62801024049174
23.188948076991263
129.36737560825546
137.1172898236865
154.84576320489623
165.20867429895156
53.6234451986691
72.30066092581133
123.86611352041315
167.10968500243973
168.5703685701058
96.45855313383178
106.10195055867885
50.02399703553658
50.28939976335889
75.997530399417
105.53818106483466
72.35317029551055
159.59160949979446
66.6501024359515
35.22875768244997
39.57619741224724
22.63270386474942
128.87375155921137
137.5641004715786
137.1009075780043
129.13263119381693
53.726480623360786
