134.6941665443383
128.8968133201702
167.46657630067847
154.6317809171898
93.812244618762
100.6823471537513
11.495926600535883
32.42595405476755
71.49028366781968
93.54453655630454
85.18040181194411
157.07414597683677
58.42240116770754
39.66933995594457
33.02384013131925
21.58531148364925
134.21617608366677
138.2090050689261
152.87492718123536
170.24215465972196
50.349210653233484
130.0653863655837
75.79780803573732
168.71229945987028
165.6686430595052
81.72201098054893
85.8562911862173
44.07450373186444
52.092701276278
87.1934450238742
97.3818287344816
116.64937539771512
161.49686628696156
68.56978880646491
63.2461847022936
40.61347806288725
30.995052202502205
128.6728117618545
140.41502596933924
169.21138825057926
145.97290928649974
53.247700405373514
