133.7336296878736
84.46611429124107
167.24351693618982
153.5555766347238
92.55813074663725
101.09500624569948
7.738189080715526
33.35692582268438
67.42133051478979
101.95819165353944
86.48931751355758
160.36244308965007
57.2933267807436
33.6424265492763
30.72488643169703
18.582029201417885
128.39481863421042
131.87134388459913
149.8159047674456
160.38775221683838
52.52106441181606
127.39984543944206
129.1346801534418
171.26608617922412
171.25456056615195
89.214564080254
77.34920859137408
43.58032929199281
48.46711847230041
80.19962392325219
100.84672277039544
118.39832505295962
163.67744715447526
64.7316894668945
56.96560935255064
35.74329985317016
30.631586231016836
130.85285066431751
148.74172438230923
171.28124576665627
148.02335216618116
48.72492168745246
