144.42405915632898
75.22493706681487
175.50120045866308
169.77778946181203
90.90436586841864
73.96981871794131
49.57468769813865
52.348178302085486
76.9631601599633
100.42706521862497
124.03648197653617
161.045710802561
63.43530078653508
55.522666691372955
30.740567007043552
37.49549598983027
131.73276834512237
148.16296838899288
173.9633946174589
156.640739148616
47.45089463344221
127.88631044053315
130.15594492171556
142.77890156562512
132.6952760146459
96.54713568690079
113.87144528113112
15.667911672713958
42.79931939526595
67.48895706388032
82.58812265917425
103.754452355602
155.0804135452805
52.01457234105979
40.17007692675486
30.867355117566035
16.548106486516392
129.74431794652898
137.5358220750647
156.76310726979878
142.5655941612276
50.75026811845131
