129.5277659799383
126.60989484629624
169.419488112342
175.98635547960117
86.15271150283749
81.17855435266834
45.70976213118717
43.95075022691694
92.1173441616483
91.18429723152593
104.4394826184291
164.96678499390856
60.4013084794685
53.42211584804481
32.52835356021877
31.656054928689745
129.8600561039286
145.6520253230081
164.68707636928954
149.1669530102512
51.95789585989313
120.86520726549605
94.05041405441648
145.23567367876495
150.36521480924122
97.22067912742273
109.80362278541472
13.417929887140609
37.79419493606355
84.36993894655835
77.8126658736804
73.0089441443091
161.79193610944716
57.46927141380405
27.18352647696306
38.045010807556594
18.746098753571015
133.8892509905227
137.36604602865535
152.21215815300366
132.21313358103166
51.45701838666768
