137.0561657757885
134.34135590954858
172.48773819939464
148.1189292939589
87.70505588747531
108.74963022240009
9.619905060850472
31.952126542561192
88.63905773635976
96.99121981337072
42.808958690027865
158.50929605932853
52.27285783982545
21.163509773552082
31.483921192687298
22.64815128061496
133.24281022904893
146.91022415665776
150.1792330565976
131.12438505397358
49.52743242127311
129.5277659799383
126.60989484629624
169.419488112342
175.98635547960117
86.15271150283749
81.17855435266834
45.70976213118717
43.95075022691694
92.1173441616483
91.18429723152593
104.4394826184291
164.96678499390856
60.4013084794685
53.42211584804481
32.52835356021877
31.656054928689745
129.8600561039286
145.6520253230081
164.68707636928954
149.1669530102512
51.95789585989313
