73.77905710386553
117.85994265048144
159.78002588004313
169.20014051222574
95.56051613560963
121.38341016205975
42.52791761807723
50.88362248892806
79.58208261807779
109.24477413647634
68.20703543303213
158.06329597912298
59.65927775921603
33.25663479695364
36.16041274381873
23.233826510511562
130.76260002273253
142.96149676373264
153.51374098494617
130.83937583892177
48.692923422645386
115.11220366858035
118.52174863671671
157.52997762846914
150.78966300537363
92.3504341540934
117.9823892644362
7.9793289734102215
34.76651483046088
84.51330812083877
94.97861390801305
29.48139289765581
159.5556208331764
55.70251788643103
23.31072841327161
31.854934594058925
24.26971461766163
133.85476101905385
142.35044122716218
155.90104897751723
132.13837507821768
48.68653092989594
