96.46935887347188
24.068421007275678
162.40637028492867
165.55734250205023
96.78838596075018
96.28873501264377
10.474658092205816
28.163840928149913
79.5675559567091
78.73069852804296
67.0943126936078
164.7374184580279
57.56063080398224
37.28891458576943
36.14061539986328
15.489305650746497
131.5560749609152
122.67953908529536
162.96930155082543
167.25756857869752
54.48209297096722
125.07710454050772
71.01731464909864
160.61895608312125
149.1644926197852
102.1588671933593
94.55330986613396
38.029007251111175
27.40284404200656
78.19027746559723
79.47444363066816
97.45375576256963
167.82018751683208
72.73255229670167
42.69949845341787
41.35990807625991
28.37919712705333
134.51621512022976
121.94738092088149
125.34136452968974
152.98221113987802
55.750763079726894
