112.43483054998136
164.78875987924064
140.02680572905777
155.56113163932906
98.4113404998284
85.7964417020849
5.041780097052323
23.708050236486113
91.5064089610711
84.9098188210899
82.59614288953318
160.87247978519738
55.35148927617469
45.07501017739195
34.36721494097279
22.831139063390193
131.65221012685203
139.61628931680082
161.67822124275855
162.9087734781631
50.26110566894953
130.04846591641248
129.3570655834197
168.344360350294
177.94364980799057
89.86980990257044
75.03883930656379
44.17879011412891
40.876672493850265
94.4324374173424
90.69598863894115
109.82799923928471
160.549011874383
63.05354041594149
55.27970776600329
37.940401192956266
29.51549619066112
131.93041222528961
143.46117633271788
167.62537169491466
149.1538922444293
50.710263110671455
