129.63021138472538
98.51175795270869
166.42076116117394
149.62578638448673
92.4735359199679
104.72451326692203
10.356821927299565
29.738185818426107
78.00721311776454
90.48153566162279
50.9745793134001
157.2821227632867
53.232390364553794
20.78145141423355
32.544654251150796
18.47842381059236
132.5657208446168
139.37601060484155
151.56374027754558
136.3265471135046
47.694576349867745
139.326684778723
130.93966869604512
145.57430391990914
177.80885407998457
88.0721151339898
71.86496649479011
46.45405748290851
30.238557641703277
96.37533774176838
94.28334343088483
108.92100290241673
162.93228047496584
64.33453708624029
57.21213829355986
39.13217808324211
30.64579185545665
132.3375406340964
145.92481249282403
168.38833498855212
147.14718762013294
50.289548346996504
