136.22431850551106
119.08744595803904
138.20015118098078
169.0319922991928
100.72517769943266
103.47434373073
18.08844503358709
33.41127918404045
30.634592483082542
94.66511361011464
87.70998728738259
155.99252611709187
28.031656297089203
13.525975215849716
30.81482741137394
24.177829566627757
124.35949381061042
87.55148668236309
153.4411573173016
157.39115595365163
56.47837588640299
75.62493368661285
134.78901050973082
158.54372261338463
173.8674221844196
95.24024887334255
107.57344050699429
47.56485236325545
56.2126885662851
36.980493744283514
114.81877545681134
81.06288908922305
158.05269177095605
38.811182962756455
35.906915693669674
36.08468848421051
12.181946375639084
124.7131533666486
103.55284799060891
149.26900191389072
156.7838049299307
54.26364646237394
