77.74239017563457
120.83956422665857
155.85556004165502
167.06063629305882
97.08594993906462
115.78329268737862
41.74488819219478
50.12027716777776
21.251044179251938
114.4348031488941
88.88151594344606
160.11469964762594
25.724467163716156
27.260148225523643
33.556666237134635
26.078223527420032
123.01122114140357
90.3395798626729
151.70211021938297
155.99183450025842
51.23929679582827
137.2621029983796
131.6193756014245
166.93086950559402
156.39307669832473
90.00747173882228
105.38186370134946
8.337503245925985
32.574821424809706
21.878108566428484
92.01026291983712
91.62545796235575
160.00995736848043
24.540880976036398
7.800374865702313
32.63242129694949
26.92821985202205
130.65550611367962
90.40376392136395
157.55898134659785
161.65601495969406
50.59992704047632
