143.4409872802533
79.8481765364319
176.63905235450966
157.1281042387455
81.34954119489971
74.36093408181726
47.99902932171296
57.82568243689402
71.31079564316941
110.7842947137337
124.63393098696432
160.46125875758727
63.57630073212816
62.16792554421125
35.805481630335976
27.813606082179568
133.38389184702254
143.28756808952377
171.93853798567127
139.67936189252512
47.43740446714187
123.95239484246004
98.9613693315428
144.00292566326632
149.48325806337132
95.86927378506225
104.93606686040772
4.971948123289518
38.40700986738445
67.6088119826267
86.23782506644264
92.49135683754629
159.93267928294674
59.38386825746385
43.06193513725747
36.07090172568698
17.855255079105678
130.45810454855177
137.3553884769596
154.44920838596929
166.23597254988007
49.78748905283902
