113.83191216880448
90.53188991602944
148.68237176919217
150.26632260189288
93.69402626603373
122.85874411356595
7.5023005052223235
34.41232029763991
26.163520489403354
97.8103566817707
81.25807762600732
154.69371978928527
24.74767789760747
17.56865514403197
31.424643318812873
26.096017596243836
126.04634372241428
89.80986276155734
149.83849957889365
156.00990573891286
52.8312089156067
77.74239017563457
120.83956422665857
155.85556004165502
167.06063629305882
97.08594993906462
115.78329268737862
41.74488819219478
50.12027716777776
21.251044179251938
114.4348031488941
88.88151594344606
160.11469964762594
25.724467163716156
27.260148225523643
33.556666237134635
26.078223527420032
123.01122114140357
90.3395798626729
151.70211021938297
155.99183450025842
51.23929679582827
