91.60460282192788
121.99463631080262
170.99693403037713
140.98567604132268
92.34398145960873
111.18736582952741
6.126270743743831
38.16172963549373
70.01750318806252
98.7669330452618
86.2885142202182
157.44999094352067
54.59818546254166
20.92456766435911
31.51288365330039
18.816380672931064
130.03866734290048
139.52136304183404
157.97882598984495
134.46305293799645
49.629541002853856
129.59013051497521
130.5090687125965
157.87589088638532
177.33717512647507
88.40045239168695
75.77603651333854
48.20262006234019
41.7927592425197
85.64064471567883
100.07043996197775
113.21295672435991
161.52199184182825
62.364616893004396
56.001134274058046
35.00834147559809
29.493364522899935
129.35311942026564
141.7091156211217
165.62913497499864
150.36422413161236
51.451645983743994
