129.59013051497521
130.5090687125965
157.87589088638532
177.33717512647507
88.40045239168695
75.77603651333854
48.20262006234019
41.7927592425197
85.64064471567883
100.07043996197775
113.21295672435991
161.52199184182825
62.364616893004396
56.001134274058046
35.00834147559809
29.493364522899935
129.35311942026564
141.7091156211217
165.62913497499864
150.36422413161236
51.451645983743994
113.5775499523185
123.36446463751614
149.58198005384125
138.58111970279245
98.22223401653542
106.0025824770672
10.797837167015443
42.18915820870376
72.3032117682331
83.63754374641111
101.11574694131674
158.1879499844016
56.156063377672794
44.058810011244326
36.579664975585345
17.46068144645391
130.71061171505113
133.76367046283283
159.99441761174938
135.32002950492873
52.597381899171346
