137.12952044241067
136.39151045337977
160.38223238752553
174.25073583673577
89.80754404406784
71.34284209106342
45.838593187518526
40.880824581360315
88.23524305707055
100.52984780300204
111.5460742062805
164.19424583311002
66.37408265025762
58.05771392083698
39.703824011325835
29.73246449299673
132.97509110122007
144.40587529014002
172.0345435219723
151.4306273606494
50.887315279392496
118.21861392204244
105.3712766024903
148.86030241648655
119.17515338718094
98.26487260494997
124.41931661617103
10.369414418352559
59.074404755746585
77.27888244263224
81.61301107830977
74.29957927351835
161.11257385381612
58.67131087539135
42.58074279894806
34.94665518670838
18.51458871935223
126.41323613580978
132.08065239348957
163.66281779567808
166.43086284613787
54.43877866879513
