135.14200545652506
125.48080097580801
164.40536881898956
174.37387803759466
87.24902260918815
84.48697008191284
41.76935967333862
41.65365248704199
84.98924407256965
98.81544589780769
116.09293289872824
162.67805648858274
74.23072277809185
64.14920039507197
40.16871871965496
35.53586537639401
134.66717141110027
136.71183845980474
166.7403970545885
150.6627247348284
57.400436529794675
124.56297753837677
143.885838793436
148.1585442931673
130.68436998866676
102.01581198982461
108.9793674313431
5.409041646196744
50.98696533553471
84.35018158804074
81.48556937246275
95.1155832591378
162.038718444378
63.73165561222753
46.54004970396615
38.3853898355904
23.14751105484429
129.50726851415368
132.49782548228166
155.1639251619131
162.3887496086649
55.39950772977099
