129.26747747263994
124.43036473833128
159.269533772114
164.76576385436906
95.17491049345816
112.09363160886677
44.850168722316575
51.457907909590006
69.54918643983683
127.76111214271451
95.33648444151501
156.82823835399233
57.381937934909764
34.50983620242833
31.44485327920017
22.534049544005885
121.60153924898741
149.45533457828955
144.4171252052378
126.01391577389847
48.73856415870988
141.9217036932203
141.21605764989891
171.27693183043456
151.93504397476946
88.69740107647466
102.28970025203331
10.505908921950217
30.228172239298626
72.94202093209948
101.71399147958286
45.48358211871462
161.5576015466627
53.42963114392188
23.788504258490946
29.612701618173
21.871301007502467
131.13023331598777
149.84395116359065
159.88492437989655
131.47902809662696
45.76275181149201
