126.86156063440487
106.68954247902694
140.57074405642317
146.64235806831906
76.37609287070073
87.14548314640632
15.015519878495358
38.01744329747133
44.852466028733524
82.35525133272736
80.01513447460725
155.7546968857871
35.83488231561479
17.516918771040103
27.456460410579197
10.899882588609993
129.7290956887435
103.10060117474488
161.62946911770356
170.70277297042162
52.58668032784605
81.49965984833443
130.95437905188385
161.38010458962967
162.126936249668
95.46291454819723
115.13029646342774
46.008250801637516
55.03489780413247
27.401290212918703
114.18270881310538
87.84034795222921
154.0556637769789
31.18604871105523
27.19233627569035
33.819882966540234
19.140833634337934
123.90994697222204
101.14204806710072
150.3433615839477
171.1294809204961
51.60719207059795
