118.5151243127461
93.67992879623361
141.80148845079407
144.39151156793403
99.64523406334834
107.65246495362173
15.138110363187034
44.659070004920224
64.40330295863562
85.04935215287945
56.60740587784405
160.06087967162358
50.733741761657235
33.310340334096296
35.31125601956237
10.767809422243216
128.57861624326526
136.56453742644734
153.9705417323247
166.75871189273647
48.5320981874792
76.82083728996646
127.92336078362744
161.12945406210622
168.16516121407733
89.87481444596233
127.17834186756782
53.069151478930976
60.498535781865556
63.39139798658911
114.57707837620917
53.923151875370976
160.13808532372047
58.23716927882038
37.43035019490847
36.696510410423926
14.355859492944836
131.42366664887828
129.76317612919175
131.34018471841281
166.85840245091867
50.553727943426786
