127.7749963446418
88.21594653930183
170.9363058120133
140.07585018135688
90.44006221855958
103.98270903702071
28.267967144856417
45.268351157277145
84.03943875023633
95.20075710765896
107.24861603284586
162.94377256534096
75.5988483858413
58.72221916664056
43.5579794731762
32.84110811007203
135.16389480317315
136.18583868242857
163.94281125220087
153.48582593355044
57.82329064533458
121.41990091196286
110.57208287573447
153.9834175473075
126.42793670773014
93.06187335548114
104.09589499532868
5.128605029702389
45.84848044309604
84.20842153846974
87.70353203523935
103.74854132522368
162.40272306001177
72.51353211871097
53.41985947068604
40.01998719795349
30.209890342040307
134.73671282632347
130.92147387339566
161.16119425741627
159.26901822152595
59.49839374968503
