121.75241447252232
146.76667580096773
147.63456978478007
145.13748445255783
73.77778156346508
78.48575310920536
0.5505319903804383
30.86778473064277
53.60912132205697
92.57966259162467
43.09452500477559
152.84041821317993
37.1602677714819
23.305189979897897
28.46077781013681
6.428697921798734
135.66332591701445
106.26110992557045
167.35929883337676
169.62318870634235
48.69033261901044
131.43916905644406
122.66803335447273
152.32442499984384
157.3425671361381
100.08875894954234
100.24885763642705
39.40101967204016
44.47447125793259
54.30304892639963
117.87685270402515
36.63630238769775
153.73570328331806
52.30267251439952
39.39627780402008
39.05877292605355
8.27870316554218
136.47976697261865
123.5731588752982
148.57316546461058
179.3672044761553
48.397079121179296
