128.53411972562805
131.43769460377297
161.9406300976225
160.78643241651307
96.62119907251504
102.07526962057123
39.283064833906856
41.463999884756255
65.2622235923457
120.95161245470797
146.56145922899915
158.33790126998844
68.81831510402871
33.76892890704512
41.42659312648726
23.589492053313787
141.50575365478124
133.08646022458925
138.93125981161103
127.24557541972406
52.2587043571251
121.75447226935016
132.838513670218
160.76480300838875
154.39819752618078
98.62736258411093
106.71221344594396
7.966502487555624
39.949534502048316
64.5980071305977
106.0147442639954
149.67565831045104
160.88827345864928
67.62317932773419
29.267322858671175
40.08626404936624
24.38904005219535
142.20630707069662
133.2620496332257
151.03822648865946
127.11697587789531
50.81268466290099
