98.31313691238627
140.1035945486369
174.78496543262216
150.98376771683547
83.40234291398032
107.93104544407471
1.7127326869005497
28.06056784546638
62.79416941140853
94.76804496161755
124.32974216058138
151.40534203786555
67.8685467308437
29.858360863516655
27.789748374523327
40.08566270751971
134.7067765502136
136.90622874980454
165.4232944613748
125.19360555672674
44.42485274988185
99.26572176763587
63.40361966844678
176.22146693723852
147.86114538293978
83.32889018899385
107.4973628566048
44.73422173496222
27.10335106766539
62.60294418647367
94.94250931638996
96.1404189024806
152.16386657973757
67.63805846400525
29.231530399368346
28.288563981488732
40.10161361408074
135.08797152872242
136.89268953198095
163.13704877156144
124.97670235861476
44.8749877640664
