125.39095103051366
142.70128175560538
159.98190516353563
164.0600134768939
100.5082237112857
101.3595750511728
43.9255460599899
48.50918667914722
67.95380798435063
123.76597754585029
158.41068984265075
159.656998750555
65.45712433269584
36.12382817307374
38.11685259935879
24.486299500396854
134.22511029266713
134.28409479127106
147.47314516647214
125.22495695823812
52.444452738658335
123.37195216662407
114.4406986919802
156.21743068152819
157.088134892346
100.66047030682381
102.57299036199029
7.644773783853109
40.4449257002922
75.04232933699251
94.1973905518638
89.55154724180176
160.5702587983401
62.5109607885877
22.88036009158247
36.198255959799766
24.567428977416366
136.9311786908351
135.6841029192117
160.21905535897923
126.54673862005274
51.67370409333005
