129.94215307407853
151.96333538744875
147.6484381602429
160.0831854765339
94.38565590169482
77.88121604091872
4.811329345746001
33.79470613190392
85.18122195148857
89.39601075672881
96.8222155343636
158.82947005302935
65.62788214788051
51.7527803169789
39.55543430220462
25.69683002438315
134.33792945505053
129.96160331363737
161.91810430659731
156.24400342244493
57.25142964322134
136.61859976506884
142.40903041435507
163.0542871005732
161.9245329043319
95.67394244732944
106.32727668362688
40.02659665584515
40.75994740216667
79.04843256811495
121.82577311361266
80.30425988368124
159.7446967237677
69.87003839667928
38.20614378129709
44.061649414466885
24.67479959244557
140.3540227560242
129.169885878339
132.0455756485655
129.3851454465695
57.112903582640214
