124.90383208305683
143.18180196666663
166.34926752411064
165.23832162403636
82.81667332045359
99.22377072463101
40.22772347499626
45.40056498574631
96.40446529540567
98.4980222429846
116.58052474843211
159.07114161945304
75.13858706242766
68.99385639214549
43.40457926603693
39.296398154125846
131.39955618317504
133.44470244453828
172.38255592740097
157.07427417103654
57.17715172072076
129.94215307407853
151.96333538744875
147.6484381602429
160.0831854765339
94.38565590169482
77.88121604091872
4.811329345746001
33.79470613190392
85.18122195148857
89.39601075672881
96.8222155343636
158.82947005302935
65.62788214788051
51.7527803169789
39.55543430220462
25.69683002438315
134.33792945505053
129.96160331363737
161.91810430659731
156.24400342244493
57.25142964322134
