110.90842824619905
109.14561543579205
150.31551795488602
143.99621559075223
85.42581858151517
79.90426678763785
6.356093187432872
31.212720997451513
78.68047613082952
94.3691054831429
73.04186675957827
158.28251184682978
64.70186069543138
29.7831270234529
33.205280229542744
29.16823181813564
137.40494890119237
134.20887166286593
159.67199852510612
138.49185771628714
52.531282434899836
125.39095103051366
142.70128175560538
159.98190516353563
164.0600134768939
100.5082237112857
101.3595750511728
43.9255460599899
48.50918667914722
67.95380798435063
123.76597754585029
158.41068984265075
159.656998750555
65.45712433269584
36.12382817307374
38.11685259935879
24.486299500396854
134.22511029266713
134.28409479127106
147.47314516647214
125.22495695823812
52.444452738658335
