142.80956472017508
137.72990342351784
169.23314882706686
172.43260192557045
96.01140489317967
63.023065451276516
47.228052916780754
57.458897323649126
94.40145242754981
96.99299171630395
119.51622577614899
159.99559644684612
71.22551986475169
65.98556507239768
46.132334447248724
33.638987111552936
132.25300237755062
147.76588575913848
174.92739440139897
144.6995973247477
49.84314161419207
135.97390047525536
95.27024683029272
146.6177979697577
160.11147450780393
97.25782851106922
78.50286044988933
8.67302676063807
17.589007280019327
87.01562617601772
88.67585149644694
98.43968220143854
158.5413070511799
67.91726235662745
53.74197796227685
38.5175212233207
30.572726107362246
133.74253218557803
143.07950550769914
164.80098057588953
167.28037829699605
51.706298810415554
