135.6815052609839
133.2145265013334
173.11809207188287
155.75110018120603
75.47970594465451
62.71124603518623
44.34605302874425
57.58187253428416
91.02937762665768
97.29480203126305
100.30264414843911
161.79835216828033
65.58672921827117
50.84875196762464
35.99075670501383
33.69999648805429
132.52379568084754
143.97084825979277
162.79882618642185
166.1331141109131
51.308645049455926
115.74383889841073
120.71793956149565
158.95415532501283
160.3368838594544
78.34942686018316
94.03634937612823
8.364928414753035
28.723450678400074
90.91807728492674
93.25341789485968
94.58167599898805
160.8993544459287
66.98977571126225
53.097265039874145
37.41309614317538
34.13728270995156
134.61797756024907
142.05339796293072
166.96332761652914
167.39297731106294
52.88798559617742
