118.41323947040846
138.37750641098302
172.37180005284
163.58926714757382
79.37165751271542
68.7425823684713
41.27552859689752
53.392225875476186
90.93250054194546
98.72009014395832
105.98029851728487
160.87637100703728
72.5338203227636
61.51907080056569
43.24515486470189
35.80058034679218
134.31989010263865
147.4417725719761
167.88252270492447
163.22509591368225
51.81888244467693
136.40339311478405
105.25129117636821
148.24822842986205
158.09202335277624
81.04067538562269
89.17726608037059
3.315815870859284
24.68176150187487
63.26818112821342
90.75985976394314
34.63749123621869
159.95727256825754
47.055783163388035
26.46581352387426
41.13324376446137
6.694026593259356
136.71103203245755
105.20447959572728
164.92072623765583
170.07209271549718
52.96742218491876
