75.87185086419002
136.04812449906822
169.1360749315869
169.77654413628682
89.84755311304697
109.89022272734918
39.19242277323138
39.467321287842445
83.88701599071206
113.55856822958532
95.95237346866041
159.94155024853626
79.76840273999244
61.84830752604253
43.199695546696326
34.82087745364498
130.91292150013658
132.99731711139236
131.33370609471456
169.79252771762128
54.46359044715246
138.6544169498646
126.87668446246633
158.00790004739585
147.6317120645665
96.71012449594319
103.12295759523741
10.721408637451782
34.10112191460106
83.58486140638365
90.65221096062439
95.64344342779513
160.70931107315218
76.31443962172672
55.67609320704495
36.531625725467876
36.249909063436725
128.16329480453612
128.49200008422986
163.2738569142544
169.7951022498403
57.891422240712366
