127.26194193040452
126.67057059814269
160.11663194680565
164.1263443853386
98.50491994980344
116.60911684773495
38.82530730418486
46.57212200037778
37.11499377937166
109.19368825115927
84.65405429622938
163.93141758479737
42.200426299090374
28.766108061297587
41.53917563792577
12.181904036136071
136.1810272874026
97.6516742258526
152.10639509967953
166.41310058378045
52.40041707995021
127.76504182560956
122.61582134368832
159.92313531043328
151.26970250188373
97.31921753828416
100.89884408233311
9.159766204862212
38.540670402625736
76.02650549318975
97.44784098107262
115.17048367120802
165.97850427944402
64.17684272769351
27.73055480269622
35.80947547552812
30.34589828166986
139.63340953922102
134.8428959478053
158.78149564441614
124.09397765183397
48.81376714605186
