117.96728628235583
117.53616969633852
173.90091586258455
145.00187548740473
78.67026913630136
94.42925789819064
35.21090744891802
16.019866170198785
93.73641919238753
98.33776199013379
102.96083317588362
156.63275887676826
70.75753826716395
61.44135483232987
39.97962162240181
35.469140035970305
127.40539203453518
138.50110915161
172.3303110061557
145.56782945991037
52.46349591408321
114.04944005784465
109.66479830577526
150.864041476976
145.80170023968913
84.12457375980891
87.25248494182448
5.138406129180603
31.812497088822326
91.03127587324754
87.11595900631727
88.01297343745958
159.32399988097075
66.48847477152916
50.2778124084516
33.4201161851572
32.905509914638714
129.09634784990436
132.8806147614493
163.97048094530857
164.13590300882603
53.24625389328751
