140.2510920697642
115.70787188646996
164.01316064671764
164.71356060618635
94.93055529538951
115.68773986552617
40.91259197470942
47.96031341160063
82.88151472108922
113.2707770684637
76.96186727268999
160.55672092407676
72.85884817771954
33.371619156801586
41.93789987184331
36.43355009456989
141.03517123729193
152.14141487427543
135.16393558400918
119.72017948473834
52.461811967811364
134.11743392378943
122.02021943181965
159.02104845184522
156.8551132067182
98.50682888956112
94.61584498129213
9.966936931888382
35.37968856457903
81.61402439459515
99.86152841987224
65.13198086624568
162.8319970801908
64.65325853079278
27.982867598246024
37.68827855858183
33.11573442275902
139.1647278843185
153.31827955931178
156.4011910398687
120.45566800397194
48.17137988393322
