126.95364817395033
84.38896582613894
168.67101055982135
141.62511235148946
87.75148609817823
102.61944086211055
32.49507615181512
40.188766717019504
90.92906562793092
93.90195502979643
98.21329251291016
162.5241790234853
66.9140851350642
51.46012072556032
33.66754422081738
36.15278185252543
132.28066533452062
143.632425419757
166.26328006283202
149.77920981350258
52.85200537625213
112.72326971005675
103.50616200242429
151.95104918452378
131.96194816424142
96.04177530415318
103.06069488504585
8.350511709426382
47.96030464135462
83.21199259569504
85.77725351980514
79.20340061702073
162.25879939916325
61.913290608890236
37.13290126012841
37.93154964469014
25.040747677401924
131.84950523040342
141.27777863602617
157.07446494224143
139.4570640886519
48.2437294400259
