132.62469837420562
126.81703862738061
170.10391872760738
157.70153720128266
88.64659281067519
115.3750364728
47.780848599277455
46.67106482789192
59.637803517520055
120.46554535189568
66.33010905805519
162.93688421229726
63.93355411009433
34.29912732635688
39.768996314556084
18.59670815604569
134.763319185677
128.60885814647798
147.65972218057257
150.65709146234082
50.33799469127947
131.9204195451062
85.33483942221083
164.2767055299993
160.0569788747412
95.12949189625695
100.66633725005867
7.8622516321633515
32.84064015269264
67.24907725638796
97.97238776457526
83.29587434336241
163.65043661895996
63.723822168750985
32.485277028127115
35.87564883466198
21.07629618624027
135.65035197624715
128.7009867799078
153.97044762822892
149.22963492595125
51.3006778404064
