117.65986698749748
142.95970971766565
169.49900659772493
167.4775748532054
92.14161039863309
115.46437650565201
35.4679009112927
37.61708702348087
34.36192595783352
118.78257372892715
54.25711819885082
160.83559942070144
38.334039791955796
32.51103397122303
36.58373750868164
13.205281679690238
125.40710591438486
100.86343663728984
151.87208617646908
150.3891380778569
53.738492884902726
119.89037301425911
134.40673679145556
166.72176372175818
134.1723098589779
92.3024590718348
97.64246990209868
10.791917118149163
39.46857542189214
35.523127186353584
104.04120484683094
64.43213811191549
160.1687165374147
35.670465754555714
26.41923944551104
32.31359491309328
12.776367046600253
123.47996603991723
102.60590611731597
162.91723951490204
152.48569990239363
53.033268032548634
