137.84105468758267
87.19092946057827
170.3375305079465
138.4733753832989
91.50810247766198
108.33167382285079
3.3283575456595185
31.331106760290165
33.113604204793624
94.62178155614217
67.4234459331484
161.51419850131907
34.84988821626764
21.484192364919817
31.625542422451034
14.476012726053387
131.1749503946828
100.92124680582921
164.7171654204035
152.9020032140884
51.69410205250221
123.05511693031535
123.18834749965993
177.31949245466632
169.04858112290557
89.79079954455261
76.77973903284212
47.20190911198892
53.90494285113434
87.6444396163108
97.39409809193617
114.25646838427234
159.48180329126438
64.77757753696054
58.18902486950354
36.714790836523335
32.11028845078634
129.60853775262512
139.07997018467816
173.477387846625
154.7185435424212
53.524907245403476
