118.92822890641824
136.5094927100564
144.16119402159828
160.1821287853556
93.917042772643
84.4972872910783
3.0872116092976887
30.35348047681092
84.83568773374363
74.69280397688061
83.8270240144794
162.63515285434596
58.57381871378791
40.595936300103624
31.678550994090184
23.178272479873744
129.7264106445946
127.36926332905662
168.30250650335736
170.25679668974038
55.01954274166332
76.61834920422395
133.09698815501284
167.8494950416783
161.37125137266514
90.99144813223437
110.91823624070197
45.34612991722961
43.82044850882354
62.356633652236724
113.46681827170379
75.7351267805381
163.28608774755335
61.624881529127165
25.03061467349391
37.55864630488342
13.491023684638026
131.50791142551867
118.46808678570572
132.21889221894395
140.0780464126338
53.6498125173566
