83.92346386227872
131.34509416972435
162.7443199155082
158.31642537565455
87.31937547443808
115.94091006359082
44.94400964257278
44.387893544493025
66.45736999595191
119.62062758715783
80.00184861490916
165.5465450944207
59.95327458319516
28.476224297790804
39.025348650335076
15.197274269797026
135.11997086243804
117.13461523312488
125.41684871413446
139.9856480937754
53.25017643975989
99.37162117792789
138.64373023180215
160.7785940856154
148.10459607062904
88.08122600258069
112.40255604613883
7.257480540863968
31.84955214405129
71.2741417489549
91.63259060704632
116.88733372716871
167.57898005274822
64.17552785587417
26.964702314973646
37.64309043366647
21.20522277153766
136.13352949606227
123.54678373509364
142.17986443927822
134.5033170240933
53.28027265019449
