130.5715676606741
120.94332629578551
175.5038563058664
168.4321928530521
86.1919600535181
81.58940523442567
46.70386817688311
50.26707958908026
87.33718722435262
112.30777174718513
120.68194260349246
160.62925966431524
70.81403714580628
67.90448624403574
41.23563048542651
33.79670473259931
124.99761136433969
132.24862714668825
177.58552043015032
151.47014197843177
56.51440112133769
134.46058927608317
120.32728906969487
141.73357814554774
143.85391462283238
93.42245964082335
85.35270953709636
1.56551183296821
31.446368784939
84.39000505606896
76.54342508518363
85.45382675322779
162.827752227844
61.987540735851
44.97132374659767
35.03746350338161
23.817155325835554
130.15864904451632
127.6142811502485
170.19309879203539
164.39971715249013
56.3468719548201
