116.51119107407673
143.68923143446273
169.71659846984198
163.5633537638486
96.0320484265844
110.7239209337844
41.09201651029196
40.09290600347182
29.85923408388595
123.52412539169192
109.1757123936895
167.0435667191769
35.56375207256242
38.19111049365369
41.83163960126245
22.158905616863066
123.31999202971669
92.49384870048267
146.17882202374116
177.46819616565423
52.69646173491204
123.53508830911915
130.2692531671699
167.70397327922157
158.15979291268266
94.85137139715455
100.2899805624468
12.378782265242455
30.065487226809463
68.52683938229694
98.40122400729582
66.9393873499282
163.1130733894619
60.51110285314347
34.25891994660934
36.062478209024846
23.18302919186724
129.43532917937296
140.6810992873371
163.13026831930347
155.68777076303175
51.705982384465955
