99.86995061758034
117.38294250259362
146.30816643207189
145.85986616064392
96.41258951527773
77.93789080427543
3.315758558748081
28.7580425221158
84.4912196328866
74.29984509488376
73.16834518609213
161.05959185918914
58.06000291486219
37.574280499628685
35.24989415020371
19.945740776270494
130.2813380475133
125.78849637370405
165.22551035016662
160.16285952499837
53.666847367284355
81.76489191031791
140.23090628400763
161.40445013311273
158.71759825078965
84.8543800593972
112.13836161997821
42.74217797925941
38.43271143192233
61.4823437835488
113.41878315629943
56.17139536165439
165.9205230473053
63.034804607708594
33.57265806386047
41.76246894249495
13.12255376302834
135.0275000658205
119.82214095244908
127.34287543200583
158.74552639186416
52.42076409289062
