85.15827555147564
128.95151509212312
161.6588486331596
158.18551207942596
88.37219274402855
112.427161791161
42.72438533149622
41.90632109794619
66.04097162601387
110.8638004722812
93.25251041394567
168.05449163867058
68.57788822026109
45.53964493274385
42.758970937854954
21.050344907744485
136.3037452341694
127.22379358032059
131.0847759354348
170.7763007964332
52.68340098842376
104.74721572950118
134.90894942490792
157.29245963408871
151.13888962826144
88.80575180545976
106.57950109116756
9.005453774364193
29.361593787911463
67.47734954727086
87.86739568068545
89.06898887634064
166.93851940268414
68.64622784964521
41.37036128925147
39.14503632272778
19.122477136027754
134.75439052390658
117.98313945402147
139.45205701517565
174.49245195511003
55.79312239226829
