136.36718303499484
135.71189120190212
171.7025582027005
157.7819186668896
88.68195518954353
106.05226422288995
47.51229057875992
42.96150061309047
70.99945089807457
127.29693250268262
93.63365070055741
161.26115006742816
73.54926019448531
32.57400710961905
39.854133201319016
29.251809380460262
131.9668810703795
132.05846230939594
127.48632962524677
115.9737181352076
53.62004415822041
131.25292319294667
136.5106972057464
166.03098326571035
150.05391048755183
86.59755685835783
109.69187670610968
10.147271732247065
34.04252985455991
74.3800844158355
101.19165108045799
121.3248573549467
159.87778117466118
74.60034637953807
26.53737010714832
37.17087530502896
32.642230379822905
134.7481764768866
131.77639830903848
137.5636602837761
117.9466156946215
56.13190663892058
