85.56138248054688
137.50547338354016
157.51197881244263
155.91946584187033
91.55327594886255
102.12586088721417
46.187733557887206
42.83754861371071
67.15761518964194
116.74483337085297
67.76421606480353
161.7445238172832
69.0843350600045
42.28463597168145
41.817183466084735
19.352609841534054
132.54380708074655
125.59838327980223
123.17624333510568
149.99693991892437
55.00352688562644
138.2129068023445
147.53489127029783
170.06517146364695
150.46930435946828
90.11754348548945
103.29712410381045
9.813919431186399
28.519386665175915
72.94873886093681
92.283784377902
84.24109588955513
163.00919098472497
71.27612894476358
34.88670368858346
41.501249585321425
23.489018157817714
137.77177092469003
123.89814916658342
140.90412645232576
150.34211011600118
56.903029588789614
