92.21762590269906
132.82545672464272
151.98643197307405
149.23968701542847
66.04406706596106
99.58331999712979
11.49650687524143
28.066773829958823
36.03419867018961
94.15383155437569
83.38903497049714
161.5193530013635
31.724279037085648
11.525714853783835
22.292981252433577
18.232365614460672
126.6398964776617
84.11583969455081
170.3975195289672
156.4534010424675
58.72766808469948
113.78764142516287
123.39758592591366
169.28889150445679
162.8300259904091
96.8455629309196
105.36515531219065
31.579764469110362
32.789981929284146
35.50500001166971
121.17567336035788
96.96249790446788
163.98668385781585
42.10166042831882
34.08254318425717
39.737722978142294
12.868062525728334
122.35132398177818
97.02162656222586
139.71205343553555
155.09602094054063
57.476462213711486
