100.80501131709958
142.71169090431377
153.70365739033474
154.4633825960489
80.06299411526628
99.03029270065176
11.064923200717715
28.240206178179353
74.8008340170494
89.19963352662228
86.68204015749548
159.89220189624302
60.848114609856644
39.20319382112108
28.95494395576283
24.636268365628126
129.4938206248838
129.28686793328103
157.24162287787343
156.01606140998945
56.00849975304785
112.95694914209196
130.3311292458121
170.64809952646442
159.38365500211046
89.24031199254277
109.20670730154576
39.90719419341058
38.30308491351005
31.796451325792205
126.09313722165899
97.76161162328252
160.10145363463752
37.12955467267146
33.68786559232365
37.460746630466325
22.905758646888867
121.5440290035298
86.45601857962434
139.40459541666203
178.31609693497558
56.77894061498249
