80.69484805505162
115.77066224399856
152.14686522523112
153.77300463953696
69.97968632450642
109.98662874431143
21.995830904142988
13.885615219198213
71.76807994398139
99.08218765059958
142.69187839148074
163.87691868882325
57.883513387721585
14.509965459666757
22.55164846867342
27.823601067761732
127.8783452880607
123.83173524434171
170.5420665868405
116.08484751921957
56.552310595288986
116.13867464850281
131.94251741228348
168.75040192332725
158.0743728281827
93.48821851722188
115.89536181438947
42.4567146053016
41.61320364317821
72.3841395601653
124.68879136159723
119.7330125247889
161.22184595464
62.003146546957055
33.52317881075052
38.81613487473935
20.6061486767585
131.9988736581956
125.94433614827034
133.04564530634482
112.87032230000133
56.543144685618614
