92.99007930206162
104.77274113277377
155.75989270866765
151.993273549266
77.59042372287286
91.93374812516696
11.047858256230606
11.873082317263485
48.93206874964327
101.04790339929488
102.43409694244724
164.98108563699043
40.55265413953104
47.2398282584578
21.2774823021418
6.882216627571917
124.09829403219582
97.8597649379088
169.89967340143096
118.12944474125487
56.76444516997224
112.43120013596727
143.35821227305775
166.08474526698174
163.9586179170772
103.58348220653856
102.22412389981605
43.00840228689043
42.3949654868347
64.22245362848521
120.2276223702606
105.55472302752723
163.3859740382969
62.062388309742985
17.312924324815206
38.97723077812094
22.21618471018476
123.95931441285407
128.2988942827541
143.65174241787847
103.81774964977635
56.06986541312793
