132.14553851564722
124.43641257803638
171.93923962824712
170.72889891344772
76.87990491192664
107.26729486396523
47.971029071576424
51.95391451248146
78.15862129822116
113.39448192361557
125.40741052484958
162.04856377449536
66.66895633390081
63.27963590037112
35.55176599773287
30.506342991238
125.03095600457506
132.9035237633527
174.25779261987927
150.50864131042803
53.88740202892318
112.8121557604905
116.13113322322744
136.97393415503709
145.88687598826039
94.11221097675639
81.07142205210177
5.683938358143409
33.68261870633142
82.72695087379049
82.25469085383124
87.02340442110176
161.88113547517304
58.12173056035414
42.1555633890508
32.09366435728632
22.160694782677826
126.30833309656991
126.63490186238336
165.73197106368426
170.27873328066462
55.60298416085392
