142.05891316114617
130.31712545130418
171.3489805697796
133.3479129009574
73.59754163265723
110.78036407462191
47.144866174656116
23.596563414395515
80.45506987474221
116.58951958508152
126.87765484143458
161.27761118690483
66.5748834178675
66.71992081165162
39.14192589389152
28.93422127079869
128.8191413166571
134.17997206552025
167.45829013966573
149.35566607453222
54.8062252616379
84.88495172516447
125.0039494967613
135.99263804170658
158.07949687170802
91.99901211674675
78.16925381481069
7.381118984776804
32.84563116711039
71.97120601728484
80.4445741147797
106.54082786930296
160.2915546967427
59.43852316961315
31.03062114123847
33.87665799427391
20.191630577641643
128.8617399889714
127.21657765826981
171.28069467627915
135.53601089975805
53.846501864859526
