84.88495172516447
125.0039494967613
135.99263804170658
158.07949687170802
91.99901211674675
78.16925381481069
7.381118984776804
32.84563116711039
71.97120601728484
80.4445741147797
106.54082786930296
160.2915546967427
59.43852316961315
31.03062114123847
33.87665799427391
20.191630577641643
128.8617399889714
127.21657765826981
171.28069467627915
135.53601089975805
53.846501864859526
85.33241950788201
124.4368122371663
156.96138629538643
152.72777917167133
90.43474567929856
106.03653016582074
47.425642203630105
46.103047681924885
63.2258604398801
114.96810959594349
91.4125805857153
165.47568561989016
71.33068633029845
35.90969586467953
42.93253093414342
19.626788893617547
134.16049688895748
124.37487040369982
129.8234633037325
135.51897192803693
54.05859308385998
