114.46322694290616
125.69582072182088
141.82082680887692
173.57937529899615
95.14739578040327
78.09138546084141
7.55581095303154
22.146893214389024
77.1362033210789
80.19084273804162
79.95554794392923
162.40625087003002
58.86447329999444
39.99609982116322
34.42231700107513
18.043489377969365
127.67799708217001
124.35744530308592
166.9229486888072
171.65145239837847
55.62239881290256
85.40590923898793
118.92291957163091
160.79371063443978
154.32743570672272
89.97429860488512
112.30316453532862
46.07699238050911
45.27517767562392
60.116944449330624
112.61488910581004
82.05974165467006
166.14760064119346
62.29806510843521
28.866893177767444
42.27165730092921
14.333221204080845
136.50838479655593
115.65517907489166
126.57433799746973
138.37921490389962
52.680573176845975
