82.70793723254535
136.0288738088567
158.52250209775653
160.57173250153085
91.42013840881377
109.1369238512531
47.1486220448661
48.44026093585714
64.36466498222848
113.8145010566454
116.63179936061682
166.11457940111674
74.50679681325079
43.11529399087033
42.22592090469408
22.749751475243947
134.64765566682487
123.37484018024185
131.519207424795
145.57466986385393
54.28145830506069
103.01284648868462
87.09150438498853
156.64531844374022
158.5676714922989
92.47972614612901
108.61198816371446
10.582722019048624
36.78136523039236
69.24937499020456
92.45161772817417
111.07253475333648
166.92704233503252
72.15445918460982
37.997055157865034
42.70903153620943
21.549497030401927
138.31932801026815
120.11377675976172
138.5221981991127
146.5186837887159
55.1720890946973
