115.7152009203492
121.26597709201504
139.1673012702732
140.74306361400173
88.51686280831021
82.15764476734901
4.027205712904321
33.59632323229969
82.86361461309649
81.09039149433572
94.7848092977517
163.27761641932292
63.07106457344918
46.321252222871344
33.15162453320391
26.87596498328125
129.37763631952575
129.57228046680513
161.13653869475468
156.2516615309486
55.725038300520815
85.31684958209708
111.73752441773253
160.32479852741577
154.63948955781956
89.7425364365076
109.51331558160523
45.45194149596959
43.66258441824699
61.36278592066998
110.53956444077974
47.055033556179126
165.29123147791816
62.268302414911005
32.79619141576195
45.26945501276303
13.139135666479548
136.39754968248755
118.40416830836318
133.99975625764677
156.01571315912383
53.17069010887013
