139.73798873691038
119.09992828400104
169.57840139259784
160.41408065304083
80.621240995894
90.27539783627756
47.24722741170575
50.95417000724684
82.62349109912553
112.36579150280517
124.13762783546089
162.0722701518254
69.28613926292225
65.7664590791952
45.153664385628694
25.946749304134592
129.65222182145655
130.95942353159887
172.5785471071824
147.5071346749067
54.10256250533296
114.62763961246036
116.1392172170579
145.85964539991696
143.41308933932476
93.21305579200767
79.1431071451625
4.0383043691127165
29.852033166935673
71.98412896642705
81.77049525692654
111.43001734948469
164.16358154037854
58.641101602692075
12.943161337414896
34.4015181500709
17.119970589035734
129.67843082263835
121.25440961577195
166.16748448522378
117.70305568257625
53.83146382497705
