131.3810507268885
56.86530763861291
158.11004947476167
124.35040416952307
80.48912912706642
98.37014308426556
35.39016188681826
11.4865894863809
62.13664630749307
109.65473230218072
105.23444765603426
162.04080279086244
55.12607135560961
47.20295234978449
24.4785178087686
25.304818734643014
136.4146098441176
131.4914723383264
167.36226157833926
140.35642226540662
43.28126820820516
138.02730931169438
137.80409854445517
157.86061511116156
157.03015859512686
69.69621670812614
59.603268512080554
54.751421956749176
66.25623824231259
62.346861545355736
115.17240645563793
117.62868187652653
163.12131836425658
51.981091295638954
51.01932092052845
26.660205544635364
25.90257725455752
131.47785802942443
132.57482802765264
177.00611544784863
130.64643218433972
43.484583140866086
