133.53856635352028
135.29967419952544
168.60749094152746
159.52060379566007
90.07649895924798
110.19020915396803
48.22046830685142
46.49871670326705
61.41896275204331
119.34700468670037
67.98751072384637
164.54647475234083
60.90555629210489
35.83473441867276
39.40543798829521
13.63042419466013
131.74776291517227
120.66346636720849
136.88287612988032
156.68055753633342
52.83776436136839
125.65828444458033
129.83167197088767
166.65548882262848
145.304209817688
88.46405860572128
114.22128399857407
11.457576962251368
37.03745341953035
69.12042301131382
101.29918481300048
88.67209347560832
164.06368070014437
64.13074916382779
32.94037990259246
40.53535850305065
17.746895246394036
137.9904713750953
118.64161277557668
144.00645187055756
157.10006722260945
54.643295021294904
