104.60720104391827
106.2670882261119
145.46734357614278
147.26805270700658
79.86189521890927
97.9352380344969
5.319103513426635
36.208414912568344
73.09251713953303
75.88186725373896
69.00047470885508
161.73234948252835
50.58680488415276
24.38059267236881
23.693198742178303
27.299954225517986
135.83645723925602
137.65147535458297
165.18096370086226
146.01424182618592
44.707625124981234
128.72768181151045
138.29307354432643
162.60843233043042
160.9152783932679
97.01363945769577
108.12676263555169
52.70041808921862
55.426266093105305
62.17312334846681
126.17326400098092
138.5634255772312
161.06358407904122
57.74099815089107
37.516531967376
36.841646333202824
19.303460991258913
126.1153882774594
139.1574664690815
154.30099563730332
111.07688789582195
47.045006449946506
