128.4326750866049
138.39634805133562
161.75615434342635
160.75633104121587
93.84685935018435
110.26674438219453
50.677976074649656
51.88964534637154
57.58977507778883
125.02511389458061
131.66030115001465
161.78297564834753
59.19025746295307
33.02970929654268
39.1503394887202
16.474967268805973
130.05392565199128
131.9308900510557
153.06345860658635
114.77640242852858
48.02156960030789
126.71950119203404
124.93600726856096
158.66056606472856
154.44078170385882
92.21454517922886
98.56028555488601
8.20764143416179
34.42310710711442
66.98878702506111
96.11018499376713
131.67744001854524
163.6981310364296
55.90428489965146
19.303775170646198
33.42590125167188
19.17791267568438
132.81141214953703
132.1617370031599
159.74706133522682
114.62500126465729
48.07687534798662
