117.23591067358929
87.59094712819312
164.57444852383813
151.88469640111373
96.77618731114475
107.94461939889932
8.564369645816603
32.3388401941426
73.08612814385941
83.58767443608473
87.10064240784752
156.81247575714434
61.64562875255664
31.7220984876476
34.54236346657459
22.5531029676055
132.28554142787715
132.99346348918306
152.96589837510874
151.2933780003189
50.75628623539731
123.63762426028602
51.36767937075615
140.7985798668164
124.47397901131964
91.80936399408512
95.21378335692425
34.624878690368035
18.904831098974594
82.88065230674597
74.72300317265393
113.77979953398362
161.73155285166868
61.89042983761349
45.57953898156642
29.98632372464204
27.94506780743256
129.2054224467333
129.84222942363917
162.23471514458708
153.4060375793963
55.1600534571118
