129.4670486366832
139.86047568738272
164.6706148826577
166.42476579879178
98.02752018687089
116.20623197596568
49.98353127789414
54.99446612606338
73.75944373628002
98.40086886819068
105.71385966541715
156.26126992479797
62.06245533066996
25.911537619371856
32.909225487286406
24.416395721056112
132.85571761609953
132.1725497366721
155.357307793874
131.74941180227884
50.24001784561246
117.23591067358929
87.59094712819312
164.57444852383813
151.88469640111373
96.77618731114475
107.94461939889932
8.564369645816603
32.3388401941426
73.08612814385941
83.58767443608473
87.10064240784752
156.81247575714434
61.64562875255664
31.7220984876476
34.54236346657459
22.5531029676055
132.28554142787715
132.99346348918306
152.96589837510874
151.2933780003189
50.75628623539731
