120.3625774520136
146.3942909413074
167.88478533714326
115.47491051164693
91.81591694093639
80.45616142433497
58.94739874239505
23.809202971687352
73.16360518909437
108.18411606405908
75.86245318337463
165.27347974851764
69.16081457135056
37.9299240665938
37.59932233856778
26.354909298488067
132.99884235318817
133.96419564748956
144.75034428467882
145.83626477951435
54.99224130929365
123.84349232928082
107.50464253094142
158.08316001627546
151.73659818567765
97.68773875151248
99.15412102414633
7.8189717333365785
34.38749416510243
72.0778477233172
99.67561680527513
80.3855530612279
162.35743802128366
64.97288385649135
32.00008836008446
35.11042178267043
23.991590044487157
130.0060210283152
134.64780884892377
151.85817696133216
145.81399393144744
54.018258773947544
