72.0526444700189
135.6959063136188
174.4830492053529
165.47247593495058
91.98250063539561
116.44742141135883
58.8258477175579
55.74420493760082
65.17300619951831
99.6107310536688
85.73940665533017
165.39264387390008
66.40092831916935
41.27840869666731
36.46697301967634
25.581062926211242
132.7919144640536
133.8605144726363
141.33459393070626
159.76670700744296
46.35913886650655
87.77449118720031
89.75137564906653
157.5019642728855
161.73511934490568
99.2507921205844
92.20175113277
10.288390398744582
29.05446515148068
67.49381923728595
86.93684142574575
99.15238685175396
165.4746452580435
64.00089475734597
43.74534823841811
31.979335015040963
24.67074177547438
124.41772898620248
130.1879500543792
158.30921884053595
168.56415028001348
48.531967096085666
