111.79319105984564
101.10256896531693
139.41955019918714
139.5261043132747
96.96690645381197
97.55840202507046
6.285906575020747
41.96220160907783
74.44741845056217
78.95727381679912
106.42073767409536
167.13724856960644
60.940944250481635
23.524625849040167
34.33117965004276
21.98427771141922
128.84861191661244
133.36484403485508
160.62178593008727
132.0111418405497
50.40642879708718
69.89767455192697
120.68474595357625
172.46649537351743
170.41784062883528
90.01720213339529
119.56946144691406
62.4609703467277
70.72536430795026
66.101868589156
80.45204989067538
152.12620970424226
167.11560960856656
61.599771896257494
21.91048749835266
34.85989321145357
21.590233970195328
131.7964114812762
132.879606351225
157.30862580468818
131.7347284262543
45.28645774884914
