117.19066372841695
127.81679976169353
162.64463085966594
162.08122044261165
96.44197145603192
112.65902065185176
48.03800605289383
50.324797966735645
66.08455292791682
118.24020760536749
96.86795513652255
157.3476338464901
53.67266910123129
28.15665820292989
28.24856892783891
16.782187114287424
127.36532997845119
129.08030402425567
121.89478605102863
137.6433572716374
49.9785413646252
118.20324029723227
111.76961524698929
163.79955462453566
157.66847206744953
93.33364854832293
111.49779796418731
8.722404623401873
36.93407842639641
67.84357195366943
100.596488262962
104.21010790622879
158.36778102876994
55.13553475975453
22.748228029369635
31.396364989137613
17.41853395500012
132.1196437376512
129.1082290014125
151.87852088726632
137.73105932976526
49.85761889469751
