95.20495955415863
100.3824726072714
153.50798399730655
158.6308225944144
97.25515810280496
90.9267952359526
10.528709989898497
27.374029283306346
72.48292270077317
78.87702406039915
89.97279544163978
161.07949470571586
63.81317681446234
40.476920213685865
36.04196191958492
21.17550898540168
128.34900630286586
128.2314950331634
151.95955977362348
166.47949627549073
51.47732362207057
71.62543754504102
132.64548523247007
172.46303806789908
167.60571321594367
99.02574552591405
104.83428307141187
56.138064931367154
55.89409885913489
63.51466010153868
92.2579931282834
92.56912549296035
166.5134174112543
66.8854015026879
38.47289368892973
38.697769471795326
23.01334828963004
131.92105942399428
127.87919988357562
149.00534258748462
157.2312514941363
47.122748721078004
