101.63446822820352
159.88594192224903
167.4373186036865
159.86606967236324
94.36318886214224
77.08567864626532
5.373397058773405
22.57298234945948
82.66077446334758
73.12554481700163
102.1879745852378
153.75305178440954
63.4159385884701
50.4530081886689
30.956303106357165
33.98460780725265
131.8159368008997
142.22933625616108
162.01846623983653
160.4131312033077
48.754812592214314
117.19066372841695
127.81679976169353
162.64463085966594
162.08122044261165
96.44197145603192
112.65902065185176
48.03800605289383
50.324797966735645
66.08455292791682
118.24020760536749
96.86795513652255
157.3476338464901
53.67266910123129
28.15665820292989
28.24856892783891
16.782187114287424
127.36532997845119
129.08030402425567
121.89478605102863
137.6433572716374
49.9785413646252
