119.91871074410075
133.7494449340616
159.23687457474364
163.27732149967977
100.858226308124
109.69265319368404
49.96703712969386
49.69139562051405
69.62778132714602
111.67419915222868
92.71412007276665
157.51355600421982
67.98589394427728
40.907506827932
41.18344607159606
25.602541312156106
133.27757825393743
140.28147901087118
142.5616202843685
141.99808168247938
46.81106442459444
110.26323484847264
91.68786175684787
163.86489934050473
154.4742778417042
94.46750557866785
114.7060366518389
12.691842377995355
40.93586318803002
67.5784382046806
103.10421021818078
106.48772977545896
159.24147139932091
63.82760108882203
37.14643941011453
34.9017553530377
26.460083630929656
135.87464616500105
139.18121240086427
151.15240842126803
148.45004509445408
45.3459197302277
