137.40193515602394
139.79070185382588
147.65509829155485
156.42200078455886
93.171952584098
78.15777975897788
10.23291100887161
38.132825623274044
73.21472547331801
78.88028060063026
96.01968501117808
159.27503625255167
60.23193144031212
41.08825348106575
35.69503742075066
24.94451057838934
127.46141972136479
136.31119167037534
152.90529851223806
150.36882303988168
50.63514357823528
140.04971368406092
130.55684876430448
164.9068862182861
162.65028109644678
101.19150669405205
110.663228193892
55.99199532463841
58.23187890523955
67.76490717467033
101.47969738435444
151.76912803982478
162.6219401971121
67.50119112210277
27.01527142541216
35.91008417727405
25.34426064836121
132.30363420681778
133.61970117902322
147.95600591459174
128.44217045725856
50.50039934651754
