161.03351960866425
142.89280145925895
157.6972926840056
140.90020561495686
76.24283595638366
102.04983794066536
61.02658630360511
48.73792283542832
81.47681938754758
99.06888901692744
114.53501891070395
161.85811773670792
70.87798403697458
57.43969158854737
29.435715033649444
44.960647696790176
130.5187814288984
141.86936966832857
165.90166075777975
149.31527352232237
49.524430698227846
118.99459051580675
140.55792065791675
141.31093936953076
159.56528225119752
93.74050413653696
81.1165596780389
7.422074825708278
36.2009394904462
73.42123008970383
82.21742779549136
92.52270705553923
159.29628112237347
63.198997035820604
45.105739614728805
35.11516902110045
27.717266241240846
126.9021528330807
141.9076202280139
157.87414857237474
149.72969871854556
51.3558545825917
