116.37077920519513
108.22817215844687
150.3385404713149
156.2759157116189
95.06223639906497
72.81874702670137
2.7364903974855928
24.257213653674263
75.78972982551839
85.94845511543238
89.15674719655146
164.26795117473804
66.24692325157704
43.686449480996146
35.05887402806222
24.108406935297474
124.84369930929911
128.26855565813185
155.07803597375676
160.58689769691264
54.97714775252135
71.9479970173953
128.96563858188972
176.2347214152881
167.78648190784193
85.0004340341424
125.09573896751786
63.12298577509315
67.34371023189219
69.35378973629712
89.17283015646359
79.15508460134569
167.83227178018058
75.59327093816385
41.69948456340021
40.8439605461187
34.454017100211544
131.15874647847522
142.20176900396405
151.99149011561732
125.50852896274607
45.50918763901795
