117.59223837420949
106.73135328045912
148.48652988266355
141.7624340860666
97.82733901329122
95.69922550787517
6.3326222420433655
40.0618485567132
76.08496159957936
83.80793794206961
94.18843513175703
167.720017881835
70.61163717659699
42.12127356072137
33.37176391526296
30.516465056149226
126.65430908265867
130.6050796525121
155.5779800881982
162.31950751344854
54.52812065856474
64.42332021749107
119.11026963986512
176.81070250335242
169.85348996553952
87.92131425845773
114.5916726677618
59.383652605006695
60.06096618533657
66.01939999780576
88.29711048422628
94.52039045763613
167.3964474210483
65.18738965620902
45.047057466629155
38.7707557071237
23.719173598806567
135.25085375260863
133.7932800543624
158.84310139356967
167.90978691410427
45.636326291649866
