120.64760635321767
132.12711304575538
154.73811416662468
148.71086885966528
98.99538765870008
96.82457297258021
6.383729900747434
36.267821468119664
69.91426817460388
89.02602331238343
161.63335768620985
161.3103746659042
100.23949283699702
104.54053769122822
41.319692941207414
75.35281465069532
131.4377707581597
127.89638587686578
147.04412323025258
41.39623754917985
63.59225741525732
72.85670374246466
128.17701032021566
166.85009272890068
164.15767059187723
90.59636667450748
105.87829648447668
48.49358739548607
46.151398484316516
69.29209302186699
91.31730639202527
131.37351597352807
161.51588750177197
97.98304141363052
124.30042515890258
39.097148473948906
75.92860225992244
131.8818475784883
127.52010661626916
152.86645901792113
45.693269381546244
60.77929380861145
