125.1564243402172
79.99624485840255
153.7166545172761
148.58523249478452
100.98794315869512
105.3423496548487
10.239865735533462
37.063566476323174
74.10555144582612
84.95289820048362
157.59629629434463
152.40819210168883
64.57412899021294
25.314207242493726
31.350309113137314
28.9962429273697
128.3229253810416
136.10109075272354
163.05183865001968
122.88961272028618
53.286858287574425
136.35618182847762
123.00637500546384
170.8552125911328
170.15086067384456
86.02538069216646
76.23380913934942
43.45483341851592
45.005524297257814
80.88972194016465
101.37686290419225
110.93223347192006
158.7777323989749
69.88406611053303
54.94567985453939
34.786576214309974
34.66197466433551
132.2869542516837
137.94010381925636
156.42638096729476
163.53038398118096
52.21614222657732
