136.35618182847762
123.00637500546384
170.8552125911328
170.15086067384456
86.02538069216646
76.23380913934942
43.45483341851592
45.005524297257814
80.88972194016465
101.37686290419225
110.93223347192006
158.7777323989749
69.88406611053303
54.94567985453939
34.786576214309974
34.66197466433551
132.2869542516837
137.94010381925636
156.42638096729476
163.53038398118096
52.21614222657732
123.7217788442549
141.66941267804535
156.34726627492492
173.33160313362617
94.04266488521866
91.2602085171464
2.6754347820847246
21.059799510236893
81.34875255214078
78.56336998395668
99.25373191975682
160.58704805327525
68.5870957706673
51.58509673226366
32.677404005279406
33.2282375727884
125.76312925856948
137.56866408295807
162.00771731281426
160.93950194617273
54.446206881425766
