138.57192094653024
81.875093254208
144.44935596635204
155.81554934113848
102.4083320254954
95.47099039673361
36.6132328095624
37.9787842113927
80.73966313948878
76.9146606749345
102.98658040824832
169.19490524306784
72.9773705105898
49.63732841658539
37.88367184934259
27.234527908725717
127.44095043922705
121.75225847015761
153.02584424720087
155.07485758880685
59.80532988829359
111.19765001377225
126.37659018499188
158.76044156392672
147.56676595855936
102.33935784469372
93.85646535044219
6.288263024199215
36.45331826181614
77.08401288714941
82.17750098573613
89.63086092739952
167.85603448989454
70.64451494038997
43.26225864126431
37.178304417939934
22.708026283771694
126.62342384773959
117.44537962877367
154.30688091960175
164.09786929033993
60.61993661915771
