118.50748914084555
134.78557661478706
158.8153149425007
153.50442254017457
100.30451362084509
100.26448607256611
6.107975793019037
36.50479890421365
75.07777604295991
81.0001702022076
95.25859362373107
161.16889819764359
64.72575592815818
44.09652428332704
32.8483222749541
26.368368923052785
125.22937735112171
133.92840218566366
155.08322564242516
169.34571596893588
52.08128778734456
133.69086687457067
141.51600218596704
166.2181784096776
165.3792819983436
96.3154024129679
110.49343089483139
44.392677389373155
46.20989838917635
70.34507019360454
93.5663414366539
69.76459726432118
166.373508154173
62.883211811976
31.517575203338506
31.439635005142613
23.78196046313296
125.56506535945726
129.25345281324462
158.53677592942913
152.13411260646413
52.87670629350836
