141.84139359220703
73.55110055848598
166.27322161988067
164.8817313393778
89.10188848387354
68.04305726934636
56.91269979909602
49.18813910874223
79.99309806839311
83.59319418748693
111.76676930117009
169.46074758560175
68.09032263047048
45.663761991847586
33.74032715680532
27.69893854456182
128.48740447653498
124.92130226141929
155.98731484114674
154.27524336542166
56.350979199194306
126.9186993223244
126.52900931230069
142.98712509019268
150.24856083070586
94.05822482859774
98.20204568806784
9.787070029908232
24.84070871932335
73.97520010867626
81.73739049748052
91.16684229588824
171.29061029616472
63.56959486773296
42.18478677059502
31.48635659208252
22.888429228470404
122.93549314980596
123.70817381515697
163.0248189842198
168.21599970004695
55.086543149653544
