116.70166735574712
98.0462615514575
148.02259723659108
162.14116131877168
95.14576209872993
100.82074272236058
7.257933753050412
32.503278697773034
75.23432496169656
82.7923453350699
85.86019767716344
167.86756738773872
62.831468621730075
42.49186936519876
29.50315108578954
26.514111854570046
123.6484122563479
128.1229839303695
159.7249856021376
160.66462414105285
54.612438683997134
71.44364083014784
125.77115882286134
172.73633554537898
172.550950001321
84.98693133970843
122.93582726536467
63.805657388534144
70.25321185123289
68.5079376579821
91.68453147075434
71.68690917804216
167.28316602556262
74.79362934963902
46.605244793002704
43.31226894762872
28.075862586604288
132.91625665222617
138.29471792533644
158.36487723552094
150.49110792847802
49.70299757877929
