129.0945160861428
102.08908138818309
148.69923510201937
160.99148603011054
99.60274389430477
85.07357613054229
4.278467423755677
26.811925061862723
72.83366540384866
81.30244492022351
87.30034983617449
169.55131438960808
61.87128550033308
40.44114476301597
34.67027104022293
20.463683449480794
125.70974378318222
125.5943907172743
158.11952251164084
164.09874124016332
51.144705306317235
69.96277066432981
124.47931522078427
176.42848827605445
173.34363049261808
84.83518999617846
117.35176689239934
59.181115058910805
62.0387997251309
69.34706465487973
87.18108017394907
110.21128668328757
169.26744436169415
69.01303362520312
48.44966775135745
36.69530571099084
28.901631776885697
130.68103528248676
133.89814966556315
158.44774462163798
165.88220801293085
47.57804076523051
