132.4378176191934
129.46307283385133
152.9578125818805
148.35920006818654
90.96431368036649
71.70968799055841
45.43899417439631
17.058519448178536
79.83932749974798
83.76172346692965
113.69149707082529
169.6448494412433
67.15557057751735
44.12355815088562
33.096487970434616
27.574093416529
129.14655139689563
126.03220024165215
157.13418797790587
147.3118601736982
56.27281593053569
110.23693889900117
102.607663721484
145.06545765182025
149.927953896704
97.79164433521464
95.15517221590021
6.475433118596444
34.847936644054876
73.00007235764504
86.60105334295923
98.38678507006111
169.57172107664712
71.15273027864922
41.805259470505355
36.40782875906871
31.081878038413414
129.59015982961614
126.96725318397384
154.95156317684263
143.19932052922206
53.22372094718772
