129.11687739576269
88.44231039268324
164.63216340743148
151.0423523277647
96.94260149383116
101.68762272282822
32.04395909860987
39.303422353817666
78.70382562928542
84.84655313617793
100.0914979853668
168.99159963060632
70.02029324731399
49.61351969141959
33.49656007296695
31.462910815746998
124.53616058416667
136.27416363801316
159.475714468796
153.07313756907564
54.48275275766474
108.02141628616518
108.62620887171862
155.3232219862642
141.86816614953165
99.22834929765098
104.0183124308014
4.863584317022794
37.479320715069335
79.41645068598766
84.08715575438072
99.31397167139546
168.7652165693829
70.23991407143593
47.39599788737077
33.864029220890984
29.57848442009885
124.85319542826778
129.7728332051624
157.45970098213863
158.695825316174
56.99695159265603
