127.94477733758225
135.1586583432548
153.2082761706197
157.58706597239768
102.27041927146442
87.42405446995225
2.1529298377842006
29.382026172270457
78.21777688727785
89.61503777880306
95.76035191974418
156.56881255844453
63.04604414626174
43.369205741588985
33.34365296069269
27.480454833936907
124.88607820621658
147.86924114666508
159.51282677072635
167.2947623497901
50.87090346413741
128.00598181679507
120.11833834542597
160.91724475230552
165.93789360955873
97.92717167950886
110.8605464140189
42.401320258076765
49.729843857765545
73.06394849508972
91.7024141298707
137.96833895625292
154.64747748297592
60.87003093025124
24.876787994419804
31.09650455627295
25.976797956256775
129.00337887702085
142.673392276349
158.3423996395419
130.41087744930533
50.38963103803123
