134.1739536916251
108.44032515067524
151.14251322795627
144.58714321050473
101.21976854408697
101.51127247834519
4.267906472393897
40.337992523877105
71.83654922552725
90.46814775361092
99.85032357594449
161.32855074190346
72.04513033196882
46.98552305871771
38.495832349164324
24.206026260160826
130.90983910451013
121.96573555980402
153.38133696903876
161.33148940231197
57.81897149768983
72.3733750027175
127.16433753652899
165.64219141841875
165.90170623730904
96.4930364097174
106.84085758300903
50.092506927310204
47.883011155654295
62.575970075838846
100.5800997628653
78.96204135216192
157.28037101980826
70.05206535947028
41.708978912961754
41.20130899863072
22.176506634319328
135.64831460631376
129.65760643401003
146.84630648794152
158.57037648810433
52.21620755043822
