147.0593143631394
75.37522250781048
138.3567095375152
167.91367942584225
90.65876286009238
57.288622344148166
48.90806860926562
25.614533647187347
77.92023380554171
87.08238893118168
99.97681287550928
164.92979588761628
66.04013646390034
46.1498389587204
32.5943504937392
28.79043008164074
128.75662722846295
132.55210115776455
152.52836848103098
159.9623476409803
52.25155775837661
93.3675394473208
137.01802398805975
160.731232187697
143.845537851619
94.24889303406486
98.47286705486027
5.6163636870775475
38.02945911764476
73.96375555261949
84.34326442972396
92.26350780171444
167.8624221882618
66.61501982045428
43.85162235904163
35.25924750205738
27.851433764887677
132.80851113989758
134.36272952220597
155.1549694341849
160.2061468209164
49.63867893449788
