101.82724014730032
114.67380961372801
169.43761307289523
143.98237031430563
84.95092272135703
91.21697727572898
3.6130553870496547
15.70011921324832
71.8324465778225
85.85868330094885
117.55214433675069
149.00545252881403
65.94533054814353
38.839524284096775
29.404844036500652
33.83306007019633
131.33089154556689
145.44268380262332
153.06732482686573
149.90144238454954
51.65056582506612
121.27737449310652
143.57902706884622
161.25051238153677
169.01272448872058
86.67587989026406
70.80037253448006
56.945017282080485
68.10326674976028
81.69201059157828
83.9626802644158
126.13310575369516
150.6738300478893
65.78381648193171
46.27528101653684
35.777112953447386
32.819638999369324
135.4696275373906
148.32974634138554
158.0749561777067
141.24737089506115
49.81001749221413
