133.28717124871434
105.03415412940977
147.79924739974817
175.77105362859612
87.71031052128569
89.16781823731553
46.01601675166182
36.32915609685237
82.4094354433981
83.25173841258682
106.75389427374787
163.5751304958167
68.80261244407319
47.61845052892286
34.02939553068314
30.92199308007199
128.80536652577155
131.8555403931849
152.94339090515842
147.82577635550598
55.27192239565077
96.84970579599116
136.28937774661784
151.9249405499329
164.97744189469944
98.0693319403811
87.98462482151844
4.473469349705445
26.824199438475553
76.82236874875659
84.94803840924688
97.87065725877038
164.04993309335194
68.8067815956794
44.133286910921086
36.86717597702252
24.287882980727158
128.63756103020302
124.76989500174584
154.90831811905855
165.92357456785433
55.92843267926883
