56.963294938448705
102.46850639378215
137.69207017866722
150.71883416771007
62.21248196006609
102.20959317322749
44.76302126542424
38.07375707199928
74.31860872142465
91.8503717964917
100.28213795884875
157.2296768633217
62.259695469380084
44.34890263082922
32.357700284472685
24.992914312407343
133.16036759479428
131.5361392937204
156.01927649566812
168.01886597962925
53.13193802627851
60.8126119268447
49.14144641408555
170.789687043073
118.73094348083393
72.12742577614249
93.53345005712404
9.384001994779503
38.41351002931585
79.19466462642701
93.35658581530743
110.73144333927692
160.84995840927849
63.899883669432946
46.136649420755965
31.451514918219644
29.734485687166377
131.01372293314265
136.92905953206935
160.38459529042223
154.03232588841146
51.90155046917804
