55,13,645,SpineBase,-1.229501,-0.2322573,2.736178
55,13,645,SpineMid,-1.196449,0.08418304,2.715477
55,13,645,Neck,-1.161153,0.3934316,2.683978
55,13,646,Head,-1.102266,0.5138786,2.699972
55,13,646,ShoulderLeft,-1.238803,0.2760239,2.577045
55,13,646,ElbowLeft,-1.304555,0.07433808,2.499608
55,13,646,WristLeft,-1.232815,-0.1861364,2.458097
55,13,646,HandLeft,-1.198804,-0.2766957,2.436977
55,13,646,ShoulderRight,-1.097792,0.2414149,2.819487
55,13,646,ElbowRight,-1.123738,-0.01472315,2.889892
55,13,646,WristRight,-1.079668,-0.228396,2.726234
55,13,646,HandRight,-1.072477,-0.2935244,2.697392
55,13,646,HipLeft,-1.250523,-0.2249239,2.646855
55,13,646,KneeLeft,-1.31012,-0.4812533,2.649992
55,13,646,AnkleLeft,-1.536878,-0.7429114,2.76938
55,13,646,FootLeft,-1.437416,-0.787275,2.692529
55,13,646,HipRight,-1.179644,-0.2341351,2.76123
55,13,646,KneeRight,-1.082595,-0.5154625,2.673111
55,13,646,AnkleRight,-1.067292,-0.8273775,2.652769
55,13,646,FootRight,-0.9717538,-0.8700327,2.574544
55,13,646,SpineShoulder,-1.171267,0.3170774,2.694141
55,13,646,HandTipLeft,-1.171432,-0.3289761,2.434817
55,13,646,ThumbLeft,-1.155586,-0.2978052,2.430857
55,13,646,HandTipRight,-1.049838,-0.3539392,2.670211
55,13,646,ThumbRight,-1.096971,-0.2839082,2.667529
55,13,678,SpineBase,-1.174493,-0.2264391,2.717545
55,13,678,SpineMid,-1.145844,0.09122639,2.696408
55,13,678,Neck,-1.112686,0.4016927,2.663673
55,13,678,Head,-1.061921,0.5200688,2.679724
55,13,678,ShoulderLeft,-1.198226,0.2806936,2.559444
55,13,678,ElbowLeft,-1.26354,0.07711059,2.490563
55,13,678,WristLeft,-1.22059,-0.1899102,2.455334
55,13,678,HandLeft,-1.187795,-0.2779846,2.435455
55,13,678,ShoulderRight,-1.053321,0.24917,2.794282
55,13,678,ElbowRight,-1.07947,-0.007188724,2.864671
55,13,678,WristRight,-1.035491,-0.2207923,2.700937
55,13,678,HandRight,-1.034837,-0.2840578,2.679257
55,13,678,HipLeft,-1.197354,-0.2212545,2.627126
55,13,678,KneeLeft,-1.248997,-0.4717219,2.619024
55,13,678,AnkleLeft,-1.487885,-0.7244639,2.734301
55,13,678,FootLeft,-1.389722,-0.7685716,2.655164
55,13,678,HipRight,-1.123724,-0.2262355,2.743276
55,13,678,KneeRight,-1.044888,-0.5110013,2.657048
55,13,678,AnkleRight,-1.058905,-0.8293965,2.648034
55,13,678,FootRight,-0.9644973,-0.8716927,2.567654
55,13,678,SpineShoulder,-1.121807,0.3250953,2.673952
55,13,678,HandTipLeft,-1.167326,-0.3343733,2.428033
55,13,678,ThumbLeft,-1.173764,-0.2648926,2.461
55,13,678,HandTipRight,-1.011147,-0.344619,2.65411
55,13,678,ThumbRight,-1.054899,-0.2795663,2.64905
55,13,710,SpineBase,-1.130561,-0.2147012,2.695122
55,13,710,SpineMid,-1.107726,0.0994764,2.678061
55,13,710,Neck,-1.079966,0.4068265,2.648947
55,13,710,Head,-1.015621,0.5244926,2.662658
55,13,710,ShoulderLeft,-1.159998,0.2898002,2.546219
55,13,710,ElbowLeft,-1.235676,0.07442641,2.481029
55,13,710,WristLeft,-1.19745,-0.1934744,2.446841
55,13,710,HandLeft,-1.17679,-0.2942699,2.452754
55,13,710,ShoulderRight,-1.007013,0.2624077,2.784892
55,13,710,ElbowRight,-1.028504,0.00639011,2.858621
55,13,710,WristRight,-0.9838806,-0.2067798,2.695213
55,13,710,HandRight,-0.9925789,-0.2702688,2.672035
55,13,710,HipLeft,-1.155339,-0.2068764,2.606429
55,13,710,KneeLeft,-1.180913,-0.4785677,2.586101
55,13,710,AnkleLeft,-1.427398,-0.7255951,2.698183
55,13,710,FootLeft,-1.329925,-0.7686866,2.617485
55,13,710,HipRight,-1.079126,-0.2175491,2.719087
55,13,710,KneeRight,-1.032223,-0.5155308,2.652011
55,13,710,AnkleRight,-1.05322,-0.8299749,2.644414
55,13,710,FootRight,-0.959183,-0.8713899,2.562616
55,13,710,SpineShoulder,-1.08777,0.3309752,2.658364
55,13,710,HandTipLeft,-1.176992,-0.3586426,2.454424
55,13,710,ThumbLeft,-1.156146,-0.2862706,2.507452
55,13,710,HandTipRight,-0.9679921,-0.3363683,2.649621
55,13,710,ThumbRight,-1.001058,-0.2707889,2.636688
55,13,746,SpineBase,-1.089916,-0.2042807,2.671483
55,13,746,SpineMid,-1.065219,0.1133243,2.659086
55,13,746,Neck,-1.036188,0.4234499,2.635013
55,13,746,Head,-0.9760355,0.5371241,2.64529
55,13,746,ShoulderLeft,-1.12348,0.3025587,2.532846
55,13,746,ElbowLeft,-1.201496,0.07689384,2.473848
55,13,746,WristLeft,-1.181122,-0.1930609,2.44346
55,13,746,HandLeft,-1.169744,-0.2894461,2.434793
55,13,746,ShoulderRight,-0.9707911,0.2683497,2.779929
55,13,746,ElbowRight,-0.9819173,0.01362969,2.860042
55,13,746,WristRight,-0.9337521,-0.1679105,2.685583
55,13,746,HandRight,-0.9613833,-0.2246332,2.679274
55,13,746,HipLeft,-1.114581,-0.1916854,2.587209
55,13,746,KneeLeft,-1.108888,-0.4574039,2.549351
55,13,746,AnkleLeft,-1.349053,-0.7147473,2.65364
55,13,746,FootLeft,-1.25117,-0.7576292,2.574045
55,13,746,HipRight,-1.037823,-0.2118192,2.689832
55,13,746,KneeRight,-1.010195,-0.5127764,2.640736
55,13,746,AnkleRight,-1.047879,-0.8308188,2.642298
55,13,746,FootRight,-0.9529867,-0.8720787,2.561826
55,13,746,SpineShoulder,-1.044238,0.3469728,2.643134
55,13,746,HandTipLeft,-1.172799,-0.3501287,2.44541
55,13,746,ThumbLeft,-1.142454,-0.2719583,2.452556
55,13,746,HandTipRight,-0.9447011,-0.2656032,2.662722
55,13,746,ThumbRight,-0.9667714,-0.1884038,2.659875
55,13,776,SpineBase,-1.049609,-0.1893925,2.643179
55,13,777,SpineMid,-1.027786,0.1238318,2.635458
55,13,777,Neck,-1.002149,0.429768,2.615912
55,13,777,Head,-0.935138,0.546446,2.623821
55,13,777,ShoulderLeft,-1.091503,0.3157697,2.516353
55,13,777,ElbowLeft,-1.161029,0.0937897,2.463397
55,13,777,WristLeft,-1.153754,-0.1767002,2.431299
55,13,777,HandLeft,-1.152117,-0.2544342,2.435459
55,13,777,ShoulderRight,-0.9215606,0.2905352,2.759711
55,13,777,ElbowRight,-0.9430631,0.02658514,2.809365
55,13,777,WristRight,-0.8979574,-0.1817207,2.640704
55,13,777,HandRight,-0.9298741,-0.2172261,2.658543
55,13,777,HipLeft,-1.076635,-0.1762076,2.557444
55,13,777,KneeLeft,-1.044651,-0.4840946,2.520271
55,13,777,AnkleLeft,-1.269958,-0.7576621,2.617845
55,13,777,FootLeft,-1.175195,-0.7992308,2.533465
55,13,777,HipRight,-0.9966027,-0.1978757,2.663371
55,13,777,KneeRight,-0.9758213,-0.5003194,2.602852
55,13,777,AnkleRight,-1.039071,-0.8213415,2.640244
55,13,777,FootRight,-0.9467403,-0.8620123,2.555066
55,13,777,SpineShoulder,-1.009353,0.354303,2.622958
55,13,777,HandTipLeft,-1.162948,-0.32163,2.434075
55,13,777,ThumbLeft,-1.121697,-0.2402776,2.453478
55,13,777,HandTipRight,-0.9216342,-0.2330775,2.654163
55,13,777,ThumbRight,-0.9299647,-0.2092734,2.627
55,13,810,SpineBase,-1.007506,-0.1828424,2.637241
55,13,810,SpineMid,-0.9858955,0.1312807,2.623122
55,13,810,Neck,-0.9593678,0.4379082,2.596629
55,13,810,Head,-0.8954239,0.5514718,2.606162
55,13,810,ShoulderLeft,-1.052363,0.3233837,2.499832
55,13,810,ElbowLeft,-1.141367,0.09946178,2.456009
55,13,810,WristLeft,-1.134669,-0.1715098,2.4281
55,13,810,HandLeft,-1.132707,-0.2510951,2.430597
55,13,810,ShoulderRight,-0.8830492,0.2917416,2.73997
55,13,810,ElbowRight,-0.9012973,0.03009074,2.799776
55,13,810,WristRight,-0.855001,-0.1682599,2.629553
55,13,810,HandRight,-0.9129027,-0.189644,2.614662
55,13,810,HipLeft,-1.034988,-0.1722992,2.548961
55,13,810,KneeLeft,-0.9848837,-0.4919452,2.487291
55,13,810,AnkleLeft,-1.178696,-0.7920901,2.576852
55,13,810,FootLeft,-1.15332,-0.8789063,2.550781
55,13,810,HipRight,-0.954621,-0.1887605,2.6596
55,13,810,KneeRight,-0.9152835,-0.4824596,2.624739
55,13,811,AnkleRight,-1.036704,-0.8193083,2.640729
55,13,811,FootRight,-1.084961,-0.8935547,2.572266
55,13,811,SpineShoulder,-0.9667525,0.3623315,2.605418
55,13,811,HandTipLeft,-1.138272,-0.3161705,2.434781
55,13,811,ThumbLeft,-1.099408,-0.2485074,2.444778
55,13,811,HandTipRight,-0.9413402,-0.2379006,2.552075
55,13,811,ThumbRight,-0.9180362,-0.159653,2.567053
55,13,848,SpineBase,-0.9596265,-0.1799039,2.626095
55,13,848,SpineMid,-0.9407591,0.1350128,2.606642
55,13,848,Neck,-0.9182275,0.4420719,2.575671
55,13,848,Head,-0.8491832,0.554942,2.582614
55,13,848,ShoulderLeft,-1.008282,0.3294634,2.479474
55,13,848,ElbowLeft,-1.091297,0.07089225,2.444171
55,13,848,WristLeft,-1.103148,-0.1920744,2.418805
55,13,848,HandLeft,-1.108178,-0.2606307,2.427112
55,13,848,ShoulderRight,-0.8369236,0.3033413,2.713164
55,13,848,ElbowRight,-0.8466132,0.03082468,2.720314
55,13,848,WristRight,-0.8018151,-0.184588,2.551093
55,13,848,HandRight,-0.8830756,-0.1951804,2.541788
55,13,848,HipLeft,-0.9899492,-0.1716513,2.539372
55,13,848,KneeLeft,-0.926109,-0.4998206,2.448426
55,13,848,AnkleLeft,-1.113782,-0.8071766,2.52822
55,13,848,FootLeft,-1.034995,-0.9032434,2.481178
55,13,848,HipRight,-0.9053891,-0.1835175,2.646565
55,13,848,KneeRight,-0.8740245,-0.4672879,2.654334
55,13,848,AnkleRight,-1.024745,-0.8021002,2.575889
55,13,848,FootRight,-0.9339349,-0.8433031,2.488994
55,13,848,SpineShoulder,-0.9246153,0.3664116,2.585527
55,13,848,HandTipLeft,-1.113188,-0.3230344,2.438122
55,13,848,ThumbLeft,-1.072156,-0.274401,2.430625
55,13,848,HandTipRight,-0.8952057,-0.2669338,2.474287
55,13,848,ThumbRight,-0.8763438,-0.1804024,2.487375
55,13,880,SpineBase,-0.9153214,-0.177501,2.615328
55,13,880,SpineMid,-0.8992632,0.1376301,2.592039
55,13,880,Neck,-0.8785953,0.4448993,2.556774
55,13,880,Head,-0.8163411,0.5536401,2.565407
55,13,880,ShoulderLeft,-0.9755034,0.3268407,2.462652
55,13,880,ElbowLeft,-1.067158,0.09012143,2.435019
55,13,880,WristLeft,-1.081156,-0.1806378,2.415659
55,13,880,HandLeft,-1.077672,-0.2580689,2.42372
55,13,880,ShoulderRight,-0.7966042,0.3022354,2.695066
55,13,880,ElbowRight,-0.8002696,0.02955848,2.703866
55,13,880,WristRight,-0.791123,-0.1928578,2.676132
55,13,880,HandRight,-0.8154576,-0.2267789,2.640624
55,13,880,HipLeft,-0.9451246,-0.1726234,2.527111
55,13,880,KneeLeft,-0.8628616,-0.4751703,2.411638
55,13,880,AnkleLeft,-1.022945,-0.7950193,2.456254
55,13,880,FootLeft,-0.9328659,-0.8832799,2.413932
55,13,880,HipRight,-0.861816,-0.1778873,2.636832
55,13,880,KneeRight,-0.8084581,-0.4180683,2.679311
55,13,880,AnkleRight,-0.929006,-0.759112,2.573236
55,13,880,FootRight,-0.8405129,-0.8007935,2.484029
55,13,880,SpineShoulder,-0.8844855,0.3692006,2.567718
55,13,880,HandTipLeft,-1.084412,-0.3235117,2.433715
55,13,880,ThumbLeft,-1.041109,-0.261744,2.425286
55,13,880,HandTipRight,-0.839965,-0.2785871,2.582472
55,13,880,ThumbRight,-0.8086944,-0.1891758,2.586823
55,13,913,SpineBase,-0.8711184,-0.1793453,2.590801
55,13,913,SpineMid,-0.8536237,0.133668,2.567376
55,13,913,Neck,-0.8325939,0.4387456,2.532203
55,13,913,Head,-0.7648101,0.5511618,2.54038
55,13,913,ShoulderLeft,-0.9259219,0.3202624,2.438576
55,13,913,ElbowLeft,-1.03384,0.09581095,2.420838
55,13,913,WristLeft,-1.041098,-0.1674824,2.409696
55,13,913,HandLeft,-1.043867,-0.2456325,2.419997
55,13,913,ShoulderRight,-0.7497156,0.3027219,2.67251
55,13,913,ElbowRight,-0.7547894,0.03018545,2.684482
55,13,913,WristRight,-0.74,-0.1943546,2.654744
55,13,913,HandRight,-0.7430553,-0.2772126,2.644054
55,13,913,HipLeft,-0.9030399,-0.1729687,2.502629
55,13,913,KneeLeft,-0.8030344,-0.463423,2.374794
55,13,913,AnkleLeft,-0.8121238,-0.836562,2.392803
55,13,913,FootLeft,-0.7651367,-0.9208984,2.345703
55,13,913,HipRight,-0.8172567,-0.1811016,2.612406
55,13,913,KneeRight,-0.7365776,-0.3992554,2.690369
55,13,913,AnkleRight,-0.9132997,-0.7279091,2.665295
55,13,913,FootRight,-0.8246794,-0.7703107,2.576661
55,13,913,SpineShoulder,-0.8385283,0.3636016,2.543125
55,13,913,HandTipLeft,-1.050563,-0.3142378,2.42436
55,13,913,ThumbLeft,-1.008044,-0.239542,2.420687
55,13,913,HandTipRight,-0.7342635,-0.3362173,2.645533
55,13,913,ThumbRight,-0.7665638,-0.2715682,2.606445
55,13,948,SpineBase,-0.8269131,-0.1883789,2.561207
55,13,948,SpineMid,-0.8091927,0.1233831,2.541087
55,13,948,Neck,-0.7879346,0.4271514,2.509015
55,13,948,Head,-0.7281311,0.5453714,2.519246
55,13,948,ShoulderLeft,-0.8803622,0.3098955,2.415391
55,13,948,ElbowLeft,-0.9904512,0.08505517,2.399147
55,13,948,WristLeft,-1.004779,-0.1509888,2.39438
55,13,948,HandLeft,-1.001527,-0.2330049,2.407301
55,13,948,ShoulderRight,-0.7121685,0.2969436,2.656828
55,13,948,ElbowRight,-0.7088867,0.02398587,2.666464
55,13,948,WristRight,-0.6815068,-0.2314366,2.619665
55,13,948,HandRight,-0.6875786,-0.2953245,2.60812
55,13,949,HipLeft,-0.8577213,-0.1770309,2.472247
55,13,949,KneeLeft,-0.7381531,-0.4707964,2.343785
55,13,949,AnkleLeft,-0.6926321,-0.8431789,2.32628
55,13,949,FootLeft,-0.6118164,-0.9228516,2.251953
55,13,949,HipRight,-0.774501,-0.1947868,2.583068
55,13,949,KneeRight,-0.9071168,-0.5085106,2.586929
55,13,949,AnkleRight,-0.9948622,-0.7660173,2.61325
55,13,949,FootRight,-0.9030663,-0.8077355,2.528137
55,13,949,SpineShoulder,-0.7938942,0.3523383,2.519175
55,13,949,HandTipLeft,-1.007797,-0.2995487,2.409052
55,13,949,ThumbLeft,-0.9681158,-0.2275043,2.405214
55,13,949,HandTipRight,-0.6845478,-0.357173,2.604386
55,13,949,ThumbRight,-0.7085007,-0.3133823,2.57075
55,13,978,SpineBase,-0.8005788,-0.1953977,2.513134
55,13,978,SpineMid,-0.7747561,0.1172885,2.504541
55,13,978,Neck,-0.7466347,0.4219048,2.484361
55,13,979,Head,-0.6839384,0.535234,2.491308
55,13,979,ShoulderLeft,-0.8377895,0.2977866,2.388273
55,13,979,ElbowLeft,-0.9532961,0.07237872,2.379043
55,13,979,WristLeft,-0.962635,-0.189177,2.380477
55,13,979,HandLeft,-0.9652599,-0.2620084,2.400353
55,13,979,ShoulderRight,-0.6639107,0.2879103,2.637726
55,13,979,ElbowRight,-0.6588696,0.01455549,2.642924
55,13,979,WristRight,-0.6190494,-0.2397154,2.592423
55,13,979,HandRight,-0.6239908,-0.2988481,2.573617
55,13,979,HipLeft,-0.8315263,-0.1779194,2.428867
55,13,979,KneeLeft,-0.702195,-0.4918392,2.321162
55,13,979,AnkleLeft,-0.5822183,-0.8462883,2.272341
55,13,979,FootLeft,-0.4853184,-0.9062608,2.18891
55,13,979,HipRight,-0.7482911,-0.2076439,2.530238
55,13,979,KneeRight,-0.8910958,-0.5102855,2.564831
55,13,979,AnkleRight,-1.033138,-0.8633545,2.614838
55,13,979,FootRight,-1.009953,-0.9432712,2.564964
55,13,979,SpineShoulder,-0.7544706,0.3469334,2.49178
55,13,979,HandTipLeft,-0.977078,-0.3314775,2.418216
55,13,979,ThumbLeft,-0.929158,-0.2658167,2.403083
55,13,979,HandTipRight,-0.6277842,-0.3638788,2.56043
55,13,979,ThumbRight,-0.6368963,-0.2916377,2.53225
55,14,011,SpineBase,-0.7508311,-0.2027051,2.489824
55,14,011,SpineMid,-0.7274957,0.1078464,2.478386
55,14,011,Neck,-0.7010765,0.4102097,2.454767
55,14,011,Head,-0.6364603,0.5266467,2.466347
55,14,011,ShoulderLeft,-0.7922058,0.2909075,2.361162
55,14,011,ElbowLeft,-0.9051054,0.04353848,2.356343
55,14,011,WristLeft,-0.9154776,-0.167156,2.355211
55,14,011,HandLeft,-0.918645,-0.2429517,2.372125
55,14,011,ShoulderRight,-0.6193155,0.2698304,2.604709
55,14,011,ElbowRight,-0.6153009,-0.001621088,2.626392
55,14,011,WristRight,-0.5624699,-0.2279185,2.57495
55,14,011,HandRight,-0.55836,-0.2999251,2.54734
55,14,011,HipLeft,-0.7836833,-0.1877087,2.403333
55,14,011,KneeLeft,-0.6703444,-0.4588401,2.297186
55,14,011,AnkleLeft,-0.5804967,-0.7384988,2.240757
55,14,011,FootLeft,-0.4841294,-0.8121687,2.179023
55,14,011,HipRight,-0.6976939,-0.2122004,2.508846
55,14,011,KneeRight,-0.8538547,-0.5121142,2.513383
55,14,011,AnkleRight,-1.014455,-0.8311594,2.605119
55,14,011,FootRight,-0.922964,-0.8721476,2.519547
55,14,011,SpineShoulder,-0.7082503,0.3357671,2.462841
55,14,011,HandTipLeft,-0.9304985,-0.3147914,2.382944
55,14,011,ThumbLeft,-0.8746048,-0.2225781,2.3575
55,14,011,HandTipRight,-0.5629963,-0.3676504,2.52711
55,14,011,ThumbRight,-0.5679436,-0.2905717,2.509071
55,14,047,SpineBase,-0.7091129,-0.2133962,2.442695
55,14,047,SpineMid,-0.6839098,0.1008395,2.440352
55,14,047,Neck,-0.655871,0.40661,2.425674
55,14,047,Head,-0.5928089,0.523162,2.441488
55,14,047,ShoulderLeft,-0.74611,0.285028,2.332092
55,14,047,ElbowLeft,-0.8581253,0.05143553,2.323326
55,14,047,WristLeft,-0.8678094,-0.2022917,2.327956
55,14,047,HandLeft,-0.873893,-0.2722494,2.353179
55,14,047,ShoulderRight,-0.5777446,0.2582419,2.556022
55,14,047,ElbowRight,-0.5692865,-0.009261224,2.598803
55,14,047,WristRight,-0.5063766,-0.2222787,2.553557
55,14,047,HandRight,-0.4923678,-0.2943328,2.522465
55,14,047,HipLeft,-0.7448379,-0.1977825,2.358709
55,14,047,KneeLeft,-0.5953916,-0.4831334,2.270055
55,14,047,AnkleLeft,-0.4566049,-0.8289873,2.206351
55,14,047,FootLeft,-0.357108,-0.8872705,2.128154
55,14,047,HipRight,-0.6538109,-0.2230918,2.459034
55,14,047,KneeRight,-0.8134917,-0.5212907,2.450911
55,14,047,AnkleRight,-0.9878211,-0.8119317,2.590976
55,14,047,FootRight,-0.8978373,-0.8525044,2.503055
55,14,047,SpineShoulder,-0.6634074,0.3313449,2.431525
55,14,047,HandTipLeft,-0.8843665,-0.3382429,2.370887
55,14,047,ThumbLeft,-0.841611,-0.2747135,2.35525
55,14,047,HandTipRight,-0.4868934,-0.3576356,2.50933
55,14,047,ThumbRight,-0.5024596,-0.2857015,2.477834
55,14,078,SpineBase,-0.6575434,-0.2092987,2.407331
55,14,078,SpineMid,-0.6359392,0.1025283,2.408131
55,14,078,Neck,-0.6116328,0.4057564,2.396561
55,14,078,Head,-0.5480771,0.5196337,2.415264
55,14,078,ShoulderLeft,-0.6994742,0.2828829,2.304972
55,14,078,ElbowLeft,-0.8048596,0.04736289,2.294221
55,14,078,WristLeft,-0.8171936,-0.2071325,2.296817
55,14,078,HandLeft,-0.8232029,-0.2829506,2.319216
55,14,078,ShoulderRight,-0.5290794,0.2524585,2.530813
55,14,078,ElbowRight,-0.5115018,-0.0160165,2.567719
55,14,078,WristRight,-0.4561722,-0.2137999,2.538012
55,14,078,HandRight,-0.4293597,-0.2926823,2.50634
55,14,079,HipLeft,-0.6936564,-0.1965279,2.323004
55,14,079,KneeLeft,-0.5333366,-0.4905103,2.242902
55,14,079,AnkleLeft,-0.4356894,-0.8518602,2.198572
55,14,079,FootLeft,-0.335194,-0.9058876,2.117527
55,14,079,HipRight,-0.6029339,-0.2161558,2.423706
55,14,079,KneeRight,-0.7593412,-0.502169,2.468853
55,14,079,AnkleRight,-0.9553059,-0.7918889,2.582658
55,14,079,FootRight,-0.8654112,-0.8320644,2.494447
55,14,079,SpineShoulder,-0.6182099,0.3311407,2.40164
55,14,079,HandTipLeft,-0.8407874,-0.3446945,2.340771
55,14,079,ThumbLeft,-0.7928984,-0.298171,2.313062
55,14,079,HandTipRight,-0.4159347,-0.3501876,2.492238
55,14,079,ThumbRight,-0.4381877,-0.2837812,2.45975
55,14,112,SpineBase,-0.595907,-0.220219,2.371531
55,14,112,SpineMid,-0.581966,0.1001,2.375723
55,14,112,Neck,-0.5653638,0.4114009,2.36743
55,14,112,Head,-0.4998877,0.5247737,2.39211
55,14,112,ShoulderLeft,-0.6513361,0.2829943,2.273937
55,14,112,ElbowLeft,-0.7476131,0.03393738,2.265134
55,14,112,WristLeft,-0.756736,-0.2124777,2.257883
55,14,112,HandLeft,-0.7580819,-0.2693738,2.273207
55,14,112,ShoulderRight,-0.4812063,0.255929,2.486025
55,14,112,ElbowRight,-0.4626987,-0.01101508,2.52995
55,14,112,WristRight,-0.3956222,-0.2336536,2.51464
55,14,112,HandRight,-0.3661942,-0.3017047,2.485775
55,14,112,HipLeft,-0.6332676,-0.2068651,2.294964
55,14,112,KneeLeft,-0.4747553,-0.4989166,2.207886
55,14,112,AnkleLeft,-0.4098974,-0.8630173,2.186363
55,14,112,FootLeft,-0.3162932,-0.926635,2.114733
55,14,112,HipRight,-0.5414432,-0.2272271,2.379825
55,14,112,KneeRight,-0.4924106,-0.4879273,2.213731
55,14,112,AnkleRight,-0.7405325,-0.6710913,2.409202
55,14,112,FootRight,-0.653567,-0.7110296,2.317835
55,14,112,SpineShoulder,-0.569997,0.3348181,2.371692
55,14,112,HandTipLeft,-0.7575357,-0.338255,2.282613
55,14,113,ThumbLeft,-0.7328361,-0.3165545,2.27
55,14,113,HandTipRight,-0.3531436,-0.3630116,2.464655
55,14,113,ThumbRight,-0.3780795,-0.3198224,2.462556
55,14,146,SpineBase,-0.5431699,-0.2172761,2.345121
55,14,146,SpineMid,-0.5333808,0.1066596,2.349919
55,14,146,Neck,-0.5210391,0.4212816,2.342176
55,14,146,Head,-0.4650334,0.534129,2.369036
55,14,146,ShoulderLeft,-0.6026403,0.2900862,2.246795
55,14,146,ElbowLeft,-0.6908637,0.05652915,2.228209
55,14,146,WristLeft,-0.6952586,-0.2151475,2.215049
55,14,146,HandLeft,-0.6987818,-0.2908114,2.235063
55,14,147,ShoulderRight,-0.4340501,0.2670119,2.439257
55,14,147,ElbowRight,-0.4102136,0.003421189,2.495128
55,14,147,WristRight,-0.3699422,-0.2132296,2.497977
55,14,147,HandRight,-0.3249936,-0.2849659,2.479697
55,14,147,HipLeft,-0.5838308,-0.2042765,2.276115
55,14,147,KneeLeft,-0.4139741,-0.509514,2.182856
55,14,147,AnkleLeft,-0.4001532,-0.8673553,2.181405
55,14,147,FootLeft,-0.321078,-0.9299642,2.118568
55,14,147,HipRight,-0.4866666,-0.223917,2.345548
55,14,147,KneeRight,-0.446222,-0.5070139,2.182526
55,14,147,AnkleRight,-0.6934623,-0.6811727,2.386768
55,14,147,FootRight,-0.6094818,-0.7204704,2.291932
55,14,147,SpineShoulder,-0.5245819,0.3439069,2.346302
55,14,147,HandTipLeft,-0.708469,-0.3569309,2.250041
55,14,147,ThumbLeft,-0.6754329,-0.3306584,2.224077
55,14,147,HandTipRight,-0.2981442,-0.3470232,2.471775
55,14,147,ThumbRight,-0.3443559,-0.2858513,2.464636
55,14,176,SpineBase,-0.4907976,-0.2094861,2.312583
55,14,176,SpineMid,-0.4835379,0.1167837,2.322999
55,14,176,Neck,-0.4739186,0.4334042,2.320826
55,14,176,Head,-0.4102242,0.5475618,2.344576
55,14,176,ShoulderLeft,-0.5519041,0.3004256,2.221601
55,14,176,ElbowLeft,-0.6286368,0.06587549,2.191305
55,14,176,WristLeft,-0.6254563,-0.2039639,2.162461
55,14,177,HandLeft,-0.6243663,-0.2833108,2.180984
55,14,177,ShoulderRight,-0.3889984,0.2897539,2.421764
55,14,177,ElbowRight,-0.366446,0.0232097,2.467224
55,14,177,WristRight,-0.3148828,-0.2174367,2.473728
55,14,177,HandRight,-0.2789616,-0.2864048,2.469334
55,14,177,HipLeft,-0.5281577,-0.1957148,2.241623
55,14,177,KneeLeft,-0.410344,-0.4838908,2.168676
55,14,177,AnkleLeft,-0.3934637,-0.8576542,2.177958
55,14,177,FootLeft,-0.3288678,-0.931511,2.122974
55,14,177,HipRight,-0.4388683,-0.2170126,2.314677
55,14,177,KneeRight,-0.4306871,-0.5078597,2.170337
55,14,177,AnkleRight,-0.6625921,-0.6996145,2.376617
55,14,177,FootRight,-0.5766501,-0.7382009,2.284301
55,14,177,SpineShoulder,-0.4767443,0.3555681,2.323559
55,14,177,HandTipLeft,-0.6312659,-0.3507091,2.186367
55,14,177,ThumbLeft,-0.5932445,-0.2718642,2.188588
55,14,177,HandTipRight,-0.2630953,-0.3490926,2.458791
55,14,177,ThumbRight,-0.2996258,-0.2951843,2.464937
55,14,211,SpineBase,-0.4199001,-0.1983831,2.307509
55,14,211,SpineMid,-0.4272146,0.1313962,2.309736
55,14,211,Neck,-0.4324847,0.451077,2.299652
55,14,211,Head,-0.3789905,0.5607674,2.328851
55,14,211,ShoulderLeft,-0.5026175,0.3160095,2.198327
55,14,211,ElbowLeft,-0.5663863,0.07730777,2.150483
55,14,211,WristLeft,-0.5452397,-0.1899704,2.109905
55,14,211,HandLeft,-0.5481534,-0.2725069,2.116303
55,14,211,ShoulderRight,-0.3476508,0.3073269,2.400588
55,14,211,ElbowRight,-0.3233996,0.04065845,2.445472
55,14,211,WristRight,-0.2699683,-0.2187676,2.458614
55,14,211,HandRight,-0.2410529,-0.2843679,2.458233
55,14,211,HipLeft,-0.4548692,-0.1843294,2.234427
55,14,211,KneeLeft,-0.3856171,-0.4948769,2.151978
55,14,211,AnkleLeft,-0.390974,-0.8673809,2.177174
55,14,211,FootLeft,-0.3317539,-0.9320467,2.1245
55,14,211,HipRight,-0.3723736,-0.2064724,2.311309
55,14,211,KneeRight,-0.4025572,-0.5097738,2.151638
55,14,211,AnkleRight,-0.6156309,-0.7210234,2.359149
55,14,211,FootRight,-0.5282736,-0.7587758,2.269003
55,14,211,SpineShoulder,-0.431244,0.3726664,2.304172
55,14,212,HandTipLeft,-0.5545797,-0.3385279,2.11789
55,14,212,ThumbLeft,-0.5217354,-0.2666694,2.1292
55,14,212,HandTipRight,-0.2282211,-0.3431136,2.449649
55,14,212,ThumbRight,-0.2585245,-0.2874121,2.466182
55,14,246,SpineBase,-0.3596119,-0.1803813,2.299078
55,14,246,SpineMid,-0.3753479,0.1481514,2.295767
55,14,246,Neck,-0.3889151,0.4665325,2.280104
55,14,246,Head,-0.3321674,0.5799505,2.307528
55,14,246,ShoulderLeft,-0.4560534,0.3328565,2.173063
55,14,246,ElbowLeft,-0.509036,0.09265348,2.113541
55,14,246,WristLeft,-0.4632641,-0.1731598,2.064112
55,14,246,HandLeft,-0.4621468,-0.2537418,2.055428
55,14,246,ShoulderRight,-0.3046103,0.3243189,2.375012
55,14,246,ElbowRight,-0.2774169,0.05843517,2.42239
55,14,246,WristRight,-0.2353929,-0.2061698,2.444412
55,14,246,HandRight,-0.207675,-0.2772481,2.437657
55,14,246,HipLeft,-0.3972061,-0.1713019,2.219393
55,14,246,KneeLeft,-0.3842432,-0.4942153,2.145282
55,14,247,AnkleLeft,-0.3883134,-0.866097,2.176145
55,14,247,FootLeft,-0.3328684,-0.9322071,2.12428
55,14,247,HipRight,-0.3111924,-0.1839952,2.309147
55,14,247,KneeRight,-0.3360777,-0.4860545,2.214276
55,14,247,AnkleRight,-0.5398276,-0.7588915,2.353759
55,14,247,FootRight,-0.5335106,-0.8735603,2.330492
55,14,247,SpineShoulder,-0.385691,0.388409,2.28608
55,14,247,HandTipLeft,-0.467573,-0.3189053,2.045798
55,14,247,ThumbLeft,-0.4325529,-0.2493512,2.072693
55,14,247,HandTipRight,-0.2026998,-0.3350429,2.424369
55,14,247,ThumbRight,-0.2248699,-0.2845753,2.449077
55,14,277,SpineBase,-0.3290556,-0.1741686,2.279573
55,14,277,SpineMid,-0.338672,0.1577739,2.275431
55,14,277,Neck,-0.3449607,0.480016,2.25857
55,14,277,Head,-0.279397,0.5884736,2.282254
55,14,277,ShoulderLeft,-0.4087131,0.343719,2.147806
55,14,277,ElbowLeft,-0.4489008,0.1079446,2.082463
55,14,277,WristLeft,-0.3887114,-0.1517728,2.014657
55,14,277,HandLeft,-0.3706948,-0.2354926,2.012669
55,14,277,ShoulderRight,-0.2614096,0.3374944,2.353779
55,14,277,ElbowRight,-0.2420155,0.06923916,2.394116
55,14,277,WristRight,-0.1895646,-0.1973662,2.377837
55,14,277,HandRight,-0.1704805,-0.2645242,2.395638
55,14,277,HipLeft,-0.3620391,-0.1674031,2.19895
55,14,277,KneeLeft,-0.3741561,-0.5075369,2.132972
55,14,277,AnkleLeft,-0.3884619,-0.8726978,2.179534
55,14,277,FootLeft,-0.335398,-0.9346504,2.120328
55,14,277,HipRight,-0.2854763,-0.175816,2.290311
55,14,277,KneeRight,-0.2461711,-0.5140082,2.265222
55,14,277,AnkleRight,-0.4587196,-0.8186923,2.295471
55,14,277,FootRight,-0.433879,-0.8929912,2.233623
55,14,277,SpineShoulder,-0.344073,0.4007553,2.265076
55,14,277,HandTipLeft,-0.3709717,-0.3004397,1.990674
55,14,277,ThumbLeft,-0.3358552,-0.2199839,2.06444
55,14,277,HandTipRight,-0.1616403,-0.3174834,2.381777
55,14,277,ThumbRight,-0.1559513,-0.2467816,2.388046
55,14,313,SpineBase,-0.2979596,-0.1690855,2.256759
55,14,313,SpineMid,-0.3003168,0.1644787,2.253109
55,14,313,Neck,-0.3007722,0.4875785,2.237415
55,14,313,Head,-0.2493343,0.5968359,2.267879
55,14,313,ShoulderLeft,-0.3628265,0.3518242,2.126448
55,14,313,ElbowLeft,-0.3983721,0.1237932,2.06111
55,14,313,WristLeft,-0.3296844,-0.06445516,1.974649
55,14,313,HandLeft,-0.3111348,-0.1485035,1.952919
55,14,313,ShoulderRight,-0.2166676,0.3451342,2.332288
55,14,313,ElbowRight,-0.1981099,0.07677105,2.372841
55,14,313,WristRight,-0.1606447,-0.1774357,2.273579
55,14,313,HandRight,-0.1589984,-0.2588841,2.236869
55,14,313,HipLeft,-0.3372781,-0.1646816,2.181771
55,14,313,KneeLeft,-0.3667394,-0.5071465,2.127536
55,14,313,AnkleLeft,-0.3601819,-0.8736627,2.190114
55,14,313,FootLeft,-0.3239269,-0.9418454,2.125539
55,14,313,HipRight,-0.2491369,-0.167877,2.261317
55,14,313,KneeRight,-0.1720122,-0.4929938,2.24002
55,14,313,AnkleRight,-0.3679396,-0.8081678,2.276049
55,14,313,FootRight,-0.2757718,-0.8857806,2.229315
55,14,313,SpineShoulder,-0.3007319,0.408295,2.243354
55,14,313,HandTipLeft,-0.2897128,-0.2057191,1.909266
55,14,313,ThumbLeft,-0.3404885,-0.1648876,2.01
55,14,313,HandTipRight,-0.140695,-0.3172866,2.210109
55,14,313,ThumbRight,-0.1302204,-0.2497824,2.259615
55,14,349,SpineBase,-0.251827,-0.162985,2.226355
55,14,349,SpineMid,-0.2558734,0.1675974,2.228465
55,14,349,Neck,-0.2610959,0.4875628,2.219149
55,14,349,Head,-0.1983881,0.5971488,2.247246
55,14,349,ShoulderLeft,-0.3154176,0.3494357,2.105119
55,14,349,ElbowLeft,-0.3431875,0.1586539,2.023034
55,14,349,WristLeft,-0.2478168,-0.08207196,1.925942
55,14,349,HandLeft,-0.2097962,-0.1713057,1.873195
55,14,349,ShoulderRight,-0.177688,0.3450164,2.314277
55,14,349,ElbowRight,-0.1534763,0.07321961,2.262316
55,14,349,WristRight,-0.1060987,-0.1900804,2.202677
55,14,349,HandRight,-0.1020271,-0.2763957,2.199117
55,14,349,HipLeft,-0.2901997,-0.1561503,2.148234
55,14,349,KneeLeft,-0.3463005,-0.486937,2.09802
55,14,349,AnkleLeft,-0.3587573,-0.8480016,2.1823
55,14,349,FootLeft,-0.3136801,-0.9258038,2.129951
55,14,349,HipRight,-0.2055976,-0.1646909,2.234438
55,14,349,KneeRight,-0.1037966,-0.4563063,2.207017
55,14,350,AnkleRight,-0.1787516,-0.8230271,2.213281
55,14,350,FootRight,-0.1484375,-0.9160156,2.160156
55,14,350,SpineShoulder,-0.2603429,0.408989,2.223844
55,14,350,HandTipLeft,-0.187585,-0.212648,1.850157
55,14,350,ThumbLeft,-0.1795929,-0.2144205,1.8556
55,14,350,HandTipRight,-0.07442818,-0.3358723,2.173881
55,14,350,ThumbRight,-0.07125598,-0.259667,2.188318
55,14,378,SpineBase,-0.2091587,-0.1646167,2.190725
55,14,378,SpineMid,-0.2130124,0.1650857,2.199863
55,14,378,Neck,-0.2155473,0.4839482,2.196303
55,14,378,Head,-0.1519382,0.5964792,2.221936
55,14,378,ShoulderLeft,-0.2702405,0.3483099,2.079851
55,14,378,ElbowLeft,-0.2947863,0.1112744,2.01011
55,14,378,WristLeft,-0.1682474,-0.07025243,1.865489
55,14,378,HandLeft,-0.1210689,-0.1542503,1.819851
55,14,378,ShoulderRight,-0.1319675,0.3413425,2.291265
55,14,378,ElbowRight,-0.1079072,0.07004607,2.235286
55,14,378,WristRight,-0.07973774,-0.1984534,2.1919
55,14,378,HandRight,-0.05164009,-0.2914543,2.170546
55,14,378,HipLeft,-0.2524127,-0.151558,2.116959
55,14,378,KneeLeft,-0.3070883,-0.4602583,2.079519
55,14,378,AnkleLeft,-0.3574376,-0.8167176,2.168239
55,14,379,FootLeft,-0.3270854,-0.9260493,2.126312
55,14,379,HipRight,-0.1599049,-0.1724701,2.194854
55,14,379,KneeRight,-0.0540304,-0.4616577,2.179662
55,14,379,AnkleRight,-0.03968371,-0.835812,2.145056
55,14,379,FootRight,0.02442932,-0.9199219,2.091797
55,14,379,SpineShoulder,-0.2151365,0.4057088,2.199373
55,14,379,HandTipLeft,-0.09421831,-0.1973052,1.796171
55,14,379,ThumbLeft,-0.1286077,-0.192654,1.808833
55,14,379,HandTipRight,-0.06357606,-0.3426631,2.143461
55,14,379,ThumbRight,-0.04089743,-0.3352379,2.130167
55,14,415,SpineBase,-0.1616923,-0.1800917,2.170538
55,14,415,SpineMid,-0.1651949,0.1524798,2.178185
55,14,416,Neck,-0.1676348,0.4740883,2.172988
55,14,416,Head,-0.1088227,0.5868868,2.202294
55,14,416,ShoulderLeft,-0.2206248,0.3388838,2.06634
55,14,416,ElbowLeft,-0.2312786,0.1595491,1.954452
55,14,416,WristLeft,-0.1219891,-0.01527954,1.845039
55,14,416,HandLeft,-0.06340244,-0.09186754,1.795362
55,14,416,ShoulderRight,-0.08417192,0.3314425,2.267896
55,14,416,ElbowRight,-0.06043426,0.06013613,2.211879
55,14,416,WristRight,-0.0324984,-0.2083499,2.168463
55,14,416,HandRight,-0.02572287,-0.309092,2.135306
55,14,416,HipLeft,-0.1983864,-0.1672635,2.10128
55,14,416,KneeLeft,-0.2863923,-0.4712681,2.071338
55,14,416,AnkleLeft,-0.356236,-0.8218636,2.167839
55,14,416,FootLeft,-0.2688479,-0.8575311,2.082689
55,14,416,HipRight,-0.1212401,-0.186566,2.170467
55,14,416,KneeRight,-0.001590576,-0.462543,2.148394
55,14,416,AnkleRight,0.08694036,-0.8244557,2.091006
55,14,416,FootRight,0.1661102,-0.9019634,2.025906
55,14,416,SpineShoulder,-0.1672028,0.3951805,2.176478
55,14,416,HandTipLeft,-0.02393102,-0.1376573,1.744494
55,14,416,ThumbLeft,-0.04352647,-0.1304225,1.7347
55,14,416,HandTipRight,-0.01517564,-0.3552513,2.11274
55,14,417,ThumbRight,0.02695195,-0.2899877,2.13125
55,14,446,SpineBase,-0.09799343,-0.1911044,2.161482
55,14,446,SpineMid,-0.1115987,0.1430407,2.164962
55,14,446,Neck,-0.1271083,0.4667308,2.156699
55,14,446,Head,-0.05919997,0.5786304,2.182175
55,14,446,ShoulderLeft,-0.1849618,0.3311797,2.044025
55,14,446,ElbowLeft,-0.1806971,0.152735,1.926773
55,14,446,WristLeft,-0.06039167,-0.002885912,1.811874
55,14,446,HandLeft,0.05789206,-0.124576,1.723026
55,14,446,ShoulderRight,-0.04375362,0.3240573,2.251563
55,14,446,ElbowRight,-0.02029753,0.05276213,2.19552
55,14,446,WristRight,0.007433699,-0.2156971,2.152085
55,14,446,HandRight,0.01661591,-0.2793242,2.117258
55,14,446,HipLeft,-0.1329726,-0.1822538,2.0873
55,14,446,KneeLeft,-0.2516603,-0.4812026,2.056267
55,14,446,AnkleLeft,-0.3509804,-0.8208112,2.163406
55,14,446,FootLeft,-0.3390118,-0.9293146,2.128371
55,14,446,HipRight,-0.05988291,-0.1937353,2.165355
55,14,446,KneeRight,0.0425249,-0.4733857,2.119012
55,14,446,AnkleRight,0.1928352,-0.7991191,2.043681
55,14,446,FootRight,0.2720962,-0.8338073,1.958121
55,14,446,SpineShoulder,-0.1227348,0.387189,2.160625
55,14,446,HandTipLeft,0.0843787,-0.1660616,1.702527
55,14,446,ThumbLeft,0.05501532,-0.1441289,1.671615
55,14,446,HandTipRight,0.01103802,-0.3448949,2.094948
55,14,446,ThumbRight,0.06130468,-0.2817491,2.115621
55,14,479,SpineBase,-0.05114611,-0.2026957,2.141835
55,14,479,SpineMid,-0.06485407,0.1316753,2.143483
55,14,479,Neck,-0.07791223,0.4550626,2.13215
55,14,479,Head,-0.01461878,0.5644582,2.162008
55,14,480,ShoulderLeft,-0.1376274,0.3188348,2.018702
55,14,480,ElbowLeft,-0.1229499,0.1296631,1.897581
55,14,480,WristLeft,0.05007019,-0.02914365,1.748675
55,14,480,HandLeft,0.1235743,-0.09433656,1.686463
55,14,480,ShoulderRight,0.005310013,0.3123537,2.226957
55,14,480,ElbowRight,0.02842421,0.04101115,2.170874
55,14,480,WristRight,0.05590966,-0.2274737,2.127407
55,14,480,HandRight,0.06473248,-0.2910665,2.086135
55,14,480,HipLeft,-0.08474427,-0.196971,2.069168
55,14,480,KneeLeft,-0.2076699,-0.4814443,2.038244
55,14,480,AnkleLeft,-0.3364914,-0.8085397,2.151901
55,14,480,FootLeft,-0.2495646,-0.8439671,2.066078
55,14,480,HipRight,-0.01716919,-0.2015599,2.144804
55,14,480,KneeRight,0.09118408,-0.4707643,2.091621
55,14,480,AnkleRight,0.2691654,-0.7915027,1.999268
55,14,480,FootRight,0.3468233,-0.8263363,1.91357
55,14,480,SpineShoulder,-0.07477138,0.375727,2.137192
55,14,480,HandTipLeft,0.1538159,-0.1381199,1.662667
55,14,480,ThumbLeft,0.1040982,-0.1033164,1.655071
55,14,480,HandTipRight,0.06854115,-0.3249013,2.070556
55,14,480,ThumbRight,0.1078416,-0.2935616,2.075318
55,14,511,SpineBase,-0.000500311,-0.2137657,2.117301
55,14,511,SpineMid,-0.01517109,0.119588,2.123528
55,14,511,Neck,-0.02929459,0.4418796,2.116608
55,14,512,Head,0.03621166,0.5530683,2.140379
55,14,512,ShoulderLeft,-0.09424875,0.3116748,2.000891
55,14,512,ElbowLeft,-0.076852,0.1431337,1.867329
55,14,512,WristLeft,0.06051322,0.01771797,1.746442
55,14,512,HandLeft,0.1908206,-0.07366531,1.650658
55,14,512,ShoulderRight,0.05378111,0.2991623,2.211352
55,14,512,ElbowRight,0.07654394,0.02786615,2.155233
55,14,512,WristRight,0.1037745,-0.2405677,2.111745
55,14,512,HandRight,0.1113691,-0.2952556,2.05884
55,14,512,HipLeft,-0.03385258,-0.2071859,2.045157
55,14,512,KneeLeft,-0.156785,-0.4750984,2.016235
55,14,512,AnkleLeft,-0.3136223,-0.7869399,2.137023
55,14,512,FootLeft,-0.2273927,-0.822333,2.050269
55,14,512,HipRight,0.03281834,-0.21325,2.119156
55,14,512,KneeRight,0.1594612,-0.4843726,2.056275
55,14,512,AnkleRight,0.334724,-0.8075278,1.969069
55,14,512,FootRight,0.4109008,-0.8418011,1.882853
55,14,512,SpineShoulder,-0.02584038,0.3628163,2.120556
55,14,512,HandTipLeft,0.2390138,-0.1122518,1.638032
55,14,512,ThumbLeft,0.1818338,-0.08445153,1.603031
55,14,512,HandTipRight,0.09312046,-0.3391558,2.045608
55,14,512,ThumbRight,0.1406484,-0.2693951,2.046923
55,14,544,SpineBase,0.05636604,-0.2266193,2.094748
55,14,544,SpineMid,0.03875127,0.107609,2.102564
55,14,544,Neck,0.02144779,0.4307117,2.097117
55,14,544,Head,0.08323594,0.5402629,2.11892
55,14,544,ShoulderLeft,-0.04510914,0.2937106,1.980793
55,14,544,ElbowLeft,-0.06668735,0.1252915,1.852881
55,14,544,WristLeft,0.07061964,0.01952047,1.739244
55,14,544,HandLeft,0.2532478,-0.0596258,1.622567
55,14,544,ShoulderRight,0.1043657,0.2879743,2.191805
55,14,544,ElbowRight,0.126755,0.01670367,2.135665
55,14,544,WristRight,0.1537147,-0.2516926,2.092165
55,14,544,HandRight,0.146455,-0.3235075,2.036985
55,14,544,HipLeft,0.02223188,-0.2193234,2.025285
55,14,544,KneeLeft,-0.1033891,-0.4832317,1.989866
55,14,544,AnkleLeft,-0.2862767,-0.7768254,2.119062
55,14,544,FootLeft,-0.2006579,-0.8120428,2.031748
55,14,544,HipRight,0.0885637,-0.22632,2.094
55,14,544,KneeRight,0.2184046,-0.4869798,2.027793
55,14,544,AnkleRight,0.3644909,-0.8262703,1.951291
55,14,544,FootRight,0.4399344,-0.8600122,1.864801
55,14,544,SpineShoulder,0.02574008,0.3514526,2.100706
55,14,544,HandTipLeft,0.3018471,-0.09266042,1.607677
55,14,544,ThumbLeft,0.234703,-0.0691668,1.578909
55,14,544,HandTipRight,0.1369194,-0.3514707,2.029856
55,14,544,ThumbRight,0.1613803,-0.2705156,2.015
55,14,580,SpineBase,0.1208501,-0.2393721,2.069571
55,14,580,SpineMid,0.09637834,0.09580706,2.080277
55,14,580,Neck,0.07207591,0.4197841,2.077593
55,14,580,Head,0.1372768,0.5271326,2.10082
55,14,580,ShoulderLeft,0.006345466,0.2815194,1.959355
55,14,580,ElbowLeft,0.002472794,0.1084216,1.836401
55,14,580,WristLeft,0.1997804,-0.005108344,1.676727
55,14,580,HandLeft,0.2856817,-0.0459341,1.607554
55,14,580,ShoulderRight,0.1548287,0.2770291,2.172228
55,14,580,ElbowRight,0.1768384,0.005786391,2.116076
55,14,580,WristRight,0.2035226,-0.262571,2.072569
55,14,580,HandRight,0.2016212,-0.3508057,2.014121
55,14,580,HipLeft,0.08561469,-0.2314157,2.00291
55,14,580,KneeLeft,-0.03118369,-0.4789515,1.952783
55,14,580,AnkleLeft,-0.237435,-0.7529067,2.090136
55,14,580,FootLeft,-0.1519553,-0.7878296,2.003166
55,14,580,HipRight,0.1519499,-0.2392251,2.066176
55,14,580,KneeRight,0.2968577,-0.4846096,1.993366
55,14,580,AnkleRight,0.4049814,-0.8320873,1.929816
55,14,580,FootRight,0.4802809,-0.8652256,1.844011
55,14,580,SpineShoulder,0.0781491,0.3403139,2.0805
55,14,580,HandTipLeft,0.3336828,-0.07488421,1.586586
55,14,580,ThumbLeft,0.2972939,-0.01576509,1.575778
55,14,580,HandTipRight,0.1977322,-0.3631321,2.008321
55,14,580,ThumbRight,0.2123675,-0.3376891,1.987214
55,14,612,SpineBase,0.1913031,-0.2364981,2.045422
55,14,612,SpineMid,0.1570332,0.09644042,2.056463
55,14,612,Neck,0.122858,0.4181438,2.054075
55,14,612,Head,0.1893218,0.5297153,2.074632
55,14,612,ShoulderLeft,0.05022069,0.2803761,1.939418
55,14,612,ElbowLeft,0.04242133,0.1076503,1.81602
55,14,612,WristLeft,0.2282736,-0.01999878,1.657541
55,14,612,HandLeft,0.3284424,-0.04960754,1.592545
55,14,612,ShoulderRight,0.2054405,0.2753378,2.148685
55,14,612,ElbowRight,0.2270633,0.004049813,2.092557
55,14,612,WristRight,0.2534662,-0.2643232,2.049063
55,14,612,HandRight,0.2604949,-0.3373227,1.995495
55,14,612,HipLeft,0.1524415,-0.2283505,1.978961
55,14,612,KneeLeft,0.04049042,-0.4921336,1.915547
55,14,612,AnkleLeft,-0.191445,-0.7395535,2.06248
55,14,612,FootLeft,-0.1080545,-0.774065,1.973003
55,14,612,HipRight,0.2235805,-0.2365659,2.04201
55,14,612,KneeRight,0.3617935,-0.5101063,1.970513
55,14,612,AnkleRight,0.4195559,-0.8453335,1.921899
55,14,612,FootRight,0.4931968,-0.8778274,1.833804
55,14,612,SpineShoulder,0.1314221,0.339248,2.05691
55,14,612,HandTipLeft,0.3785389,-0.06788004,1.577925
55,14,612,ThumbLeft,0.3659843,-0.03400854,1.577
55,14,612,HandTipRight,0.2490167,-0.3896967,1.996253
55,14,612,ThumbRight,0.2749761,-0.3477036,1.967091
55,14,646,SpineBase,0.248211,-0.2254998,2.026182
55,14,646,SpineMid,0.2097607,0.10502,2.037476
55,14,646,Neck,0.1712043,0.4242453,2.035373
55,14,646,Head,0.2359502,0.5287655,2.052961
55,14,646,ShoulderLeft,0.09615136,0.2831249,1.920474
55,14,646,ElbowLeft,0.07024053,0.1047809,1.80905
55,14,646,WristLeft,0.2307002,-0.01796762,1.662497
55,14,646,HandLeft,0.3572116,-0.06248897,1.587173
55,14,646,ShoulderRight,0.2536167,0.2813795,2.12998
55,14,646,ElbowRight,0.2748717,0.0099921,2.073902
55,14,646,WristRight,0.3010079,-0.2584476,2.030437
55,14,646,HandRight,0.3075921,-0.3648388,1.976837
55,14,646,HipLeft,0.2056943,-0.2164946,1.954944
55,14,646,KneeLeft,0.1297676,-0.4910667,1.880255
55,14,646,AnkleLeft,-0.1215145,-0.7170041,2.031664
55,14,646,FootLeft,-0.03963424,-0.7514793,1.94138
55,14,646,HipRight,0.2821296,-0.2267467,2.027727
55,14,646,KneeRight,0.4047571,-0.5193788,1.956345
55,14,646,AnkleRight,0.4234158,-0.8527161,1.916493
55,14,646,FootRight,0.4678636,-0.9275378,1.853692
55,14,646,SpineShoulder,0.1809022,0.345978,2.038131
55,14,646,HandTipLeft,0.4107614,-0.07601178,1.571407
55,14,646,ThumbLeft,0.3584587,-0.03154672,1.5532
55,14,646,HandTipRight,0.3087152,-0.4065846,1.974633
55,14,646,ThumbRight,0.3102783,-0.3305969,1.947125
55,14,679,SpineBase,0.2878364,-0.211222,2.000756
55,14,679,SpineMid,0.2465011,0.1172895,2.014198
55,14,679,Neck,0.2050206,0.4344689,2.014183
55,14,679,Head,0.2868308,0.5378881,2.025959
55,14,679,ShoulderLeft,0.1255823,0.2920322,1.902181
55,14,679,ElbowLeft,0.1305621,0.09851279,1.784307
55,14,679,WristLeft,0.2432697,-0.02891573,1.666475
55,14,679,HandLeft,0.3737292,-0.08546746,1.587442
55,14,679,ShoulderRight,0.2873162,0.291525,2.10881
55,14,679,ElbowRight,0.3083076,0.02001332,2.052796
55,14,679,WristRight,0.3342506,-0.2485067,2.009364
55,14,679,HandRight,0.3534305,-0.3614873,1.948893
55,14,679,HipLeft,0.2370677,-0.2036545,1.930332
55,14,679,KneeLeft,0.1960803,-0.4987042,1.849757
55,14,679,AnkleLeft,-0.0505335,-0.7348498,1.994601
55,14,680,FootLeft,0.02907762,-0.7687284,1.902775
55,14,680,HipRight,0.3276442,-0.2119282,2.002666
55,14,680,KneeRight,0.4276648,-0.518342,1.944611
55,14,680,AnkleRight,0.4278659,-0.8562283,1.912076
55,14,680,FootRight,0.4697893,-0.9302289,1.853898
55,14,680,SpineShoulder,0.2154674,0.3567206,2.016418
55,14,680,HandTipLeft,0.4234034,-0.1051439,1.566982
55,14,680,ThumbLeft,0.3954065,-0.05175698,1.568133
55,14,680,HandTipRight,0.3487077,-0.3974981,1.947801
55,14,680,ThumbRight,0.3541076,-0.3403496,1.9235
55,14,714,SpineBase,0.3228496,-0.2030793,1.990019
55,14,714,SpineMid,0.2863118,0.1304828,1.997422
55,14,714,Neck,0.2486222,0.4527937,1.990987
55,14,714,Head,0.3211896,0.5536151,2.006397
55,14,714,ShoulderLeft,0.1614023,0.3075988,1.882505
55,14,714,ElbowLeft,0.1443957,0.09984393,1.789009
55,14,714,WristLeft,0.2882544,-0.05036448,1.665058
55,14,714,HandLeft,0.3886003,-0.1214908,1.589494
55,14,714,ShoulderRight,0.3307625,0.3097458,2.085655
55,14,714,ElbowRight,0.3514162,0.0380577,2.029746
55,14,714,WristRight,0.2735284,-0.2174006,1.964604
55,14,714,HandRight,0.3011899,-0.2361237,1.87455
55,14,714,HipLeft,0.2802448,-0.1919241,1.92193
55,14,714,KneeLeft,0.2589216,-0.4880734,1.824209
55,14,714,AnkleLeft,0.02441205,-0.7401089,1.963538
55,14,714,FootLeft,-0.01518867,-0.846337,1.941831
55,14,714,HipRight,0.3563349,-0.2064345,1.988985
55,14,714,KneeRight,0.4468548,-0.4705838,1.927295
55,14,714,AnkleRight,0.4291537,-0.8453674,1.911513
55,14,714,FootRight,0.4697282,-0.9303693,1.853818
55,14,714,SpineShoulder,0.2589411,0.3740694,1.994483
55,14,714,HandTipLeft,0.437602,-0.1430383,1.573006
55,14,714,ThumbLeft,0.4178219,-0.1014022,1.5388
55,14,714,HandTipRight,0.3049053,-0.250174,1.860638
55,14,715,ThumbRight,0.2909743,-0.2254814,1.8488
55,14,747,SpineBase,0.3602726,-0.189039,1.978774
55,14,747,SpineMid,0.3187609,0.1451393,1.982813
55,14,747,Neck,0.2770794,0.4677044,1.973447
55,14,747,Head,0.3764106,0.5695077,1.986583
55,14,747,ShoulderLeft,0.184846,0.3199358,1.866733
55,14,747,ElbowLeft,0.180271,0.1104599,1.782326
55,14,747,WristLeft,0.3259904,-0.09054724,1.660312
55,14,747,HandLeft,0.3862119,-0.1621166,1.607059
55,14,747,ShoulderRight,0.3591183,0.324575,2.068155
55,14,747,ElbowRight,0.3795461,0.05279081,2.012337
55,14,747,WristRight,0.3386825,-0.1796318,1.866422
55,14,747,HandRight,0.3172666,-0.2480668,1.811535
55,14,747,HipLeft,0.3198399,-0.1793388,1.91409
55,14,747,KneeLeft,0.3255578,-0.4847083,1.791694
55,14,747,AnkleLeft,0.108705,-0.7568868,1.922773
55,14,747,FootLeft,0.1004639,-0.8632813,1.895508
55,14,748,HipRight,0.3873755,-0.1925473,1.974896
55,14,748,KneeRight,0.4602723,-0.5322039,1.91753
55,14,748,AnkleRight,0.4299009,-0.858413,1.909687
55,14,748,FootRight,0.4693133,-0.9299,1.849864
55,14,748,SpineShoulder,0.287185,0.3884334,1.978263
55,14,748,HandTipLeft,0.431021,-0.1954546,1.595659
55,14,748,ThumbLeft,0.4069408,-0.1532802,1.556706
55,14,748,HandTipRight,0.2961098,-0.3075122,1.762408
55,14,748,ThumbRight,0.2642928,-0.1897382,1.770387
55,14,780,SpineBase,0.4025334,-0.1602972,2.002751
55,14,780,SpineMid,0.3545594,0.1651788,1.983074
55,14,780,Neck,0.3117323,0.4829994,1.952282
55,14,780,Head,0.4035664,0.5810983,1.970914
55,14,780,ShoulderLeft,0.2120409,0.3348023,1.849858
55,14,780,ElbowLeft,0.2147502,0.09684806,1.771137
55,14,780,WristLeft,0.3342712,-0.131386,1.672801
55,14,780,HandLeft,0.3656914,-0.195372,1.638898
55,14,780,ShoulderRight,0.3936456,0.3397807,2.047035
55,14,780,ElbowRight,0.4137964,0.06789588,1.991325
55,14,780,WristRight,0.3713522,-0.1644701,1.84573
55,14,780,HandRight,0.3273662,-0.2438215,1.763149
55,14,780,HipLeft,0.3476216,-0.1693953,1.926425
55,14,780,KneeLeft,0.3659267,-0.4277488,1.781077
55,14,780,AnkleLeft,0.2124845,-0.7552921,1.872455
55,14,780,FootLeft,0.2796893,-0.8455624,1.844011
55,14,780,HipRight,0.4359733,-0.1483928,2.006692
55,14,780,KneeRight,0.43507,-0.4959469,1.923078
55,14,780,AnkleRight,0.4258083,-0.7711234,1.934548
55,14,780,FootRight,0.4920201,-0.8055738,1.83773
55,14,780,SpineShoulder,0.3221512,0.4049572,1.962547
55,14,781,HandTipLeft,0.4024318,-0.2424884,1.63565
55,14,781,ThumbLeft,0.3750749,-0.1893191,1.599145
55,14,781,HandTipRight,0.3343423,-0.29645,1.745052
55,14,781,ThumbRight,0.2951893,-0.2898107,1.74925
55,14,812,SpineBase,0.4139861,-0.1449765,1.9494
55,14,812,SpineMid,0.3804082,0.1805492,1.948552
55,14,812,Neck,0.3436486,0.4942645,1.933474
55,14,812,Head,0.4364301,0.5903561,1.946813
55,14,812,ShoulderLeft,0.2429492,0.3474321,1.831571
55,14,812,ElbowLeft,0.2365606,0.0850907,1.763663
55,14,812,WristLeft,0.3304631,-0.1414897,1.678609
55,14,812,HandLeft,0.3469931,-0.2148785,1.67091
55,14,812,ShoulderRight,0.4254434,0.3509742,2.028264
55,14,812,ElbowRight,0.4958583,0.08747195,2.04556
55,14,812,WristRight,0.5765958,-0.1701178,2.008822
55,14,812,HandRight,0.5956481,-0.2085284,1.986758
55,14,812,HipLeft,0.3613183,-0.1479472,1.864936
55,14,813,KneeLeft,0.4061731,-0.4870073,1.76684
55,14,813,AnkleLeft,0.2933072,-0.8180812,1.834846
55,14,813,FootLeft,0.3816657,-0.8872083,1.795767
55,14,813,HipRight,0.4504968,-0.1379345,1.96869
55,14,813,KneeRight,0.4634773,-0.4877742,1.922867
55,14,813,AnkleRight,0.3939705,-0.7562432,1.913373
55,14,813,FootRight,0.4120683,-0.8611239,1.845883
55,14,813,SpineShoulder,0.3531795,0.4174116,1.939652
55,14,813,HandTipLeft,0.3814008,-0.2724695,1.667529
55,14,813,ThumbLeft,0.3556956,-0.2075533,1.62736
55,14,813,HandTipRight,0.6272019,-0.2662598,1.96037
55,14,813,ThumbRight,0.5825534,-0.2234987,1.9896
55,14,846,SpineBase,0.4279988,-0.1319731,1.913545
55,14,846,SpineMid,0.4021028,0.1898074,1.921808
55,14,846,Neck,0.3765599,0.5006338,1.913776
55,14,846,Head,0.4679253,0.5970274,1.924873
55,14,846,ShoulderLeft,0.2741201,0.3513115,1.813342
55,14,846,ElbowLeft,0.2573596,0.07764164,1.75926
55,14,846,WristLeft,0.3301813,-0.180045,1.699738
55,14,846,HandLeft,0.3226371,-0.207064,1.685328
55,14,846,ShoulderRight,0.458229,0.3572851,2.008594
55,14,846,ElbowRight,0.5332246,0.09709644,2.038078
55,14,846,WristRight,0.6097124,-0.1045398,1.987613
55,14,846,HandRight,0.6462281,-0.179062,1.953764
55,14,846,HipLeft,0.3737544,-0.130099,1.812382
55,14,846,KneeLeft,0.4477797,-0.4512838,1.755076
55,14,846,AnkleLeft,0.3446325,-0.7826909,1.781057
55,14,846,FootLeft,0.4262381,-0.857003,1.734133
55,14,846,HipRight,0.465355,-0.1288833,1.94482
55,14,846,KneeRight,0.4677773,-0.4785704,1.878526
55,14,846,AnkleRight,0.4033733,-0.7399043,1.798827
55,14,846,FootRight,0.4435669,-0.842202,1.754087
55,14,846,SpineShoulder,0.3828986,0.424531,1.918097
55,14,847,HandTipLeft,0.3447996,-0.2585512,1.664007
55,14,847,ThumbLeft,0.3056988,-0.2317296,1.647385
55,14,847,HandTipRight,0.6762963,-0.2391059,1.9378
55,14,847,ThumbRight,0.6652137,-0.2453563,1.95
55,14,877,SpineBase,0.4474161,-0.1366425,1.892582
55,14,878,SpineMid,0.4268197,0.1885261,1.900662
55,14,878,Neck,0.4031467,0.5018421,1.896742
55,14,878,Head,0.497925,0.5978121,1.9073
55,14,878,ShoulderLeft,0.3021423,0.3517553,1.795518
55,14,878,ElbowLeft,0.272508,0.0771989,1.757193
55,14,878,WristLeft,0.3022325,-0.1907854,1.707698
55,14,878,HandLeft,0.3112854,-0.2420743,1.704976
55,14,878,ShoulderRight,0.4847113,0.3584548,1.991575
55,14,878,ElbowRight,0.5637589,0.09904395,2.017914
55,14,878,WristRight,0.6628653,-0.09956867,1.946874
55,14,878,HandRight,0.7004998,-0.1611598,1.913426
55,14,878,HipLeft,0.3896223,-0.1350783,1.798135
55,14,878,KneeLeft,0.4929893,-0.4658898,1.719789
55,14,878,AnkleLeft,0.5018608,-0.8367659,1.732165
55,14,878,FootLeft,0.5659028,-0.8691773,1.63614
55,14,878,HipRight,0.4890876,-0.1329872,1.916881
55,14,878,KneeRight,0.4840152,-0.4831432,1.855659
55,14,878,AnkleRight,0.4291265,-0.7443859,1.916848
55,14,878,FootRight,0.4605286,-0.8256088,1.811499
55,14,878,SpineShoulder,0.4095596,0.4251927,1.899749
55,14,878,HandTipLeft,0.3166187,-0.3009426,1.707349
55,14,878,ThumbLeft,0.2822461,-0.2600385,1.6832
55,14,878,HandTipRight,0.7333745,-0.2158228,1.891036
55,14,878,ThumbRight,0.6931707,-0.1777078,1.915
55,14,913,SpineBase,0.4672915,-0.1458917,1.872064
55,14,913,SpineMid,0.4501336,0.1842237,1.881159
55,14,913,Neck,0.4323055,0.5019879,1.876407
55,14,913,Head,0.5279419,0.5936185,1.88684
55,14,914,ShoulderLeft,0.3340691,0.3453721,1.774679
55,14,914,ElbowLeft,0.2886987,0.07191245,1.752216
55,14,914,WristLeft,0.3005786,-0.1912682,1.709246
55,14,914,HandLeft,0.2998411,-0.2383403,1.721102
55,14,914,ShoulderRight,0.5137528,0.358558,1.971258
55,14,914,ElbowRight,0.5985798,0.1010066,1.99666
55,14,914,WristRight,0.6925277,-0.06845302,1.937963
55,14,914,HandRight,0.7414846,-0.1300753,1.884473
55,14,914,HipLeft,0.4149896,-0.1449201,1.774799
55,14,914,KneeLeft,0.5283863,-0.4548215,1.698692
55,14,914,AnkleLeft,0.5730416,-0.8200508,1.689802
55,14,914,FootLeft,0.6361021,-0.8528993,1.594763
55,14,914,HipRight,0.5028259,-0.1412133,1.900787
55,14,914,KneeRight,0.4663668,-0.4887451,1.898411
55,14,914,AnkleRight,0.4422573,-0.764382,1.8798
55,14,914,FootRight,0.4966154,-0.8413678,1.786734
55,14,914,SpineShoulder,0.4369687,0.4241969,1.879806
55,14,914,HandTipLeft,0.2939114,-0.300679,1.721455
55,14,914,ThumbLeft,0.2710093,-0.2342217,1.700655
55,14,914,HandTipRight,0.7765202,-0.1871657,1.862311
55,14,914,ThumbRight,0.7430971,-0.154215,1.880333
55,14,946,SpineBase,0.467919,-0.1665266,1.830563
55,14,946,SpineMid,0.4628832,0.1742801,1.854427
55,14,946,Neck,0.4544178,0.4985205,1.858623
55,14,946,Head,0.5514537,0.5873275,1.869927
55,14,946,ShoulderLeft,0.3607647,0.3373524,1.756243
55,14,946,ElbowLeft,0.3021267,0.06624159,1.745834
55,14,946,WristLeft,0.2998225,-0.1877477,1.712082
55,14,946,HandLeft,0.3009295,-0.2335944,1.730468
55,14,946,ShoulderRight,0.5357724,0.3550625,1.953481
55,14,946,ElbowRight,0.6282474,0.099142,1.970637
55,14,946,WristRight,0.7466342,-0.07271289,1.897202
55,14,946,HandRight,0.7962751,-0.1279772,1.842733
55,14,946,HipLeft,0.4136267,-0.1554939,1.759816
55,14,946,KneeLeft,0.5291598,-0.4532234,1.695962
55,14,946,AnkleLeft,0.6288559,-0.8131701,1.657997
55,14,946,FootLeft,0.6917094,-0.8461419,1.564315
55,14,946,HipRight,0.5056388,-0.1663047,1.83906
55,14,947,KneeRight,0.4475492,-0.5106698,1.841326
55,14,947,AnkleRight,0.4544966,-0.7786019,1.893915
55,14,947,FootRight,0.5209908,-0.8131461,1.798406
55,14,947,SpineShoulder,0.4567008,0.4193354,1.860113
55,14,947,HandTipLeft,0.2909367,-0.3117512,1.736547
55,14,947,ThumbLeft,0.2679835,-0.2368537,1.715175
55,14,947,HandTipRight,0.8186014,-0.1775621,1.807657
55,14,947,ThumbRight,0.7583458,-0.1188395,1.86175
55,14,979,SpineBase,0.4715729,-0.1713516,1.80899
55,14,979,SpineMid,0.4762788,0.1674318,1.828934
55,14,979,Neck,0.4784491,0.492388,1.836247
55,14,979,Head,0.5756798,0.5782712,1.849266
55,14,979,ShoulderLeft,0.3834996,0.3273131,1.735563
55,14,979,ElbowLeft,0.3123245,0.05943175,1.73472
55,14,979,WristLeft,0.3031669,-0.1735156,1.709831
55,14,979,HandLeft,0.30693,-0.2279236,1.725467
55,14,979,ShoulderRight,0.5596992,0.3488983,1.931112
55,14,979,ElbowRight,0.6675613,0.09872627,1.94163
55,14,979,WristRight,0.7662131,-0.06867652,1.886711
55,14,979,HandRight,0.8225814,-0.1081856,1.827543
55,14,979,HipLeft,0.4171776,-0.1641879,1.731754
55,14,979,KneeLeft,0.5293036,-0.454324,1.687304
55,14,979,AnkleLeft,0.6344529,-0.8128497,1.65395
55,14,979,FootLeft,0.6965209,-0.8464558,1.559972
55,14,979,HipRight,0.5090785,-0.1717755,1.815331
55,14,979,KneeRight,0.4984491,-0.5118607,1.856341
55,14,979,AnkleRight,0.4167907,-0.7759792,1.866471
55,14,979,FootRight,0.4586117,-0.8781629,1.842631
55,14,979,SpineShoulder,0.4783331,0.4129155,1.836478
55,14,979,HandTipLeft,0.2961584,-0.3095424,1.73642
55,14,979,ThumbLeft,0.2738399,-0.2315479,1.709028
55,14,979,HandTipRight,0.8557364,-0.1676249,1.794726
55,14,979,ThumbRight,0.8411359,-0.1392541,1.814556
55,15,014,SpineBase,0.4798143,-0.1871642,1.780705
55,15,014,SpineMid,0.4916945,0.1569651,1.807395
55,15,014,Neck,0.5010663,0.4860386,1.818819
55,15,014,Head,0.6015085,0.5693732,1.834136
55,15,014,ShoulderLeft,0.4084621,0.3241397,1.715762
55,15,014,ElbowLeft,0.3280968,0.05886734,1.716445
55,15,014,WristLeft,0.3137933,-0.1659066,1.704685
55,15,014,HandLeft,0.3194775,-0.2344539,1.721296
55,15,014,ShoulderRight,0.5822154,0.3425321,1.913686
55,15,014,ElbowRight,0.6927947,0.09407279,1.925985
55,15,014,WristRight,0.8504303,-0.09835097,1.81162
55,15,014,HandRight,0.887576,-0.1249833,1.784001
55,15,014,HipLeft,0.423341,-0.1732802,1.720426
55,15,014,KneeLeft,0.5706498,-0.4646863,1.650325
55,15,014,AnkleLeft,0.6746331,-0.8234174,1.618559
55,15,014,FootLeft,0.7367107,-0.8569828,1.526171
55,15,014,HipRight,0.516804,-0.194057,1.76862
55,15,014,KneeRight,0.5680604,-0.493922,1.654088
55,15,014,AnkleRight,0.4629999,-0.7925178,1.843042
55,15,014,FootRight,0.4750013,-0.9000274,1.838755
55,15,014,SpineShoulder,0.4990908,0.4056146,1.818176
55,15,014,HandTipLeft,0.3085425,-0.2959053,1.738487
55,15,014,ThumbLeft,0.284667,-0.2358754,1.696778
55,15,014,HandTipRight,0.8963453,-0.1594727,1.770919
55,15,014,ThumbRight,0.8751327,-0.1586218,1.770167
55,15,047,SpineBase,0.4867597,-0.1858741,1.774551
55,15,047,SpineMid,0.5062292,0.1545529,1.793934
55,15,047,Neck,0.5236735,0.4787963,1.798163
55,15,047,Head,0.6215823,0.5642358,1.809551
55,15,047,ShoulderLeft,0.4286938,0.3181798,1.697312
55,15,047,ElbowLeft,0.3428184,0.05445291,1.696923
55,15,047,WristLeft,0.3314923,-0.1663443,1.697618
55,15,047,HandLeft,0.3384198,-0.2434681,1.713436
55,15,047,ShoulderRight,0.6047183,0.3352675,1.893036
55,15,047,ElbowRight,0.7161492,0.08740892,1.905746
55,15,047,WristRight,0.833866,-0.06484757,1.846287
55,15,047,HandRight,0.8844886,-0.1025,1.784168
55,15,047,HipLeft,0.4356688,-0.1723741,1.706105
55,15,047,KneeLeft,0.6218632,-0.4602716,1.622613
55,15,047,AnkleLeft,0.6834971,-0.8516821,1.61446
55,15,047,FootLeft,0.7445073,-0.8858212,1.521901
55,15,047,HipRight,0.5202308,-0.1928158,1.768401
55,15,047,KneeRight,0.6067814,-0.500995,1.627271
55,15,047,AnkleRight,0.4812497,-0.7819921,1.830403
55,15,048,FootRight,0.4792474,-0.8893291,1.833236
55,15,048,SpineShoulder,0.5198506,0.3996625,1.79924
55,15,048,HandTipLeft,0.3242639,-0.3058448,1.725735
55,15,048,ThumbLeft,0.3000816,-0.2616868,1.687182
55,15,048,HandTipRight,0.9208292,-0.1553251,1.749447
55,15,048,ThumbRight,0.90241,-0.1327136,1.781615
55,15,079,SpineBase,0.5108014,-0.2115017,1.739228
55,15,079,SpineMid,0.5286078,0.1414512,1.769493
55,15,079,Neck,0.5415195,0.4766834,1.784546
55,15,079,Head,0.6394299,0.5610408,1.792386
55,15,079,ShoulderLeft,0.4476851,0.3153035,1.685086
55,15,079,ElbowLeft,0.3617508,0.05123654,1.677721
55,15,079,WristLeft,0.3559197,-0.1718342,1.686379
55,15,079,HandLeft,0.3625169,-0.2561043,1.701409
55,15,079,ShoulderRight,0.6224837,0.3331348,1.879431
55,15,079,ElbowRight,0.7400528,0.08778144,1.886613
55,15,079,WristRight,0.8514251,-0.0712783,1.834386
55,15,079,HandRight,0.9011143,-0.1052791,1.775809
55,15,079,HipLeft,0.4506904,-0.1948142,1.689613
55,15,079,KneeLeft,0.6456581,-0.4761143,1.608076
55,15,079,AnkleLeft,0.6826167,-0.8481329,1.614127
55,15,079,FootLeft,0.7438243,-0.8815,1.521109
55,15,079,HipRight,0.5480652,-0.2149654,1.724303
55,15,079,KneeRight,0.6251653,-0.493573,1.614515
55,15,079,AnkleRight,0.4969377,-0.7725767,1.819045
55,15,079,FootRight,0.4849076,-0.8792926,1.824796
55,15,079,SpineShoulder,0.5388008,0.3951697,1.783256
55,15,079,HandTipLeft,0.345547,-0.3223611,1.708934
55,15,079,ThumbLeft,0.3280608,-0.2637932,1.668334
55,15,079,HandTipRight,0.9398658,-0.1656711,1.741098
55,15,079,ThumbRight,0.8740882,-0.1109418,1.7883
55,15,115,SpineBase,0.5452399,-0.2067343,1.715658
55,15,115,SpineMid,0.5545236,0.1418412,1.749986
55,15,115,Neck,0.5602828,0.4761648,1.770482
55,15,116,Head,0.6591666,0.5607165,1.775696
55,15,116,ShoulderLeft,0.464931,0.3164559,1.675065
55,15,116,ElbowLeft,0.3804432,0.05183858,1.655175
55,15,116,WristLeft,0.3901432,-0.1586526,1.65209
55,15,116,HandLeft,0.4012942,-0.216969,1.670264
55,15,116,ShoulderRight,0.6411622,0.3325916,1.865387
55,15,116,ElbowRight,0.751359,0.08372559,1.872456
55,15,116,WristRight,0.8709492,-0.07717621,1.810273
55,15,116,HandRight,0.9212123,-0.1208254,1.752912
55,15,116,HipLeft,0.4861564,-0.195386,1.666908
55,15,116,KneeLeft,0.670964,-0.4705971,1.590958
55,15,116,AnkleLeft,0.6861038,-0.8433539,1.612202
55,15,116,FootLeft,0.7464826,-0.8760072,1.517759
55,15,116,HipRight,0.5856148,-0.2090457,1.695607
55,15,116,KneeRight,0.6291191,-0.4831019,1.604977
55,15,116,AnkleRight,0.5135376,-0.7663586,1.81075
55,15,116,FootRight,0.5556518,-0.8620514,1.744016
55,15,116,SpineShoulder,0.5595714,0.3945301,1.767463
55,15,116,HandTipLeft,0.3840447,-0.2911598,1.66999
55,15,116,ThumbLeft,0.369576,-0.2423323,1.6537
55,15,116,HandTipRight,0.9509282,-0.1741972,1.719301
55,15,116,ThumbRight,0.8820649,-0.1150144,1.7756
55,15,146,SpineBase,0.5659675,-0.197968,1.710949
55,15,147,SpineMid,0.5728212,0.1478493,1.742495
55,15,147,Neck,0.576072,0.4798233,1.760957
55,15,147,Head,0.670086,0.565497,1.759286
55,15,147,ShoulderLeft,0.475198,0.3198361,1.668058
55,15,147,ElbowLeft,0.4079824,0.062439,1.643747
55,15,147,WristLeft,0.4027367,-0.1584641,1.624753
55,15,147,HandLeft,0.4276432,-0.233776,1.645824
55,15,147,ShoulderRight,0.6568839,0.3362244,1.855888
55,15,147,ElbowRight,0.7668015,0.08674764,1.856904
55,15,147,WristRight,0.8727162,-0.0779771,1.807945
55,15,147,HandRight,0.9209399,-0.1289464,1.753335
55,15,147,HipLeft,0.5058017,-0.1876463,1.66072
55,15,147,KneeLeft,0.6774352,-0.4651813,1.583356
55,15,147,AnkleLeft,0.6869473,-0.8375879,1.611043
55,15,147,FootLeft,0.745858,-0.870249,1.51495
55,15,147,HipRight,0.6034006,-0.2009065,1.694038
55,15,147,KneeRight,0.6300201,-0.4496076,1.588931
55,15,147,AnkleRight,0.5351788,-0.7428805,1.791098
55,15,147,FootRight,0.5631394,-0.8475485,1.737185
55,15,147,SpineShoulder,0.5758546,0.3986738,1.758447
55,15,147,HandTipLeft,0.4120353,-0.3078405,1.645331
55,15,147,ThumbLeft,0.4055792,-0.2194452,1.6255
55,15,147,HandTipRight,0.954331,-0.1853857,1.723434
55,15,147,ThumbRight,0.9341211,-0.1645591,1.765534
55,15,180,SpineBase,0.5800554,-0.1857919,1.703833
55,15,180,SpineMid,0.5862613,0.1557629,1.734643
55,15,180,Neck,0.5887918,0.4839534,1.752527
55,15,180,Head,0.6796193,0.5702003,1.747562
55,15,180,ShoulderLeft,0.4839865,0.3232974,1.662006
55,15,180,ElbowLeft,0.421888,0.06461593,1.637802
55,15,180,WristLeft,0.4580751,-0.2043017,1.609045
55,15,180,HandLeft,0.4582506,-0.2309965,1.606554
55,15,180,ShoulderRight,0.6695498,0.3403284,1.847485
55,15,180,ElbowRight,0.7756945,0.08917937,1.84907
55,15,180,WristRight,0.8743343,-0.07953118,1.80185
55,15,180,HandRight,0.9156753,-0.137527,1.750346
55,15,180,HipLeft,0.5237507,-0.1709352,1.645997
55,15,180,KneeLeft,0.6784089,-0.4633253,1.574951
55,15,180,AnkleLeft,0.6873351,-0.8348925,1.60971
55,15,181,FootLeft,0.7450846,-0.8675261,1.512355
55,15,181,HipRight,0.61467,-0.1920576,1.69263
55,15,181,KneeRight,0.6260931,-0.4629993,1.584803
55,15,181,AnkleRight,0.5494202,-0.7568929,1.792345
55,15,181,FootRight,0.5790142,-0.8606637,1.73781
55,15,181,SpineShoulder,0.5887833,0.4037065,1.750131
55,15,181,HandTipLeft,0.4190009,-0.2874778,1.555614
55,15,181,ThumbLeft,0.417339,-0.2123293,1.526833
55,15,181,HandTipRight,0.9474258,-0.19629,1.718734
55,15,181,ThumbRight,0.923253,-0.1740109,1.758438
55,15,214,SpineBase,0.6947764,-0.165924,1.732989
55,15,214,SpineMid,0.6540999,0.16975,1.742346
55,15,214,Neck,0.5998622,0.4882982,1.74537
55,15,214,Head,0.6860836,0.5777727,1.733665
55,15,214,ShoulderLeft,0.4932943,0.3296406,1.657143
55,15,214,ElbowLeft,0.4509907,0.0756093,1.623221
55,15,214,WristLeft,0.526784,-0.1516237,1.564509
55,15,214,HandLeft,0.5230722,-0.1627038,1.576376
55,15,214,ShoulderRight,0.6805739,0.3446492,1.840353
55,15,214,ElbowRight,0.7938769,0.09728364,1.846665
55,15,215,WristRight,0.9012828,-0.1201937,1.753661
55,15,215,HandRight,0.9154922,-0.1644235,1.729583
55,15,215,HipLeft,0.6351314,-0.1588652,1.672989
55,15,215,KneeLeft,0.6701147,-0.4705389,1.572648
55,15,215,AnkleLeft,0.6868563,-0.8413053,1.609728
55,15,215,FootLeft,0.7441314,-0.8724508,1.510943
55,15,215,HipRight,0.7281637,-0.1667284,1.727696
55,15,215,KneeRight,0.6317815,-0.4768458,1.578216
55,15,215,AnkleRight,0.581095,-0.7722893,1.790017
55,15,215,FootRight,0.6226493,-0.8723806,1.743545
55,15,215,SpineShoulder,0.6112092,0.4103642,1.744405
55,15,215,HandTipLeft,0.4770554,-0.2164816,1.552241
55,15,215,ThumbLeft,0.4732933,-0.2147745,1.54
55,15,215,HandTipRight,0.927958,-0.2322358,1.705626
55,15,215,ThumbRight,0.9064199,-0.184847,1.747667
55,15,245,SpineBase,0.7021527,-0.1654578,1.731303
55,15,245,SpineMid,0.6585159,0.1701495,1.74139
55,15,245,Neck,0.6092359,0.490785,1.741452
55,15,245,Head,0.6847554,0.5851973,1.724026
55,15,246,ShoulderLeft,0.5002511,0.3339315,1.655451
55,15,246,ElbowLeft,0.4691452,0.0977777,1.615477
55,15,246,WristLeft,0.5316194,-0.08696624,1.558023
55,15,246,HandLeft,0.5491063,-0.09816425,1.568676
55,15,246,ShoulderRight,0.6899085,0.3471256,1.836451
55,15,246,ElbowRight,0.802567,0.09940547,1.840813
55,15,246,WristRight,0.8986488,-0.1266996,1.748596
55,15,246,HandRight,0.9053567,-0.1757273,1.724644
55,15,246,HipLeft,0.6485649,-0.1528567,1.671986
55,15,246,KneeLeft,0.6675634,-0.4752459,1.575074
55,15,246,AnkleLeft,0.6870239,-0.8460495,1.610257
55,15,246,FootLeft,0.7434996,-0.8772179,1.510762
55,15,246,HipRight,0.7324975,-0.1696547,1.725463
55,15,246,KneeRight,0.6676786,-0.5034672,1.592624
55,15,246,AnkleRight,0.6275864,-0.8207281,1.804311
55,15,246,FootRight,0.6397378,-0.8825961,1.725641
55,15,246,SpineShoulder,0.6211094,0.4124078,1.742152
55,15,246,HandTipLeft,0.554628,-0.1392516,1.535618
55,15,246,ThumbLeft,0.5394437,-0.1231413,1.502
55,15,246,HandTipRight,0.9174306,-0.2418863,1.694606
55,15,246,ThumbRight,0.8939328,-0.1936287,1.743875
55,15,280,SpineBase,0.723452,-0.1571051,1.730728
55,15,280,SpineMid,0.6713452,0.1733773,1.740179
55,15,280,Neck,0.6182707,0.4917622,1.738514
55,15,280,Head,0.6830114,0.5934701,1.715526
55,15,280,ShoulderLeft,0.5061773,0.3369631,1.656655
55,15,280,ElbowLeft,0.4832753,0.1040694,1.613538
55,15,281,WristLeft,0.580772,-0.1387212,1.531471
55,15,281,HandLeft,0.5910929,-0.1916427,1.524597
55,15,281,ShoulderRight,0.6989047,0.3480996,1.833525
55,15,281,ElbowRight,0.8157069,0.1017577,1.824216
55,15,281,WristRight,0.8844908,-0.1423138,1.720003
55,15,281,HandRight,0.8927407,-0.1985995,1.700391
55,15,281,HipLeft,0.6697831,-0.1416801,1.668632
55,15,281,KneeLeft,0.6687927,-0.4800073,1.579173
55,15,281,AnkleLeft,0.687396,-0.8511055,1.612243
55,15,281,FootLeft,0.7425683,-0.882059,1.511453
55,15,281,HipRight,0.7496063,-0.1659576,1.727532
55,15,281,KneeRight,0.7210732,-0.5118791,1.63348
55,15,281,AnkleRight,0.6635095,-0.8291548,1.787459
55,15,281,FootRight,0.6324065,-0.9004171,1.72703
55,15,281,SpineShoulder,0.6317146,0.4139158,1.74016
55,15,281,HandTipLeft,0.6016628,-0.2623458,1.506123
55,15,281,ThumbLeft,0.5592094,-0.1827397,1.491227
55,15,281,HandTipRight,0.9008943,-0.2606715,1.665362
55,15,281,ThumbRight,0.8386938,-0.2103198,1.704538
55,15,313,SpineBase,0.7348819,-0.1402957,1.728896
55,15,313,SpineMid,0.6814089,0.1802182,1.738885
55,15,313,Neck,0.626979,0.4920805,1.736869
55,15,313,Head,0.6822445,0.5994247,1.707857
55,15,313,ShoulderLeft,0.5117755,0.343253,1.662959
55,15,314,ElbowLeft,0.4954951,0.1048236,1.612251
55,15,314,WristLeft,0.5939188,-0.1142229,1.515449
55,15,314,HandLeft,0.6133579,-0.1804254,1.492525
55,15,314,ShoulderRight,0.8063792,0.3605903,1.805207
55,15,314,ElbowRight,0.8816541,0.0992148,1.759849
55,15,314,WristRight,0.8552262,-0.1644107,1.687703
55,15,314,HandRight,0.8512735,-0.2359108,1.671872
55,15,314,HipLeft,0.6692432,-0.1385618,1.665627
55,15,314,KneeLeft,0.6723544,-0.4804545,1.584166
55,15,314,AnkleLeft,0.6877359,-0.8500168,1.611762
55,15,314,FootLeft,0.718846,-0.8811481,1.49448
55,15,314,HipRight,0.7880085,-0.1239725,1.732435
55,15,315,KneeRight,0.7997476,-0.4728723,1.663185
55,15,315,AnkleRight,0.6948891,-0.8060566,1.79127
55,15,315,FootRight,0.6816406,-0.8730469,1.686523
55,15,315,SpineShoulder,0.640755,0.4156446,1.738977
55,15,315,HandTipLeft,0.6202555,-0.2466658,1.470764
55,15,315,ThumbLeft,0.5969523,-0.2050765,1.447148
55,15,315,HandTipRight,0.8263605,-0.3046803,1.64221
55,15,315,ThumbRight,0.7906802,-0.2129617,1.646571
55,15,345,SpineBase,0.7339932,-0.1390184,1.727165
55,15,345,SpineMid,0.6842088,0.1810188,1.738407
55,15,345,Neck,0.639653,0.4905043,1.738612
55,15,345,Head,0.6805931,0.6033474,1.705556
55,15,345,ShoulderLeft,0.5150822,0.3515852,1.675118
55,15,345,ElbowLeft,0.500927,0.1103774,1.617589
55,15,345,WristLeft,0.6092735,-0.1040284,1.499737
55,15,345,HandLeft,0.6438692,-0.1698945,1.464691
55,15,345,ShoulderRight,0.8157288,0.363554,1.801085
55,15,345,ElbowRight,0.8699068,0.1076205,1.806386
55,15,345,WristRight,0.8475692,-0.1486052,1.7079
55,15,345,HandRight,0.8534418,-0.1788463,1.679996
55,15,345,HipLeft,0.6638902,-0.1366028,1.665159
55,15,345,KneeLeft,0.676636,-0.4849322,1.588473
55,15,345,AnkleLeft,0.6879742,-0.845255,1.610802
55,15,345,FootLeft,0.714439,-0.8765194,1.49146
55,15,345,HipRight,0.7847639,-0.1270619,1.723628
55,15,345,KneeRight,0.7500284,-0.4742133,1.634041
55,15,345,AnkleRight,0.7208915,-0.7908111,1.819275
55,15,345,FootRight,0.7844102,-0.8681102,1.745952
55,15,345,SpineShoulder,0.6505383,0.4150618,1.740098
55,15,345,HandTipLeft,0.6647213,-0.2355722,1.462402
55,15,345,ThumbLeft,0.6320556,-0.1717651,1.421095
55,15,345,HandTipRight,0.8354985,-0.2134719,1.6497
55,15,345,ThumbRight,0.8058042,-0.1731348,1.650636
55,15,379,SpineBase,0.7352956,-0.1381553,1.727764
55,15,379,SpineMid,0.6932039,0.1813923,1.74017
55,15,379,Neck,0.6538391,0.4879037,1.740524
55,15,379,Head,0.6792316,0.6063622,1.70534
55,15,379,ShoulderLeft,0.5169953,0.3604868,1.692313
55,15,379,ElbowLeft,0.5045609,0.1437695,1.641569
55,15,379,WristLeft,0.6191627,-0.05957127,1.493607
55,15,379,HandLeft,0.6614566,-0.1214395,1.439789
55,15,379,ShoulderRight,0.8339807,0.3660162,1.790186
55,15,379,ElbowRight,0.8738434,0.09558947,1.780375
55,15,379,WristRight,0.8900273,-0.1571509,1.683195
55,15,379,HandRight,0.8682796,-0.2330194,1.627503
55,15,379,HipLeft,0.6633542,-0.1334364,1.672541
55,15,380,KneeLeft,0.6754794,-0.4813989,1.591234
55,15,380,AnkleLeft,0.6993621,-0.8532572,1.621616
55,15,380,FootLeft,0.7168432,-0.8846446,1.499054
55,15,380,HipRight,0.7869391,-0.1293314,1.720341
55,15,380,KneeRight,0.715792,-0.4717776,1.62553
55,15,380,AnkleRight,0.802846,-0.8167481,1.736769
55,15,380,FootRight,0.795076,-0.8877591,1.670436
55,15,380,SpineShoulder,0.6641962,0.4131464,1.742319
55,15,380,HandTipLeft,0.7126844,-0.1681575,1.432503
55,15,380,ThumbLeft,0.6333195,-0.1371543,1.409018
55,15,380,HandTipRight,0.86084,-0.2856887,1.609638
55,15,380,ThumbRight,0.8413724,-0.202576,1.598
55,15,413,SpineBase,0.7378328,-0.1363285,1.727378
55,15,413,SpineMid,0.6999194,0.1820706,1.740595
55,15,413,Neck,0.6622209,0.4866458,1.741988
55,15,413,Head,0.6778339,0.6086294,1.705757
55,15,413,ShoulderLeft,0.5187131,0.3622036,1.708209
55,15,413,ElbowLeft,0.5117622,0.1391556,1.650604
55,15,413,WristLeft,0.6346282,-0.03582571,1.474293
55,15,413,HandLeft,0.6759295,-0.0808984,1.425177
55,15,413,ShoulderRight,0.8484088,0.3626007,1.775691
55,15,413,ElbowRight,0.8749235,0.09008802,1.733367
55,15,413,WristRight,0.8660579,-0.1654931,1.630965
55,15,413,HandRight,0.8446534,-0.2371721,1.61831
55,15,413,HipLeft,0.6629397,-0.1322608,1.675583
55,15,413,KneeLeft,0.6723992,-0.47842,1.593475
55,15,413,AnkleLeft,0.6921058,-0.838818,1.615181
55,15,414,FootLeft,0.7003053,-0.8703514,1.490109
55,15,414,HipRight,0.7933803,-0.1285618,1.712807
55,15,414,KneeRight,0.7208935,-0.4718763,1.624406
55,15,414,AnkleRight,0.6877463,-0.7613447,1.602255
55,15,414,FootRight,0.695738,-0.7939333,1.476747
55,15,414,SpineShoulder,0.6722112,0.4123418,1.743571
55,15,414,HandTipLeft,0.7250133,-0.1251355,1.406573
55,15,414,ThumbLeft,0.6811655,-0.07683803,1.376912
55,15,414,HandTipRight,0.8304514,-0.3117867,1.613845
55,15,414,ThumbRight,0.8019913,-0.1956312,1.6105
55,15,446,SpineBase,0.7279658,-0.1377097,1.723443
55,15,446,SpineMid,0.700037,0.1815798,1.740325
55,15,446,Neck,0.6700419,0.4846085,1.743202
55,15,446,Head,0.6758215,0.6105043,1.707629
55,15,446,ShoulderLeft,0.5209878,0.3623306,1.727228
55,15,446,ElbowLeft,0.5167996,0.1401437,1.675012
55,15,446,WristLeft,0.6616186,-0.03691869,1.51998
55,15,446,HandLeft,0.6841499,-0.04225044,1.420785
55,15,447,ShoulderRight,0.8533669,0.3613209,1.769177
55,15,447,ElbowRight,0.8779764,0.08880742,1.723877
55,15,447,WristRight,0.8745101,-0.1445982,1.633342
55,15,447,HandRight,0.8487213,-0.208248,1.611258
55,15,447,HipLeft,0.6508659,-0.1347625,1.680503
55,15,447,KneeLeft,0.6687469,-0.481138,1.597584
55,15,447,AnkleLeft,0.691449,-0.8384693,1.614137
55,15,447,FootLeft,0.6920882,-0.8699195,1.487761
55,15,447,HipRight,0.7727483,-0.1343664,1.693275
55,15,447,KneeRight,0.730216,-0.4741002,1.625226
55,15,447,AnkleRight,0.6819887,-0.7600066,1.60196
55,15,447,FootRight,0.6825018,-0.7925189,1.47511
55,15,447,SpineShoulder,0.6769173,0.41074,1.744112
55,15,447,HandTipLeft,0.7402401,-0.05512201,1.380629
55,15,447,ThumbLeft,0.6569688,-0.03066708,1.383563
55,15,447,HandTipRight,0.8577624,-0.2848143,1.58834
55,15,447,ThumbRight,0.8057567,-0.2174354,1.5963
55,15,479,SpineBase,0.7263547,-0.1381154,1.723003
55,15,479,SpineMid,0.7011073,0.1810119,1.740286
55,15,479,Neck,0.6786303,0.4839487,1.74473
55,15,479,Head,0.6738679,0.6121915,1.71132
55,15,479,ShoulderLeft,0.5224381,0.3622865,1.736587
55,15,479,ElbowLeft,0.5163556,0.1460299,1.706702
55,15,479,WristLeft,0.6283105,0.01459977,1.488394
55,15,479,HandLeft,0.6666313,-0.002884124,1.424871
55,15,479,ShoulderRight,0.8563859,0.3605154,1.762506
55,15,479,ElbowRight,0.8792076,0.0905202,1.698792
55,15,479,WristRight,0.8731184,-0.1448632,1.624793
55,15,479,HandRight,0.8452255,-0.2087407,1.598344
55,15,479,HipLeft,0.6471729,-0.1369537,1.685621
55,15,479,KneeLeft,0.6651688,-0.4727623,1.607736
55,15,479,AnkleLeft,0.6902937,-0.8366426,1.612394
55,15,479,FootLeft,0.686115,-0.8680516,1.485494
55,15,479,HipRight,0.7722025,-0.1342266,1.690781
55,15,479,KneeRight,0.7347283,-0.4704089,1.625607
55,15,479,AnkleRight,0.6812882,-0.7591478,1.601023
55,15,479,FootRight,0.6769834,-0.7916123,1.473653
55,15,479,SpineShoulder,0.6838539,0.4098766,1.745264
55,15,479,HandTipLeft,0.70252,-0.01613698,1.382371
55,15,479,ThumbLeft,0.6491997,-0.005873344,1.381773
55,15,479,HandTipRight,0.8399083,-0.282877,1.577263
55,15,480,ThumbRight,0.8039941,-0.2005363,1.596148
55,15,514,SpineBase,0.725909,-0.1383075,1.723111
55,15,514,SpineMid,0.704087,0.180112,1.740717
55,15,514,Neck,0.6879446,0.4832099,1.746045
55,15,514,Head,0.6718982,0.6132173,1.71629
55,15,514,ShoulderLeft,0.5244109,0.3615462,1.746845
55,15,514,ElbowLeft,0.5190604,0.1475972,1.733023
55,15,514,WristLeft,0.6095942,0.03238847,1.515529
55,15,514,HandLeft,0.658032,0.01564358,1.434569
55,15,514,ShoulderRight,0.8666042,0.3569946,1.728691
55,15,514,ElbowRight,0.8819507,0.08327564,1.684605
55,15,514,WristRight,0.859729,-0.1477019,1.599362
55,15,514,HandRight,0.835618,-0.2130951,1.581751
55,15,514,HipLeft,0.6456475,-0.1386644,1.692543
55,15,514,KneeLeft,0.6682686,-0.4730019,1.615625
55,15,514,AnkleLeft,0.6898095,-0.8366454,1.611404
55,15,514,FootLeft,0.6724857,-0.8679354,1.484269
55,15,514,HipRight,0.7723937,-0.1340523,1.68817
55,15,514,KneeRight,0.7674948,-0.4620071,1.6268
55,15,514,AnkleRight,0.6839939,-0.7552375,1.597831
55,15,514,FootRight,0.6664711,-0.7876378,1.47023
55,15,515,SpineShoulder,0.6921248,0.4089945,1.746521
55,15,515,HandTipLeft,0.6935271,0.0140138,1.394367
55,15,515,ThumbLeft,0.6347085,0.02788498,1.387548
55,15,515,HandTipRight,0.8287624,-0.2881646,1.559885
55,15,515,ThumbRight,0.7951115,-0.2404622,1.583625
55,15,545,SpineBase,0.7252388,-0.1389376,1.725622
55,15,545,SpineMid,0.7076374,0.1788323,1.742662
55,15,545,Neck,0.6940208,0.4820702,1.746988
55,15,545,Head,0.6713685,0.6129442,1.721812
55,15,545,ShoulderLeft,0.5274583,0.36109,1.755708
55,15,545,ElbowLeft,0.5255606,0.1485061,1.762855
55,15,545,WristLeft,0.6062258,0.03606687,1.520561
55,15,545,HandLeft,0.6398591,0.01812889,1.451132
55,15,545,ShoulderRight,0.8656519,0.3547259,1.720927
55,15,545,ElbowRight,0.8766674,0.08226087,1.664787
55,15,545,WristRight,0.8531287,-0.1380575,1.585816
55,15,545,HandRight,0.8291389,-0.2045266,1.567369
55,15,545,HipLeft,0.6452307,-0.1413003,1.70589
55,15,545,KneeLeft,0.6828387,-0.4738577,1.620659
55,15,545,AnkleLeft,0.6894261,-0.8355723,1.609311
55,15,545,FootLeft,0.6671309,-0.8668633,1.482549
55,15,545,HipRight,0.7725057,-0.1339832,1.687932
55,15,545,KneeRight,0.774235,-0.4542671,1.628254
55,15,545,AnkleRight,0.6906464,-0.7433504,1.596115
55,15,545,FootRight,0.6680143,-0.7759398,1.468859
55,15,545,SpineShoulder,0.6978466,0.4078195,1.747859
55,15,545,HandTipLeft,0.6602811,0.01244121,1.415091
55,15,546,ThumbLeft,0.6061124,0.02655311,1.416339
55,15,546,HandTipRight,0.8226552,-0.2775316,1.550351
55,15,546,ThumbRight,0.8013308,-0.197706,1.590405
55,15,579,SpineBase,0.7287682,-0.140978,1.731601
55,15,579,SpineMid,0.714371,0.1758685,1.745799
55,15,579,Neck,0.6997324,0.4794841,1.747253
55,15,579,Head,0.6712149,0.6101796,1.729085
55,15,579,ShoulderLeft,0.5499185,0.3552393,1.810315
55,15,579,ElbowLeft,0.5336736,0.1468607,1.790878
55,15,579,WristLeft,0.5858452,0.02503683,1.545063
55,15,579,HandLeft,0.6128099,0.005018498,1.471979
55,15,579,ShoulderRight,0.8636591,0.3498161,1.711516
55,15,579,ElbowRight,0.8729735,0.07723801,1.655271
55,15,579,WristRight,0.8290407,-0.1709031,1.556183
55,15,579,HandRight,0.8149599,-0.2170019,1.544008
55,15,579,HipLeft,0.6527441,-0.1464647,1.720129
55,15,579,KneeLeft,0.7006615,-0.4685259,1.617725
55,15,579,AnkleLeft,0.6896984,-0.8346491,1.606549
55,15,579,FootLeft,0.7174818,-0.9032041,1.581843
55,15,579,HipRight,0.7748277,-0.1337841,1.687808
55,15,579,KneeRight,0.7767588,-0.4403956,1.628218
55,15,579,AnkleRight,0.6901754,-0.746567,1.595433
55,15,579,FootRight,0.6473081,-0.7791381,1.472478
55,15,579,SpineShoulder,0.7039314,0.4051789,1.748805
55,15,579,HandTipLeft,0.628874,-0.006201892,1.437864
55,15,579,ThumbLeft,0.5858729,0.02645317,1.436536
55,15,579,HandTipRight,0.808849,-0.2844445,1.542985
55,15,579,ThumbRight,0.7983769,-0.192962,1.578143
55,15,615,SpineBase,0.7412841,-0.1427753,1.737834
55,15,615,SpineMid,0.7241981,0.1729484,1.749658
55,15,615,Neck,0.704743,0.4766972,1.749101
55,15,615,Head,0.6712888,0.6070439,1.735292
55,15,615,ShoulderLeft,0.5536904,0.3541187,1.815618
55,15,615,ElbowLeft,0.5437355,0.1371396,1.813528
55,15,615,WristLeft,0.5479162,0.012704,1.646029
55,15,615,HandLeft,0.5833095,-0.02049483,1.501123
55,15,615,ShoulderRight,0.8631321,0.3491659,1.709589
55,15,615,ElbowRight,0.8682579,0.07718293,1.648288
55,15,615,WristRight,0.8244334,-0.1701963,1.551609
55,15,615,HandRight,0.8021665,-0.2190372,1.532624
55,15,615,HipLeft,0.6662641,-0.1508802,1.72839
55,15,615,KneeLeft,0.7135918,-0.4646581,1.606855
55,15,615,AnkleLeft,0.6943542,-0.8283848,1.605069
55,15,615,FootLeft,0.6493008,-0.8600321,1.483542
55,15,615,HipRight,0.7880188,-0.1314689,1.687692
55,15,615,KneeRight,0.7847381,-0.4207966,1.62502
55,15,615,AnkleRight,0.6925107,-0.7443396,1.59358
55,15,615,FootRight,0.6471977,-0.777169,1.471585
55,15,615,SpineShoulder,0.7101071,0.4023233,1.751144
55,15,615,HandTipLeft,0.5962691,-0.0288308,1.465313
55,15,615,ThumbLeft,0.5577452,0.003347283,1.47525
55,15,615,HandTipRight,0.7937594,-0.2856521,1.533319
55,15,615,ThumbRight,0.7738392,-0.2119284,1.5546
55,15,646,SpineBase,0.7515612,-0.1422457,1.74272
55,15,646,SpineMid,0.7300401,0.1717905,1.752287
55,15,646,Neck,0.7069947,0.4748141,1.750226
55,15,646,Head,0.6710538,0.6043673,1.740352
55,15,646,ShoulderLeft,0.5609654,0.3520782,1.827973
55,15,646,ElbowLeft,0.5535578,0.1244436,1.829714
55,15,646,WristLeft,0.5478466,0.0001686455,1.662022
55,15,646,HandLeft,0.5502993,-0.05672345,1.530729
55,15,646,ShoulderRight,0.8621608,0.3486265,1.707564
55,15,646,ElbowRight,0.8591896,0.07823789,1.636765
55,15,646,WristRight,0.8125136,-0.1708875,1.541694
55,15,646,HandRight,0.7896191,-0.2203952,1.522159
55,15,646,HipLeft,0.6760782,-0.1504596,1.735095
55,15,646,KneeLeft,0.7264744,-0.441864,1.59677
55,15,646,AnkleLeft,0.7289313,-0.8155344,1.617292
55,15,646,FootLeft,0.6785936,-0.8478165,1.497728
55,15,646,HipRight,0.7987843,-0.1299001,1.688539
55,15,646,KneeRight,0.7858078,-0.4193631,1.624081
55,15,646,AnkleRight,0.7333421,-0.7921821,1.608771
55,15,646,FootRight,0.6828259,-0.8247676,1.489136
55,15,646,SpineShoulder,0.7131442,0.4005685,1.75261
55,15,646,HandTipLeft,0.5573301,-0.07014988,1.498466
55,15,646,ThumbLeft,0.5287952,-0.0340308,1.504519
55,15,646,HandTipRight,0.7868663,-0.2910424,1.520875
55,15,647,ThumbRight,0.7558885,-0.2178376,1.538121
55,15,678,SpineBase,0.7602165,-0.1422025,1.747156
55,15,678,SpineMid,0.7353278,0.1710939,1.755453
55,15,678,Neck,0.7088088,0.4736525,1.751931
55,15,678,Head,0.6706045,0.6023694,1.745739
55,15,679,ShoulderLeft,0.5670046,0.351606,1.84287
55,15,679,ElbowLeft,0.5658115,0.1114015,1.855106
55,15,679,WristLeft,0.5197419,-0.03918229,1.718973
55,15,679,HandLeft,0.5167078,-0.09817535,1.587619
55,15,679,ShoulderRight,0.8549758,0.3449924,1.699706
55,15,679,ElbowRight,0.8483343,0.07880845,1.629149
55,15,679,WristRight,0.797134,-0.1685517,1.530136
55,15,679,HandRight,0.7743766,-0.2177667,1.513083
55,15,679,HipLeft,0.688216,-0.1503028,1.745163
55,15,679,KneeLeft,0.7289393,-0.4320658,1.595663
55,15,679,AnkleLeft,0.7412266,-0.7551463,1.619662
55,15,679,FootLeft,0.6831928,-0.7886622,1.503339
55,15,679,HipRight,0.8049517,-0.1295466,1.688396
55,15,679,KneeRight,0.7864927,-0.4196054,1.621301
55,15,679,AnkleRight,0.9463395,-0.6896462,1.718902
55,15,679,FootRight,0.9288694,-0.8029498,1.702095
55,15,679,SpineShoulder,0.7157766,0.3994805,1.754706
55,15,679,HandTipLeft,0.5187622,-0.1231444,1.551137
55,15,679,ThumbLeft,0.4966101,-0.08073927,1.55281
55,15,679,HandTipRight,0.7666386,-0.2901075,1.512947
55,15,679,ThumbRight,0.735563,-0.222868,1.50194
55,15,711,SpineBase,0.7592341,-0.1430885,1.764726
55,15,711,SpineMid,0.7360208,0.1706465,1.763341
55,15,711,Neck,0.709295,0.473285,1.753844
55,15,711,Head,0.6687952,0.6011816,1.751215
55,15,711,ShoulderLeft,0.5709635,0.3532294,1.856077
55,15,711,ElbowLeft,0.5717874,0.1003019,1.861876
55,15,711,WristLeft,0.5183192,-0.06439847,1.747658
55,15,711,HandLeft,0.4972415,-0.1306776,1.671643
55,15,711,ShoulderRight,0.8467005,0.342859,1.696467
55,15,711,ElbowRight,0.8294671,0.08194024,1.623766
55,15,711,WristRight,0.7757467,-0.1703817,1.523598
55,15,711,HandRight,0.7542412,-0.2280038,1.5108
55,15,711,HipLeft,0.686962,-0.1487047,1.769509
55,15,711,KneeLeft,0.7321896,-0.4254138,1.596251
55,15,711,AnkleLeft,0.7509285,-0.7403253,1.629626
55,15,711,FootLeft,0.6873396,-0.7748917,1.516609
55,15,711,HipRight,0.8041521,-0.1314616,1.696899
55,15,711,KneeRight,0.7910251,-0.3901074,1.612171
55,15,711,AnkleRight,0.9518595,-0.6917949,1.724374
55,15,711,FootRight,0.9387505,-0.7788264,1.706472
55,15,711,SpineShoulder,0.7164503,0.3991033,1.757803
55,15,711,HandTipLeft,0.4773612,-0.178368,1.612894
55,15,711,ThumbLeft,0.4608947,-0.1311554,1.623937
55,15,711,HandTipRight,0.7402512,-0.2938018,1.514263
55,15,711,ThumbRight,0.7423214,-0.232885,1.470603
55,15,744,SpineBase,0.7582805,-0.1415063,1.773197
55,15,744,SpineMid,0.7351465,0.17168,1.770304
55,15,744,Neck,0.7084909,0.4735479,1.757093
55,15,744,Head,0.6654773,0.6000821,1.757727
55,15,744,ShoulderLeft,0.5737176,0.3525457,1.868465
55,15,745,ElbowLeft,0.5707934,0.09835453,1.86481
55,15,745,WristLeft,0.509173,-0.1014638,1.787543
55,15,745,HandLeft,0.4787801,-0.164383,1.74215
55,15,745,ShoulderRight,0.8408006,0.3416311,1.69345
55,15,745,ElbowRight,0.8210233,0.0841576,1.62204
55,15,745,WristRight,0.7603765,-0.166518,1.521126
55,15,745,HandRight,0.7342603,-0.2246737,1.503932
55,15,745,HipLeft,0.6865539,-0.1455862,1.7774
55,15,745,KneeLeft,0.7315914,-0.3960417,1.607946
55,15,745,AnkleLeft,0.7655816,-0.7330889,1.659297
55,15,745,FootLeft,0.6972762,-0.7682631,1.549304
55,15,745,HipRight,0.8026493,-0.1318185,1.704805
55,15,745,KneeRight,0.7904726,-0.3856691,1.616365
55,15,745,AnkleRight,0.9511301,-0.6985057,1.725257
55,15,745,FootRight,0.8980783,-0.8065227,1.69251
55,15,745,SpineShoulder,0.7156671,0.3995761,1.762091
55,15,745,HandTipLeft,0.4463263,-0.2300568,1.701629
55,15,745,ThumbLeft,0.4466885,-0.1794889,1.725929
55,15,745,HandTipRight,0.7196788,-0.2888747,1.502377
55,15,745,ThumbRight,0.7267669,-0.2268526,1.462412
55,15,779,SpineBase,0.7584897,-0.1406016,1.777166
55,15,779,SpineMid,0.7341595,0.1723849,1.77554
55,15,779,Neck,0.705887,0.4738033,1.762826
55,15,779,Head,0.6604636,0.5989992,1.764799
55,15,779,ShoulderLeft,0.5756056,0.3504381,1.876173
55,15,779,ElbowLeft,0.5701942,0.08771552,1.870621
55,15,779,WristLeft,0.49742,-0.1305944,1.832522
55,15,779,HandLeft,0.4678161,-0.2076217,1.809778
55,15,779,ShoulderRight,0.835544,0.3413427,1.691388
55,15,779,ElbowRight,0.8143523,0.08512855,1.620818
55,15,779,WristRight,0.7423282,-0.1618598,1.51923
55,15,779,HandRight,0.7103027,-0.2242488,1.498117
55,15,779,HipLeft,0.6875468,-0.1450245,1.781332
55,15,779,KneeLeft,0.7232199,-0.4041317,1.622327
55,15,779,AnkleLeft,0.7774083,-0.7590287,1.704834
55,15,779,FootLeft,0.7061089,-0.7941609,1.597034
55,15,779,HipRight,0.8020426,-0.1307537,1.708545
55,15,779,KneeRight,0.8033144,-0.3848432,1.624222
55,15,779,AnkleRight,0.9497964,-0.7080671,1.72448
55,15,779,FootRight,0.8981386,-0.8028681,1.695492
55,15,779,SpineShoulder,0.7135422,0.3999988,1.767869
55,15,779,HandTipLeft,0.4383776,-0.2701737,1.795122
55,15,779,ThumbLeft,0.4433891,-0.2100348,1.808778
55,15,779,HandTipRight,0.6936083,-0.2866196,1.497848
55,15,779,ThumbRight,0.6733978,-0.2184873,1.478321
55,15,812,SpineBase,0.7578994,-0.1408259,1.777893
55,15,813,SpineMid,0.7319781,0.1723025,1.778106
55,15,813,Neck,0.7012056,0.4740666,1.767774
55,15,813,Head,0.6523503,0.5974329,1.772326
55,15,813,ShoulderLeft,0.5759062,0.34617,1.883104
55,15,813,ElbowLeft,0.5623111,0.07123443,1.878765
55,15,813,WristLeft,0.4925403,-0.1862464,1.892106
55,15,813,HandLeft,0.464381,-0.2592156,1.893756
55,15,813,ShoulderRight,0.8261274,0.3406636,1.688772
55,15,813,ElbowRight,0.8092329,0.09105425,1.621922
55,15,813,WristRight,0.72992,-0.1543588,1.520465
55,15,813,HandRight,0.6870764,-0.218421,1.493389
55,15,813,HipLeft,0.687558,-0.1453962,1.78238
55,15,813,KneeLeft,0.6915318,-0.4338974,1.653467
55,15,813,AnkleLeft,0.7680929,-0.7526094,1.711388
55,15,813,FootLeft,0.6935509,-0.7878575,1.606098
55,15,813,HipRight,0.8004469,-0.1309427,1.709116
55,15,813,KneeRight,0.7932626,-0.4429258,1.649586
55,15,813,AnkleRight,0.9590179,-0.706012,1.737782
55,15,813,FootRight,0.8870832,-0.8061287,1.700386
55,15,813,SpineShoulder,0.709605,0.4001824,1.77222
55,15,813,HandTipLeft,0.4541798,-0.3268702,1.904324
55,15,813,ThumbLeft,0.4291308,-0.2715145,1.881539
55,15,813,HandTipRight,0.6651076,-0.2779559,1.493391
55,15,813,ThumbRight,0.6506114,-0.2079169,1.483508
55,15,845,SpineBase,0.7545844,-0.1429089,1.780932
55,15,845,SpineMid,0.7269554,0.1711712,1.783193
55,15,845,Neck,0.6947342,0.4741431,1.774382
55,15,845,Head,0.6433228,0.5952445,1.782486
55,15,845,ShoulderLeft,0.5755682,0.3458635,1.884412
55,15,845,ElbowLeft,0.5562487,0.07048827,1.890488
55,15,845,WristLeft,0.5035016,-0.1743365,1.944864
55,15,845,HandLeft,0.489065,-0.2570869,1.979218
55,15,845,ShoulderRight,0.8205851,0.3404614,1.687336
55,15,845,ElbowRight,0.8048691,0.09121253,1.621284
55,15,845,WristRight,0.7198874,-0.1391539,1.527217
55,15,845,HandRight,0.6698577,-0.209312,1.49532
55,15,845,HipLeft,0.6853225,-0.1480587,1.787173
55,15,845,KneeLeft,0.6722496,-0.4428561,1.684996
55,15,845,AnkleLeft,0.7304583,-0.728223,1.740085
55,15,845,FootLeft,0.655225,-0.7638962,1.635398
55,15,845,HipRight,0.7959594,-0.1327187,1.710657
55,15,845,KneeRight,0.7981929,-0.438217,1.653865
55,15,845,AnkleRight,0.952918,-0.7286266,1.734103
55,15,845,FootRight,0.9319705,-0.8419876,1.705983
55,15,845,SpineShoulder,0.7034839,0.3999587,1.778532
55,15,846,HandTipLeft,0.4862269,-0.3207676,2.003378
55,15,846,ThumbLeft,0.4637885,-0.2530722,1.934974
55,15,846,HandTipRight,0.6373664,-0.2635625,1.488863
55,15,846,ThumbRight,0.6322757,-0.2051349,1.46804
55,15,881,SpineBase,0.7454978,-0.1480534,1.786976
55,15,881,SpineMid,0.716341,0.1693047,1.790415
55,15,882,Neck,0.6825505,0.4754007,1.782353
55,15,882,Head,0.6298335,0.594153,1.793602
55,15,882,ShoulderLeft,0.5653949,0.3381442,1.910711
55,15,882,ElbowLeft,0.5511007,0.06450641,1.911733
55,15,882,WristLeft,0.5179375,-0.1551591,1.990776
55,15,882,HandLeft,0.5078347,-0.2368754,2.031073
55,15,882,ShoulderRight,0.7998263,0.3397551,1.685033
55,15,882,ElbowRight,0.8058855,0.1175182,1.625768
55,15,882,WristRight,0.713944,-0.1266992,1.530999
55,15,882,HandRight,0.6612564,-0.2018258,1.500238
55,15,882,HipLeft,0.6800162,-0.1544188,1.796597
55,15,882,KneeLeft,0.640449,-0.4630747,1.731214
55,15,882,AnkleLeft,0.7191333,-0.7369303,1.759879
55,15,882,FootLeft,0.6376676,-0.7728022,1.661243
55,15,882,HipRight,0.7819781,-0.137073,1.713361
55,15,882,KneeRight,0.8020805,-0.4346036,1.656391
55,15,882,AnkleRight,0.9531718,-0.7308591,1.735781
55,15,882,FootRight,0.9155273,-0.8095703,1.717773
55,15,882,SpineShoulder,0.6917213,0.4004445,1.786355
55,15,882,HandTipLeft,0.5181229,-0.298291,2.069787
55,15,882,ThumbLeft,0.4748803,-0.2628062,2.026227
55,15,882,HandTipRight,0.6268516,-0.2549,1.491582
55,15,882,ThumbRight,0.6116325,-0.2125898,1.463943
55,15,912,SpineBase,0.7266405,-0.1543168,1.794659
55,15,912,SpineMid,0.6989571,0.1670982,1.796756
55,15,912,Neck,0.6669748,0.4763208,1.786911
55,15,912,Head,0.6130149,0.5936237,1.80458
55,15,912,ShoulderLeft,0.5570819,0.333124,1.922206
55,15,912,ElbowLeft,0.5475827,0.05864536,1.939079
55,15,912,WristLeft,0.5185289,-0.1488501,2.011222
55,15,912,HandLeft,0.5068561,-0.2203857,2.050344
55,15,912,ShoulderRight,0.7711028,0.3398882,1.681298
55,15,912,ElbowRight,0.788422,0.09762046,1.619274
55,15,912,WristRight,0.7016245,-0.1429348,1.52583
55,15,912,HandRight,0.651517,-0.2083383,1.499731
55,15,912,HipLeft,0.6660064,-0.1604836,1.811385
55,15,912,KneeLeft,0.6210955,-0.4740106,1.760514
55,15,912,AnkleLeft,0.7335544,-0.8265929,1.796261
55,15,912,FootLeft,0.7043809,-0.9036332,1.75683
55,15,912,HipRight,0.7579702,-0.1434306,1.713138
55,15,912,KneeRight,0.784033,-0.4112855,1.655944
55,15,912,AnkleRight,0.9259576,-0.7454537,1.726943
55,15,912,FootRight,0.8362043,-0.7817428,1.63544
55,15,912,SpineShoulder,0.6756839,0.4006747,1.791385
55,15,912,HandTipLeft,0.5157496,-0.2920291,2.095159
55,15,912,ThumbLeft,0.4892165,-0.2370904,2.0195
55,15,912,HandTipRight,0.6176597,-0.2560426,1.493125
55,15,912,ThumbRight,0.6109934,-0.2041535,1.465556
55,15,948,SpineBase,0.6938558,-0.1614911,1.812284
55,15,948,SpineMid,0.6717787,0.1646272,1.808856
55,15,948,Neck,0.6450272,0.4776438,1.794009
55,15,948,Head,0.5935454,0.594027,1.817111
55,15,948,ShoulderLeft,0.5456592,0.3227709,1.951405
55,15,948,ElbowLeft,0.5436447,0.05246144,1.972351
55,15,948,WristLeft,0.5190898,-0.1486382,2.040383
55,15,948,HandLeft,0.5083525,-0.2261034,2.07773
55,15,948,ShoulderRight,0.7437362,0.3397811,1.67989
55,15,948,ElbowRight,0.7844699,0.1197415,1.622245
55,15,949,WristRight,0.7028346,-0.130398,1.534312
55,15,949,HandRight,0.6545206,-0.210339,1.508853
55,15,949,HipLeft,0.6424361,-0.166017,1.834205
55,15,949,KneeLeft,0.5944728,-0.4934775,1.803918
55,15,949,AnkleLeft,0.7233151,-0.8351994,1.8009
55,15,949,FootLeft,0.6484375,-0.9174805,1.792969
55,15,949,HipRight,0.7191635,-0.1513091,1.723899
55,15,949,KneeRight,0.7789313,-0.4144559,1.657256
55,15,949,AnkleRight,0.9251524,-0.7468575,1.727552
55,15,949,FootRight,0.8296807,-0.7832417,1.643624
55,15,949,SpineShoulder,0.6524707,0.401146,1.799678
55,15,949,HandTipLeft,0.5140038,-0.2957482,2.115106
55,15,949,ThumbLeft,0.4850835,-0.2430225,2.061077
55,15,949,HandTipRight,0.6218278,-0.2649373,1.497806
55,15,949,ThumbRight,0.6135072,-0.209474,1.482184
55,15,980,SpineBase,0.6724207,-0.1679535,1.822327
55,15,980,SpineMid,0.6520122,0.1617705,1.816706
55,15,980,Neck,0.6275069,0.4784863,1.799106
55,15,980,Head,0.5690994,0.5926157,1.831036
55,15,980,ShoulderLeft,0.5413929,0.3154726,1.966315
55,15,980,ElbowLeft,0.5390785,0.04233016,1.991336
55,15,980,WristLeft,0.5122114,-0.1669745,2.064348
55,15,980,HandLeft,0.5056308,-0.247631,2.09781
55,15,980,ShoulderRight,0.7004297,0.3368115,1.678857
55,15,980,ElbowRight,0.7752817,0.1275755,1.621113
55,15,981,WristRight,0.6978055,-0.1270077,1.543696
55,15,981,HandRight,0.659977,-0.2111025,1.519556
55,15,981,HipLeft,0.6257944,-0.1714388,1.849969
55,15,981,KneeLeft,0.5819327,-0.4944013,1.823106
55,15,981,AnkleLeft,0.6731693,-0.8171362,1.810011
55,15,981,FootLeft,0.6323795,-0.9116412,1.787713
55,15,981,HipRight,0.6926556,-0.158955,1.728595
55,15,981,KneeRight,0.7466947,-0.4405494,1.66862
55,15,981,AnkleRight,0.9272362,-0.7572548,1.729877
55,15,981,FootRight,0.9097947,-0.8364419,1.715755
55,15,981,SpineShoulder,0.6343381,0.4010767,1.805505
55,15,981,HandTipLeft,0.5236894,-0.3143246,2.129242
55,15,981,ThumbLeft,0.4756415,-0.2652945,2.08128
55,15,981,HandTipRight,0.6256501,-0.2637678,1.493875
55,15,981,ThumbRight,0.6180585,-0.2229735,1.477826
55,16,014,SpineBase,0.6466653,-0.1814829,1.834538
55,16,014,SpineMid,0.6280651,0.1539676,1.825338
55,16,014,Neck,0.6050401,0.4760211,1.804199
55,16,014,Head,0.5478975,0.5872855,1.842576
55,16,014,ShoulderLeft,0.5389869,0.3088289,1.977998
55,16,014,ElbowLeft,0.5302992,0.03697291,2.010241
55,16,014,WristLeft,0.5050027,-0.1723882,2.072356
55,16,014,HandLeft,0.4967416,-0.2558379,2.103407
55,16,014,ShoulderRight,0.6611819,0.3277402,1.6809
55,16,015,ElbowRight,0.7519776,0.1248068,1.61357
55,16,015,WristRight,0.6920428,-0.1376071,1.550194
55,16,015,HandRight,0.6596259,-0.2422624,1.527606
55,16,015,HipLeft,0.6093693,-0.1824719,1.864408
55,16,015,KneeLeft,0.5746515,-0.503407,1.83172
55,16,015,AnkleLeft,0.6623906,-0.8236371,1.812992
55,16,015,FootLeft,0.6029841,-0.9153889,1.785743
55,16,015,HipRight,0.6589001,-0.1742079,1.73737
55,16,015,KneeRight,0.7226932,-0.4599075,1.669521
55,16,015,AnkleRight,0.8990374,-0.7800162,1.726253
55,16,015,FootRight,0.7932608,-0.8161864,1.663032
55,16,015,SpineShoulder,0.611514,0.3973058,1.811495
55,16,015,HandTipLeft,0.5110125,-0.3198487,2.125065
55,16,015,ThumbLeft,0.4637476,-0.272051,2.081714
55,16,015,HandTipRight,0.6387894,-0.2999097,1.521911
55,16,015,ThumbRight,0.6600416,-0.2526783,1.486581
55,16,048,SpineBase,0.6170856,-0.2011469,1.849766
55,16,048,SpineMid,0.6007008,0.1412636,1.838552
55,16,048,Neck,0.580494,0.4701768,1.814763
55,16,049,Head,0.5188578,0.5771123,1.860717
55,16,049,ShoulderLeft,0.5341597,0.2898788,2.006336
55,16,049,ElbowLeft,0.5231175,0.0217979,2.025204
55,16,049,WristLeft,0.4960125,-0.1793254,2.082286
55,16,049,HandLeft,0.4832209,-0.2627854,2.102845
55,16,049,ShoulderRight,0.6236833,0.319777,1.687433
55,16,049,ElbowRight,0.7202862,0.1113265,1.609444
55,16,049,WristRight,0.6864229,-0.1563156,1.551264
55,16,049,HandRight,0.6703397,-0.2548046,1.543691
55,16,049,HipLeft,0.5888929,-0.2019966,1.87642
55,16,049,KneeLeft,0.5672675,-0.5197178,1.842857
55,16,049,AnkleLeft,0.659734,-0.8335395,1.81706
55,16,049,FootLeft,0.600432,-0.9187517,1.787976
55,16,049,HipRight,0.6219591,-0.1924987,1.7566
55,16,049,KneeRight,0.6847639,-0.4958031,1.669863
55,16,049,AnkleRight,0.8799776,-0.7478817,1.701356
55,16,049,FootRight,0.7707881,-0.7842678,1.648619
55,16,049,SpineShoulder,0.5862014,0.3897891,1.822765
55,16,049,HandTipLeft,0.5003732,-0.3249244,2.117474
55,16,049,ThumbLeft,0.4492826,-0.2812196,2.072667
55,16,049,HandTipRight,0.6541864,-0.3188279,1.544405
55,16,049,ThumbRight,0.6665151,-0.2656341,1.501962
