55,23,214,SpineBase,-1.699034,-0.1928556,2.908937
55,23,214,SpineMid,-1.706067,0.122755,2.903855
55,23,214,Neck,-1.706369,0.4323182,2.888495
55,23,214,Head,-1.669889,0.5589813,2.884225
55,23,214,ShoulderLeft,-1.757719,0.3079167,2.77172
55,23,214,ElbowLeft,-1.806053,0.1062967,2.727618
55,23,214,WristLeft,-1.744593,-0.1578204,2.684657
55,23,214,HandLeft,-1.725951,-0.2102085,2.690055
55,23,214,ShoulderRight,-1.627648,0.3000161,3.034646
55,23,214,ElbowRight,-1.610398,0.03088433,3.068895
55,23,214,WristRight,-1.533728,-0.2070778,3.053691
55,23,214,HandRight,-1.515145,-0.2809575,3.036134
55,23,214,HipLeft,-1.710723,-0.1826735,2.830269
55,23,214,KneeLeft,-1.734057,-0.4859501,2.778775
55,23,214,AnkleLeft,-1.799188,-0.8127402,2.864695
55,23,214,FootLeft,-1.786288,-0.8621363,2.909183
55,23,214,HipRight,-1.651131,-0.1988742,2.925853
55,23,214,KneeRight,-1.673066,-0.5204127,2.953018
55,23,214,AnkleRight,-1.797714,-0.8234326,3.003162
55,23,215,FootRight,-1.7858,-0.869758,2.898765
55,23,215,SpineShoulder,-1.70749,0.3557815,2.894235
55,23,215,HandTipLeft,-1.71186,-0.2750401,2.65849
55,23,215,ThumbLeft,-1.701274,-0.2237926,2.6999
55,23,215,HandTipRight,-1.504963,-0.3440851,3.025956
55,23,215,ThumbRight,-1.49693,-0.3086665,3.033125
55,23,244,SpineBase,-1.691993,-0.1960195,2.902379
55,23,244,SpineMid,-1.695487,0.1204278,2.89636
55,23,244,Neck,-1.691649,0.4308109,2.879755
55,23,244,Head,-1.655023,0.5559219,2.881821
55,23,244,ShoulderLeft,-1.743998,0.3077551,2.765673
55,23,244,ElbowLeft,-1.781438,0.03978183,2.717394
55,23,244,WristLeft,-1.729232,-0.2059533,2.673547
55,23,244,HandLeft,-1.717888,-0.2556945,2.677205
55,23,244,ShoulderRight,-1.61091,0.2945475,3.021267
55,23,244,ElbowRight,-1.600534,0.02669031,3.0625
55,23,244,WristRight,-1.528127,-0.2057637,3.050914
55,23,244,HandRight,-1.502025,-0.2782835,3.028782
55,23,244,HipLeft,-1.704811,-0.1848996,2.825413
55,23,244,KneeLeft,-1.732249,-0.4863769,2.775691
55,23,244,AnkleLeft,-1.800117,-0.8243803,2.864567
55,23,244,FootLeft,-1.789134,-0.8697766,2.911833
55,23,244,HipRight,-1.643305,-0.2030045,2.917706
55,23,244,KneeRight,-1.661676,-0.5277029,2.943378
55,23,244,AnkleRight,-1.796024,-0.8230503,3.003615
55,23,244,FootRight,-1.788181,-0.8714848,2.901181
55,23,244,SpineShoulder,-1.693856,0.3540801,2.885847
55,23,244,HandTipLeft,-1.706982,-0.3242885,2.667752
55,23,244,ThumbLeft,-1.680235,-0.2902239,2.661562
55,23,244,HandTipRight,-1.490209,-0.3436722,3.017454
55,23,244,ThumbRight,-1.475582,-0.3010044,3.028
55,23,277,SpineBase,-1.682636,-0.1990143,2.892627
55,23,277,SpineMid,-1.679654,0.1176616,2.885721
55,23,277,Neck,-1.668624,0.4281178,2.868402
55,23,277,Head,-1.629097,0.5530304,2.872594
55,23,277,ShoulderLeft,-1.72924,0.3053616,2.75703
55,23,277,ElbowLeft,-1.773924,0.03850992,2.710582
55,23,277,WristLeft,-1.722226,-0.1994022,2.66454
55,23,277,HandLeft,-1.708158,-0.2554884,2.66821
55,23,277,ShoulderRight,-1.601574,0.2931221,3.019199
55,23,277,ElbowRight,-1.591224,0.02463925,3.057419
55,23,277,WristRight,-1.518922,-0.2035956,3.043726
55,23,277,HandRight,-1.490089,-0.2790368,3.020698
55,23,277,HipLeft,-1.694494,-0.1885731,2.81558
55,23,277,KneeLeft,-1.729906,-0.4953201,2.768855
55,23,277,AnkleLeft,-1.796965,-0.8216395,2.859608
55,23,277,FootLeft,-1.787355,-0.8660954,2.907405
55,23,277,HipRight,-1.635077,-0.2052536,2.90827
55,23,277,KneeRight,-1.641029,-0.5309778,2.916586
55,23,277,AnkleRight,-1.779246,-0.8427252,2.996473
55,23,277,FootRight,-1.673065,-0.8831305,2.926023
55,23,277,SpineShoulder,-1.672659,0.351392,2.874655
55,23,277,HandTipLeft,-1.702062,-0.3202929,2.658627
55,23,277,ThumbLeft,-1.673013,-0.3154084,2.653333
55,23,277,HandTipRight,-1.477039,-0.3428544,3.015741
55,23,277,ThumbRight,-1.478212,-0.3469746,3.016
55,23,310,SpineBase,-1.670522,-0.2038836,2.886283
55,23,310,SpineMid,-1.664903,0.1154117,2.87702
55,23,310,Neck,-1.652382,0.4287262,2.857018
55,23,310,Head,-1.606668,0.5501415,2.864477
55,23,310,ShoulderLeft,-1.712276,0.305099,2.747161
55,23,310,ElbowLeft,-1.759639,0.03870227,2.701276
55,23,310,WristLeft,-1.719232,-0.1964251,2.660205
55,23,310,HandLeft,-1.706667,-0.2617123,2.665929
55,23,310,ShoulderRight,-1.58421,0.2864039,3.0127
55,23,310,ElbowRight,-1.574801,0.01756391,3.049032
55,23,310,WristRight,-1.511044,-0.2055533,3.037697
55,23,310,HandRight,-1.482265,-0.281956,3.01486
55,23,310,HipLeft,-1.681417,-0.1947149,2.807668
55,23,310,KneeLeft,-1.722909,-0.5124599,2.765496
55,23,310,AnkleLeft,-1.796454,-0.8211634,2.858922
55,23,310,FootLeft,-1.68951,-0.8618557,2.789356
55,23,310,HipRight,-1.624018,-0.2088614,2.903291
55,23,310,KneeRight,-1.618365,-0.5290526,2.905703
55,23,310,AnkleRight,-1.756554,-0.8498439,2.979584
55,23,310,FootRight,-1.759913,-0.930536,2.932248
55,23,310,SpineShoulder,-1.656697,0.3512746,2.863985
55,23,310,HandTipLeft,-1.700205,-0.3257078,2.650619
55,23,310,ThumbLeft,-1.670845,-0.3101756,2.634143
55,23,310,HandTipRight,-1.462924,-0.3428366,3.000483
55,23,310,ThumbRight,-1.449118,-0.2974808,2.9974
55,23,343,SpineBase,-1.656507,-0.2078335,2.881197
55,23,343,SpineMid,-1.64907,0.1136982,2.869428
55,23,343,Neck,-1.635041,0.4291366,2.846611
55,23,343,Head,-1.578155,0.5496122,2.855122
55,23,343,ShoulderLeft,-1.691768,0.2998961,2.736462
55,23,343,ElbowLeft,-1.742647,0.03398164,2.692989
55,23,343,WristLeft,-1.712011,-0.1926682,2.654916
55,23,343,HandLeft,-1.696735,-0.2727069,2.657476
55,23,343,ShoulderRight,-1.569241,0.2822703,3.00717
55,23,343,ElbowRight,-1.564837,0.01310034,3.041579
55,23,343,WristRight,-1.501966,-0.1791302,3.032829
55,23,343,HandRight,-1.478498,-0.262088,3.014281
55,23,343,HipLeft,-1.666847,-0.199644,2.801868
55,23,343,KneeLeft,-1.718236,-0.5121761,2.762897
55,23,343,AnkleLeft,-1.795111,-0.8235972,2.860874
55,23,343,FootLeft,-1.687375,-0.8645525,2.793513
55,23,343,HipRight,-1.610813,-0.2117061,2.898899
55,23,343,KneeRight,-1.577484,-0.5207911,2.886641
55,23,343,AnkleRight,-1.670957,-0.7827061,2.947355
55,23,343,FootRight,-1.564463,-0.8240713,2.879139
55,23,343,SpineShoulder,-1.639705,0.3511649,2.854312
55,23,343,HandTipLeft,-1.695894,-0.3377148,2.638541
55,23,343,ThumbLeft,-1.671535,-0.3217804,2.629375
55,23,343,HandTipRight,-1.453766,-0.3165419,3.000147
55,23,343,ThumbRight,-1.444931,-0.294048,2.997842
55,23,378,SpineBase,-1.636234,-0.2083842,2.871768
55,23,378,SpineMid,-1.623668,0.1144893,2.856657
55,23,378,Neck,-1.604783,0.4310223,2.830468
55,23,378,Head,-1.552771,0.5486647,2.846924
55,23,379,ShoulderLeft,-1.666169,0.2975751,2.72405
55,23,379,ElbowLeft,-1.713781,0.0315108,2.675416
55,23,379,WristLeft,-1.681548,-0.1970521,2.649687
55,23,379,HandLeft,-1.683908,-0.2734839,2.6501
55,23,379,ShoulderRight,-1.54671,0.2832929,2.992796
55,23,379,ElbowRight,-1.549697,0.0154857,3.033098
55,23,379,WristRight,-1.501237,-0.180313,3.031358
55,23,379,HandRight,-1.47165,-0.2619945,3.0099
55,23,379,HipLeft,-1.64459,-0.200069,2.7875
55,23,379,KneeLeft,-1.703495,-0.502615,2.753402
55,23,379,AnkleLeft,-1.789009,-0.8083626,2.858502
55,23,379,FootLeft,-1.681369,-0.8501267,2.791716
55,23,379,HipRight,-1.592349,-0.2122574,2.893548
55,23,379,KneeRight,-1.546306,-0.5154289,2.867556
55,23,379,AnkleRight,-1.615978,-0.774446,2.916258
55,23,379,FootRight,-1.509856,-0.8164476,2.848512
55,23,379,SpineShoulder,-1.610632,0.3528098,2.839012
55,23,379,HandTipLeft,-1.686989,-0.3387691,2.635003
55,23,379,ThumbLeft,-1.65021,-0.3086661,2.639833
55,23,379,HandTipRight,-1.445558,-0.3234545,2.994082
55,23,379,ThumbRight,-1.439716,-0.290039,2.9967
55,23,413,SpineBase,-1.619047,-0.2107944,2.865326
55,23,413,SpineMid,-1.601428,0.1122378,2.844691
55,23,413,Neck,-1.577098,0.4287673,2.811862
55,23,413,Head,-1.523003,0.5421072,2.832667
55,23,413,ShoulderLeft,-1.636128,0.2949023,2.706054
55,23,413,ElbowLeft,-1.687819,0.02959691,2.658138
55,23,413,WristLeft,-1.673283,-0.1912371,2.640873
55,23,413,HandLeft,-1.667808,-0.2707828,2.640786
55,23,413,ShoulderRight,-1.523651,0.2839675,2.977273
55,23,413,ElbowRight,-1.526736,0.0153059,3.013524
55,23,413,WristRight,-1.473943,-0.2303343,3.010815
55,23,413,HandRight,-1.460542,-0.2984938,2.998073
55,23,413,HipLeft,-1.628368,-0.20388,2.781318
55,23,413,KneeLeft,-1.691951,-0.5042593,2.749735
55,23,413,AnkleLeft,-1.788912,-0.8088538,2.857237
55,23,414,FootLeft,-1.68076,-0.8514683,2.79282
55,23,414,HipRight,-1.574941,-0.2131081,2.887325
55,23,414,KneeRight,-1.493868,-0.508688,2.845086
55,23,414,AnkleRight,-1.568773,-0.8120124,2.894829
55,23,414,FootRight,-1.462473,-0.8544146,2.829391
55,23,414,SpineShoulder,-1.58434,0.3505729,2.822171
55,23,414,HandTipLeft,-1.669935,-0.3368019,2.622591
55,23,414,ThumbLeft,-1.637604,-0.2966496,2.625455
55,23,414,HandTipRight,-1.455903,-0.3558223,2.987221
55,23,414,ThumbRight,-1.450228,-0.3045815,2.99
55,23,446,SpineBase,-1.598382,-0.2154976,2.862012
55,23,446,SpineMid,-1.576961,0.1066341,2.835943
55,23,446,Neck,-1.549409,0.4220914,2.797799
55,23,446,Head,-1.495478,0.538388,2.823045
55,23,446,ShoulderLeft,-1.614197,0.2931805,2.695537
55,23,446,ElbowLeft,-1.663986,0.07178101,2.640652
55,23,446,WristLeft,-1.645437,-0.1921682,2.619259
55,23,446,HandLeft,-1.646303,-0.2737047,2.638534
55,23,447,ShoulderRight,-1.499731,0.2774198,2.966285
55,23,447,ElbowRight,-1.515694,0.01054711,3.007345
55,23,447,WristRight,-1.473946,-0.2228054,3.01006
55,23,447,HandRight,-1.454898,-0.2989782,2.993575
55,23,447,HipLeft,-1.608347,-0.2099576,2.777901
55,23,447,KneeLeft,-1.675334,-0.5005472,2.740093
55,23,447,AnkleLeft,-1.786589,-0.8109199,2.854916
55,23,447,FootLeft,-1.679062,-0.8542009,2.789892
55,23,447,HipRight,-1.553741,-0.2163687,2.884074
55,23,447,KneeRight,-1.471907,-0.5037267,2.835664
55,23,447,AnkleRight,-1.494124,-0.804794,2.85206
55,23,447,FootRight,-1.38887,-0.8477836,2.785815
55,23,447,SpineShoulder,-1.557376,0.344174,2.809404
55,23,447,HandTipLeft,-1.652537,-0.336151,2.620979
55,23,447,ThumbLeft,-1.620719,-0.2722183,2.66879
55,23,447,HandTipRight,-1.44982,-0.3630906,2.991631
55,23,447,ThumbRight,-1.456753,-0.2940537,2.992167
55,23,477,SpineBase,-1.566011,-0.2207534,2.863556
55,23,477,SpineMid,-1.546297,0.09912024,2.831798
55,23,477,Neck,-1.519945,0.4121913,2.788803
55,23,477,Head,-1.463588,0.5271568,2.811831
55,23,477,ShoulderLeft,-1.581286,0.2844242,2.679916
55,23,477,ElbowLeft,-1.647332,0.07401122,2.624749
55,23,477,WristLeft,-1.624007,-0.1973746,2.606607
55,23,477,HandLeft,-1.62634,-0.3005186,2.629718
55,23,478,ShoulderRight,-1.467137,0.2786376,2.945794
55,23,478,ElbowRight,-1.493811,0.01492207,2.995675
55,23,478,WristRight,-1.467589,-0.2226224,3.004833
55,23,478,HandRight,-1.445841,-0.2761854,2.992028
55,23,478,HipLeft,-1.575611,-0.2184702,2.778308
55,23,478,KneeLeft,-1.653124,-0.5101037,2.734734
55,23,478,AnkleLeft,-1.780717,-0.8336018,2.855224
55,23,478,FootLeft,-1.673488,-0.8767993,2.78984
55,23,478,HipRight,-1.522139,-0.2183795,2.886514
55,23,478,KneeRight,-1.416987,-0.516259,2.814157
55,23,478,AnkleRight,-1.423292,-0.8439072,2.82092
55,23,478,FootRight,-1.318783,-0.8864952,2.754186
55,23,478,SpineShoulder,-1.527676,0.3348919,2.80159
55,23,478,HandTipLeft,-1.641042,-0.3655,2.632958
55,23,478,ThumbLeft,-1.604753,-0.2810431,2.66797
55,23,478,HandTipRight,-1.423445,-0.3374292,2.976268
55,23,478,ThumbRight,-1.415911,-0.331379,2.975334
55,23,512,SpineBase,-1.5392,-0.2284343,2.851931
55,23,512,SpineMid,-1.511366,0.08923679,2.817317
55,23,512,Neck,-1.477429,0.4002337,2.771702
55,23,512,Head,-1.428315,0.521612,2.795617
55,23,512,ShoulderLeft,-1.549796,0.2801025,2.670141
55,23,512,ElbowLeft,-1.598353,0.01403225,2.621065
55,23,512,WristLeft,-1.601483,-0.236357,2.601709
55,23,512,HandLeft,-1.597804,-0.310278,2.61485
55,23,512,ShoulderRight,-1.434913,0.2598785,2.921055
55,23,512,ElbowRight,-1.474974,0.00397579,2.989699
55,23,512,WristRight,-1.448375,-0.195168,2.992629
55,23,512,HandRight,-1.45262,-0.1883188,2.994451
55,23,512,HipLeft,-1.55144,-0.2260013,2.765603
55,23,512,KneeLeft,-1.604183,-0.4971582,2.728796
55,23,512,AnkleLeft,-1.765962,-0.8067284,2.843552
55,23,512,FootLeft,-1.66042,-0.8513115,2.775844
55,23,512,HipRight,-1.493234,-0.2258673,2.875935
55,23,512,KneeRight,-1.368664,-0.5178328,2.796793
55,23,512,AnkleRight,-1.354471,-0.8228512,2.791869
55,23,512,FootRight,-1.252083,-0.8666711,2.722643
55,23,512,SpineShoulder,-1.486977,0.3234254,2.78511
55,23,512,HandTipLeft,-1.614084,-0.3785781,2.620218
55,23,512,ThumbLeft,-1.584608,-0.3086921,2.663267
55,23,512,HandTipRight,-1.4362,-0.2288108,2.972678
55,23,512,ThumbRight,-1.443132,-0.1826499,2.9838
55,23,544,SpineBase,-1.503459,-0.2379664,2.835948
55,23,544,SpineMid,-1.479731,0.08428551,2.804135
55,23,544,Neck,-1.449956,0.3992368,2.760986
55,23,544,Head,-1.388213,0.5106377,2.779304
55,23,544,ShoulderLeft,-1.511339,0.2752275,2.657773
55,23,544,ElbowLeft,-1.57419,0.01230165,2.610995
55,23,544,WristLeft,-1.561571,-0.2427202,2.585241
55,23,544,HandLeft,-1.561755,-0.316791,2.610383
55,23,544,ShoulderRight,-1.405976,0.2526243,2.917076
55,23,544,ElbowRight,-1.44091,-0.002678884,2.990061
55,23,544,WristRight,-1.426802,-0.2017206,2.955244
55,23,544,HandRight,-1.412519,-0.1785676,2.918532
55,23,544,HipLeft,-1.516315,-0.2347486,2.753253
55,23,544,KneeLeft,-1.597169,-0.4975347,2.729571
55,23,544,AnkleLeft,-1.760858,-0.806528,2.843201
55,23,544,FootLeft,-1.653311,-0.8503869,2.779318
55,23,544,HipRight,-1.457205,-0.2360158,2.8557
55,23,544,KneeRight,-1.321314,-0.5208932,2.779419
55,23,544,AnkleRight,-1.27677,-0.8195814,2.754978
55,23,544,FootRight,-1.172894,-0.8625338,2.689379
55,23,544,SpineShoulder,-1.458499,0.3215076,2.773824
55,23,545,HandTipLeft,-1.5748,-0.3844937,2.61269
55,23,545,ThumbLeft,-1.540975,-0.2964596,2.655579
55,23,545,HandTipRight,-1.376277,-0.2115265,2.84868
55,23,545,ThumbRight,-1.428092,-0.1682428,2.973
55,23,581,SpineBase,-1.471607,-0.243802,2.82332
55,23,581,SpineMid,-1.437799,0.07445937,2.787889
55,23,581,Neck,-1.401019,0.386325,2.742335
55,23,581,Head,-1.354823,0.4992599,2.767947
55,23,581,ShoulderLeft,-1.479072,0.2690831,2.641747
55,23,581,ElbowLeft,-1.539679,0.005270023,2.597006
55,23,581,WristLeft,-1.530929,-0.2545545,2.576298
55,23,581,HandLeft,-1.527851,-0.3293532,2.597919
55,23,582,ShoulderRight,-1.362021,0.2394954,2.878908
55,23,582,ElbowRight,-1.399572,-0.01489699,2.953121
55,23,582,WristRight,-1.389759,-0.2133877,2.913269
55,23,582,HandRight,-1.356129,-0.1989,2.836681
55,23,582,HipLeft,-1.485708,-0.2397041,2.739005
55,23,582,KneeLeft,-1.55875,-0.5051296,2.736087
55,23,582,AnkleLeft,-1.754652,-0.7983143,2.839562
55,23,582,FootLeft,-1.650842,-0.8436081,2.769041
55,23,582,HipRight,-1.424862,-0.2424679,2.844775
55,23,582,KneeRight,-1.288054,-0.5230459,2.76639
55,23,582,AnkleRight,-1.216751,-0.8142948,2.727813
55,23,582,FootRight,-1.117039,-0.8585339,2.655429
55,23,582,SpineShoulder,-1.410712,0.3091851,2.755559
55,23,582,HandTipLeft,-1.539309,-0.3956147,2.598424
55,23,582,ThumbLeft,-1.510281,-0.3302848,2.649353
55,23,582,HandTipRight,-1.338635,-0.2280584,2.821143
55,23,582,ThumbRight,-1.326921,-0.2321962,2.8185
55,23,612,SpineBase,-1.4267,-0.2508797,2.809612
55,23,612,SpineMid,-1.40019,0.06870481,2.77524
55,23,612,Neck,-1.365863,0.3812116,2.728996
55,23,612,Head,-1.312438,0.4944625,2.751698
55,23,612,ShoulderLeft,-1.439003,0.2582039,2.628497
55,23,612,ElbowLeft,-1.506451,-0.003750075,2.583754
55,23,612,WristLeft,-1.503341,-0.2617869,2.568903
55,23,612,HandLeft,-1.489394,-0.3343257,2.582792
55,23,612,ShoulderRight,-1.330892,0.2414674,2.876018
55,23,612,ElbowRight,-1.368585,-0.01295644,2.95017
55,23,612,WristRight,-1.358858,-0.2114609,2.910277
55,23,612,HandRight,-1.321162,-0.1956255,2.827398
55,23,612,HipLeft,-1.440057,-0.2455743,2.726697
55,23,612,KneeLeft,-1.554298,-0.5051335,2.735182
55,23,612,AnkleLeft,-1.751243,-0.7957897,2.830351
55,23,612,FootLeft,-1.645036,-0.8404056,2.76427
55,23,612,HipRight,-1.381105,-0.2505644,2.829277
55,23,612,KneeRight,-1.25206,-0.5234649,2.750562
55,23,612,AnkleRight,-1.170501,-0.813424,2.704499
55,23,612,FootRight,-1.068761,-0.8568773,2.636422
55,23,612,SpineShoulder,-1.375841,0.3040907,2.74274
55,23,612,HandTipLeft,-1.495809,-0.4007045,2.584403
55,23,612,ThumbLeft,-1.475057,-0.313861,2.635916
55,23,612,HandTipRight,-1.303402,-0.22379,2.80943
55,23,612,ThumbRight,-1.295202,-0.2230336,2.8
55,23,647,SpineBase,-1.399836,-0.258572,2.794664
55,23,648,SpineMid,-1.35882,0.06007177,2.758786
55,23,648,Neck,-1.314984,0.3730434,2.713586
55,23,648,Head,-1.274629,0.4870433,2.73913
55,23,648,ShoulderLeft,-1.391773,0.2506387,2.614173
55,23,648,ElbowLeft,-1.456899,-0.01241096,2.573435
55,23,648,WristLeft,-1.462934,-0.2706591,2.557887
55,23,648,HandLeft,-1.452057,-0.335573,2.549117
55,23,648,ShoulderRight,-1.278118,0.2320127,2.840262
55,23,648,ElbowRight,-1.315974,-0.02237276,2.914307
55,23,648,WristRight,-1.306368,-0.2208284,2.874401
55,23,648,HandRight,-1.278387,-0.2080698,2.792727
55,23,648,HipLeft,-1.415465,-0.2519248,2.713665
55,23,648,KneeLeft,-1.527053,-0.5083634,2.726278
55,23,648,AnkleLeft,-1.742844,-0.7880253,2.826973
55,23,648,FootLeft,-1.639822,-0.834302,2.756177
55,23,648,HipRight,-1.352486,-0.2594196,2.812222
55,23,648,KneeRight,-1.207874,-0.5250551,2.731504
55,23,648,AnkleRight,-1.145326,-0.8120039,2.691341
55,23,648,FootRight,-1.046925,-0.8570108,2.618521
55,23,648,SpineShoulder,-1.326309,0.2956357,2.726718
55,23,648,HandTipLeft,-1.462816,-0.3972886,2.566558
55,23,648,ThumbLeft,-1.438355,-0.3010089,2.577667
55,23,648,HandTipRight,-1.258805,-0.2364058,2.778807
55,23,648,ThumbRight,-1.245524,-0.233748,2.777334
55,23,677,SpineBase,-1.356323,-0.2678431,2.773122
55,23,677,SpineMid,-1.319026,0.05423602,2.743589
55,23,677,Neck,-1.273804,0.3689707,2.701207
55,23,677,Head,-1.230377,0.4838054,2.724072
55,23,677,ShoulderLeft,-1.348191,0.2440124,2.601333
55,23,678,ElbowLeft,-1.428189,-0.01360155,2.55469
55,23,678,WristLeft,-1.419895,-0.2631476,2.535851
55,23,678,HandLeft,-1.413325,-0.3378898,2.550332
55,23,678,ShoulderRight,-1.228706,0.2265955,2.822946
55,23,678,ElbowRight,-1.266768,-0.02780618,2.896896
55,23,678,WristRight,-1.257287,-0.2262576,2.856932
55,23,678,HandRight,-1.230152,-0.2132017,2.76996
55,23,678,HipLeft,-1.374316,-0.2604868,2.693301
55,23,678,KneeLeft,-1.508977,-0.509083,2.714131
55,23,678,AnkleLeft,-1.727902,-0.7830313,2.822365
55,23,678,FootLeft,-1.625965,-0.8288601,2.749055
55,23,678,HipRight,-1.307698,-0.2689604,2.789524
55,23,678,KneeRight,-1.178098,-0.5295941,2.71693
55,23,678,AnkleRight,-1.12729,-0.813055,2.678014
55,23,678,FootRight,-1.030015,-0.8575243,2.602706
55,23,678,SpineShoulder,-1.286581,0.2913084,2.714053
55,23,678,HandTipLeft,-1.420218,-0.4025523,2.555788
55,23,678,ThumbLeft,-1.401229,-0.3144343,2.60745
55,23,678,HandTipRight,-1.211836,-0.2408178,2.755721
55,23,678,ThumbRight,-1.196667,-0.2390622,2.752
55,23,714,SpineBase,-1.316758,-0.2697823,2.761297
55,23,714,SpineMid,-1.26954,0.05317622,2.729222
55,23,714,Neck,-1.221919,0.3694636,2.686827
55,23,714,Head,-1.17882,0.4843756,2.708348
55,23,714,ShoulderLeft,-1.29667,0.2427528,2.585385
55,23,714,ElbowLeft,-1.382826,0.01780735,2.532381
55,23,715,WristLeft,-1.381607,-0.2541003,2.521247
55,23,715,HandLeft,-1.375293,-0.3392474,2.53669
55,23,715,ShoulderRight,-1.179286,0.2293746,2.80366
55,23,715,ElbowRight,-1.217571,-0.02515668,2.877551
55,23,715,WristRight,-1.208201,-0.2236774,2.837487
55,23,715,HandRight,-1.187327,-0.2127327,2.749746
55,23,715,HipLeft,-1.329737,-0.2638042,2.681695
55,23,715,KneeLeft,-1.427553,-0.5033612,2.700455
55,23,715,AnkleLeft,-1.672319,-0.7605577,2.794538
55,23,715,FootLeft,-1.57102,-0.8073583,2.721379
55,23,715,HipRight,-1.27254,-0.269659,2.776935
55,23,715,KneeRight,-1.152134,-0.5235074,2.702299
55,23,715,AnkleRight,-1.118686,-0.8192787,2.672932
55,23,715,FootRight,-1.021843,-0.8645309,2.597969
55,23,715,SpineShoulder,-1.234718,0.2913751,2.699527
55,23,715,HandTipLeft,-1.380964,-0.4054306,2.545317
55,23,715,ThumbLeft,-1.35824,-0.3198296,2.592314
55,23,715,HandTipRight,-1.170059,-0.2393252,2.737291
55,23,715,ThumbRight,-1.1548,-0.2403534,2.7385
55,23,744,SpineBase,-1.26359,-0.2613705,2.740706
55,23,744,SpineMid,-1.223231,0.06190196,2.716133
55,23,744,Neck,-1.179552,0.3778441,2.679831
55,23,744,Head,-1.125569,0.4896477,2.694266
55,23,744,ShoulderLeft,-1.247227,0.2513849,2.570044
55,23,744,ElbowLeft,-1.344308,0.0185412,2.516526
55,23,744,WristLeft,-1.340855,-0.2534103,2.498816
55,23,744,HandLeft,-1.339318,-0.3288659,2.518468
55,23,745,ShoulderRight,-1.12986,0.2299221,2.782418
55,23,745,ElbowRight,-1.168372,-0.02474128,2.856253
55,23,745,WristRight,-1.15911,-0.2233326,2.81608
55,23,745,HandRight,-1.144059,-0.2119251,2.732816
55,23,745,HipLeft,-1.282094,-0.2539254,2.660324
55,23,745,KneeLeft,-1.359543,-0.4921032,2.671488
55,23,745,AnkleLeft,-1.611569,-0.7368059,2.7775
55,23,745,FootLeft,-1.510695,-0.782607,2.702722
55,23,745,HipRight,-1.215457,-0.26268,2.756751
55,23,745,KneeRight,-1.119377,-0.5101828,2.684904
55,23,745,AnkleRight,-1.105578,-0.8207819,2.665713
55,23,745,FootRight,-1.008888,-0.864852,2.58936
55,23,745,SpineShoulder,-1.191409,0.2998497,2.691084
55,23,745,HandTipLeft,-1.3398,-0.393583,2.514866
55,23,745,ThumbLeft,-1.318081,-0.3122841,2.567228
55,23,745,HandTipRight,-1.125398,-0.2398162,2.718473
55,23,745,ThumbRight,-1.108038,-0.238289,2.715
55,23,779,SpineBase,-1.218415,-0.2493568,2.71701
55,23,779,SpineMid,-1.174808,0.07369214,2.694417
55,23,779,Neck,-1.126772,0.3895384,2.660019
55,23,779,Head,-1.078321,0.5037827,2.679064
55,23,779,ShoulderLeft,-1.201196,0.2615346,2.554828
55,23,779,ElbowLeft,-1.290586,0.006533943,2.50696
55,23,779,WristLeft,-1.312368,-0.2530885,2.48801
55,23,779,HandLeft,-1.309488,-0.3190696,2.480643
55,23,779,ShoulderRight,-1.080436,0.2399816,2.780746
55,23,779,ElbowRight,-1.119213,-0.01477092,2.854495
55,23,779,WristRight,-1.217056,-0.2195365,2.69727
55,23,779,HandRight,-1.297336,-0.4341036,2.590284
55,23,779,HipLeft,-1.237687,-0.2409451,2.630793
55,23,779,KneeLeft,-1.300407,-0.4897605,2.640491
55,23,779,AnkleLeft,-1.558464,-0.7299553,2.74287
55,23,779,FootLeft,-1.457425,-0.7760683,2.669221
55,23,779,HipRight,-1.17084,-0.2519901,2.738825
55,23,779,KneeRight,-1.081717,-0.5095894,2.674483
55,23,779,AnkleRight,-1.099064,-0.8231868,2.662634
55,23,779,FootRight,-1.001992,-0.867589,2.587539
55,23,779,SpineShoulder,-1.139606,0.311601,2.670741
55,23,779,HandTipLeft,-1.310312,-0.3785228,2.492132
55,23,779,ThumbLeft,-1.287627,-0.306149,2.507909
55,23,779,HandTipRight,-1.310606,-0.4775921,2.587749
55,23,779,ThumbRight,-1.261817,-0.4732779,2.61737
55,23,812,SpineBase,-1.17443,-0.2291607,2.698741
55,23,813,SpineMid,-1.129924,0.09174709,2.67662
55,23,813,Neck,-1.081179,0.4053176,2.642661
55,23,813,Head,-1.037051,0.5142428,2.665775
55,23,813,ShoulderLeft,-1.164492,0.2789984,2.542341
55,23,813,ElbowLeft,-1.259311,0.02626287,2.49203
55,23,813,WristLeft,-1.275532,-0.2402176,2.46698
55,23,813,HandLeft,-1.277759,-0.2999675,2.465908
55,23,813,ShoulderRight,-1.036093,0.2504087,2.777267
55,23,813,ElbowRight,-1.077762,-0.01435434,2.81411
55,23,813,WristRight,-1.172973,-0.2308504,2.672602
55,23,813,HandRight,-1.160885,-0.2909425,2.597857
55,23,813,HipLeft,-1.193613,-0.2196347,2.611125
55,23,813,KneeLeft,-1.233348,-0.4834665,2.607594
55,23,813,AnkleLeft,-1.495506,-0.7205561,2.707515
55,23,813,FootLeft,-1.395394,-0.7667205,2.632721
55,23,813,HipRight,-1.126999,-0.2331643,2.721342
55,23,813,KneeRight,-1.072548,-0.5147892,2.672955
55,23,813,AnkleRight,-1.089963,-0.8698245,2.653938
55,23,813,FootRight,-0.9935712,-0.9137959,2.578009
55,23,813,SpineShoulder,-1.094157,0.3279695,2.653278
55,23,813,HandTipLeft,-1.278372,-0.360025,2.463717
55,23,813,ThumbLeft,-1.251776,-0.2896784,2.48465
55,23,813,HandTipRight,-1.17937,-0.3532014,2.566723
55,23,813,ThumbRight,-1.13464,-0.328288,2.6212
55,23,847,SpineBase,-1.13248,-0.213973,2.678783
55,23,847,SpineMid,-1.089251,0.1068744,2.658484
55,23,847,Neck,-1.041875,0.4202156,2.626244
55,23,849,Head,-0.9898108,0.5339903,2.645587
55,23,849,ShoulderLeft,-1.120592,0.2968176,2.52382
55,23,849,ElbowLeft,-1.221398,0.04774949,2.474443
55,23,849,WristLeft,-1.231351,-0.2237048,2.450484
55,23,849,HandLeft,-1.240843,-0.2843133,2.449828
55,23,849,ShoulderRight,-0.9923462,0.2607916,2.764123
55,23,849,ElbowRight,-1.035069,-0.002309734,2.808078
55,23,849,WristRight,-1.137443,-0.2095372,2.65736
55,23,849,HandRight,-1.187063,-0.434422,2.523975
55,23,849,HipLeft,-1.150903,-0.200864,2.587201
55,23,849,KneeLeft,-1.167364,-0.4561805,2.563386
55,23,849,AnkleLeft,-1.412299,-0.7121771,2.662095
55,23,849,FootLeft,-1.312192,-0.7579872,2.587705
55,23,849,HipRight,-1.087742,-0.2220743,2.705405
55,23,849,KneeRight,-1.058968,-0.5179234,2.666605
55,23,849,AnkleRight,-1.076969,-0.8092089,2.661793
55,23,849,FootRight,-0.9801588,-0.8535885,2.586276
55,23,849,SpineShoulder,-1.05449,0.3429483,2.636441
55,23,849,HandTipLeft,-1.244609,-0.3463145,2.458691
55,23,849,ThumbLeft,-1.211924,-0.2799307,2.468826
55,23,849,HandTipRight,-1.205364,-0.5013059,2.525883
55,23,849,ThumbRight,-1.147214,-0.4708796,2.504928
55,23,878,SpineBase,-1.093076,-0.1987246,2.668855
55,23,878,SpineMid,-1.049026,0.1214286,2.645741
55,23,878,Neck,-1.000941,0.4339463,2.61062
55,23,878,Head,-0.9529889,0.5463293,2.629973
55,23,878,ShoulderLeft,-1.088526,0.3106471,2.512325
55,23,878,ElbowLeft,-1.186249,0.06628589,2.460279
55,23,878,WristLeft,-1.199421,-0.2051186,2.438081
55,23,878,HandLeft,-1.203377,-0.266613,2.435704
55,23,878,ShoulderRight,-0.9450483,0.2749141,2.750135
55,23,878,ElbowRight,-0.9770578,0.009834725,2.793721
55,23,878,WristRight,-0.9831398,-0.1922732,2.816563
55,23,878,HandRight,-0.986516,-0.2457218,2.817534
55,23,878,HipLeft,-1.115642,-0.1857062,2.580964
55,23,878,KneeLeft,-1.099156,-0.469152,2.537889
55,23,878,AnkleLeft,-1.322013,-0.748649,2.627442
55,23,878,FootLeft,-1.225236,-0.7941113,2.548464
55,23,878,HipRight,-1.04207,-0.2064494,2.690264
55,23,878,KneeRight,-1.033284,-0.5034901,2.620431
55,23,878,AnkleRight,-1.075555,-0.8028109,2.661817
55,23,878,FootRight,-0.9813709,-0.8474882,2.581895
55,23,878,SpineShoulder,-1.013708,0.3569067,2.621546
55,23,878,HandTipLeft,-1.204497,-0.3344306,2.444289
55,23,878,ThumbLeft,-1.173117,-0.259629,2.447714
55,23,878,HandTipRight,-0.9871874,-0.3192576,2.810447
55,23,878,ThumbRight,-0.9828294,-0.2873301,2.781143
55,23,913,SpineBase,-1.045325,-0.1795294,2.641387
55,23,913,SpineMid,-1.004144,0.1369665,2.623837
55,23,913,Neck,-0.9627725,0.4446836,2.595783
55,23,913,Head,-0.9044628,0.5600507,2.612046
55,23,914,ShoulderLeft,-1.044364,0.3260525,2.492933
55,23,914,ElbowLeft,-1.145503,0.08210628,2.446119
55,23,914,WristLeft,-1.153412,-0.175819,2.421082
55,23,914,HandLeft,-1.161611,-0.2534334,2.420987
55,23,914,ShoulderRight,-0.8984436,0.2892194,2.74068
55,23,914,ElbowRight,-0.9199393,0.02206237,2.781472
55,23,914,WristRight,-0.9114239,-0.2220735,2.783485
55,23,914,HandRight,-0.9204838,-0.2956696,2.786343
55,23,914,HipLeft,-1.066878,-0.1682281,2.553053
55,23,914,KneeLeft,-1.020114,-0.4529423,2.505089
55,23,914,AnkleLeft,-1.205375,-0.7635411,2.581837
55,23,914,FootLeft,-1.193332,-0.8787699,2.572001
55,23,914,HipRight,-0.9977033,-0.1863402,2.663721
55,23,914,KneeRight,-0.9799477,-0.4793007,2.595323
55,23,914,AnkleRight,-1.075946,-0.8040952,2.661812
55,23,914,FootRight,-1.11784,-0.8680983,2.594735
55,23,914,SpineShoulder,-0.9736129,0.3688755,2.604915
55,23,914,HandTipLeft,-1.165713,-0.3197501,2.430558
55,23,914,ThumbLeft,-1.136462,-0.2435893,2.444182
55,23,914,HandTipRight,-0.937782,-0.3602747,2.787982
55,23,914,ThumbRight,-0.8947579,-0.2948088,2.758539
55,23,944,SpineBase,-0.9979764,-0.1722249,2.619499
55,23,944,SpineMid,-0.9624848,0.1426754,2.605181
55,23,944,Neck,-0.9212953,0.4499854,2.577989
55,23,944,Head,-0.8632268,0.5628708,2.596059
55,23,944,ShoulderLeft,-1.013225,0.32875,2.480335
55,23,944,ElbowLeft,-1.104369,0.0959799,2.43266
55,23,944,WristLeft,-1.106275,-0.1725169,2.399721
55,23,944,HandLeft,-1.115072,-0.248505,2.404197
55,23,944,ShoulderRight,-0.8581308,0.2997929,2.718006
55,23,944,ElbowRight,-0.8757065,0.03653925,2.763516
55,23,944,WristRight,-0.8332923,-0.2181671,2.754344
55,23,944,HandRight,-0.8335355,-0.2848139,2.746088
55,23,944,HipLeft,-1.0222,-0.1663631,2.533214
55,23,944,KneeLeft,-0.9637429,-0.4920553,2.475925
55,23,944,AnkleLeft,-1.139533,-0.8090901,2.549334
55,23,944,FootLeft,-1.069336,-0.8989258,2.513672
55,23,944,HipRight,-0.9493558,-0.1737597,2.639816
55,23,944,KneeRight,-0.9289919,-0.4342081,2.58787
55,23,944,AnkleRight,-1.065767,-0.7817377,2.588967
55,23,944,FootRight,-0.9721532,-0.8249376,2.5063
55,23,944,SpineShoulder,-0.9324514,0.3742524,2.587004
55,23,944,HandTipLeft,-1.115361,-0.3119929,2.408717
55,23,944,ThumbLeft,-1.09109,-0.2337034,2.423941
55,23,944,HandTipRight,-0.8381265,-0.3481024,2.745178
55,23,944,ThumbRight,-0.8337473,-0.2907946,2.705222
55,23,980,SpineBase,-0.9575527,-0.1776703,2.594568
55,23,980,SpineMid,-0.9205317,0.1387995,2.583488
55,23,980,Neck,-0.8815181,0.4473521,2.561013
55,23,980,Head,-0.8273833,0.5610258,2.578921
55,23,980,ShoulderLeft,-0.9661286,0.3301769,2.460142
55,23,980,ElbowLeft,-1.0626,0.1057131,2.415274
55,23,980,WristLeft,-1.060782,-0.1663171,2.386101
55,23,980,HandLeft,-1.066326,-0.2576995,2.388168
55,23,981,ShoulderRight,-0.8102754,0.2986927,2.699923
55,23,981,ElbowRight,-0.8170199,0.03065412,2.743085
55,23,981,WristRight,-0.7566364,-0.2105733,2.715424
55,23,981,HandRight,-0.745685,-0.2831576,2.694227
55,23,981,HipLeft,-0.9833332,-0.1696091,2.510967
55,23,981,KneeLeft,-0.9004523,-0.4837695,2.446924
55,23,981,AnkleLeft,-0.968013,-0.8462998,2.49745
55,23,981,FootLeft,-0.9169922,-0.9233398,2.423828
55,23,981,HipRight,-0.9071248,-0.1813062,2.611383
55,23,981,KneeRight,-1.016273,-0.505813,2.617951
55,23,981,AnkleRight,-1.044536,-0.7802643,2.593934
55,23,981,FootRight,-1.006531,-0.8856775,2.517853
55,23,981,SpineShoulder,-0.8918151,0.3713439,2.568758
55,23,981,HandTipLeft,-1.070194,-0.3157123,2.393283
55,23,981,ThumbLeft,-1.041455,-0.2399372,2.40479
55,23,981,HandTipRight,-0.7486573,-0.3467579,2.694598
55,23,981,ThumbRight,-0.7402476,-0.2840441,2.6493
55,24,010,SpineBase,-0.9066579,-0.1780062,2.579617
55,24,010,SpineMid,-0.8742184,0.1349575,2.567284
55,24,010,Neck,-0.8378412,0.4399705,2.542813
55,24,010,Head,-0.7787662,0.5552078,2.55655
55,24,010,ShoulderLeft,-0.9258564,0.3210727,2.441904
55,24,010,ElbowLeft,-1.017456,0.1216766,2.393199
55,24,010,WristLeft,-1.013768,-0.1507207,2.367365
55,24,010,HandLeft,-1.012485,-0.2299895,2.370792
55,24,010,ShoulderRight,-0.7697647,0.2911221,2.685605
55,24,010,ElbowRight,-0.7627853,0.02299178,2.729583
55,24,010,WristRight,-0.6814234,-0.1889424,2.682366
55,24,011,HandRight,-0.6604725,-0.2643617,2.652204
55,24,011,HipLeft,-0.9328059,-0.1727863,2.494458
55,24,011,KneeLeft,-0.8391274,-0.4481477,2.419948
55,24,011,AnkleLeft,-0.8110915,-0.8228046,2.413381
55,24,011,FootLeft,-0.7189161,-0.8641557,2.331002
55,24,011,HipRight,-0.8570261,-0.1786063,2.597819
55,24,011,KneeRight,-1.009723,-0.4841526,2.600474
55,24,011,AnkleRight,-1.077425,-0.8347438,2.635396
55,24,011,FootRight,-0.983169,-0.8770021,2.553493
55,24,011,SpineShoulder,-0.8477178,0.3648627,2.551139
55,24,011,HandTipLeft,-1.014801,-0.2995808,2.36555
55,24,011,ThumbLeft,-0.9885864,-0.2070203,2.3905
55,24,011,HandTipRight,-0.6430747,-0.3176033,2.632635
55,24,011,ThumbRight,-0.6587765,-0.2863412,2.609539
55,24,046,SpineBase,-0.8618902,-0.1852587,2.53554
55,24,046,SpineMid,-0.8290224,0.1282997,2.533394
55,24,046,Neck,-0.7929564,0.4336558,2.519096
55,24,046,Head,-0.7343996,0.5451341,2.534656
55,24,046,ShoulderLeft,-0.8804628,0.3076886,2.41766
55,24,046,ElbowLeft,-0.9731197,0.1003561,2.369937
55,24,046,WristLeft,-0.9624889,-0.1718989,2.343199
55,24,046,HandLeft,-0.9609948,-0.2547935,2.347341
55,24,046,ShoulderRight,-0.7230468,0.2806596,2.6593
55,24,046,ElbowRight,-0.7020736,0.01854068,2.703478
55,24,046,WristRight,-0.618486,-0.1664397,2.653187
55,24,046,HandRight,-0.5833026,-0.2435557,2.617697
55,24,046,HipLeft,-0.889611,-0.1792043,2.449312
55,24,046,KneeLeft,-0.775776,-0.4580062,2.385014
55,24,046,AnkleLeft,-0.6776124,-0.8214617,2.363195
55,24,046,FootLeft,-0.5891768,-0.9025329,2.298693
55,24,046,HipRight,-0.8113868,-0.1864046,2.554586
55,24,046,KneeRight,-0.9539356,-0.4978541,2.553579
55,24,046,AnkleRight,-1.076853,-0.8347672,2.635281
55,24,046,FootRight,-0.9825458,-0.8763163,2.552723
55,24,046,SpineShoulder,-0.8025761,0.3584635,2.524839
55,24,046,HandTipLeft,-0.9601174,-0.3215995,2.344186
55,24,046,ThumbLeft,-0.9417689,-0.2412292,2.372625
55,24,046,HandTipRight,-0.5570494,-0.2932393,2.591777
55,24,046,ThumbRight,-0.5581239,-0.2402927,2.587222
55,24,078,SpineBase,-0.8141158,-0.1927858,2.509131
55,24,078,SpineMid,-0.7846008,0.1199159,2.510643
55,24,078,Neck,-0.7550874,0.4250481,2.501364
55,24,079,Head,-0.6974451,0.5336115,2.515116
55,24,079,ShoulderLeft,-0.8393499,0.2987395,2.399273
55,24,079,ElbowLeft,-0.9280387,0.09374394,2.352842
55,24,079,WristLeft,-0.9130667,-0.1782833,2.324368
55,24,079,HandLeft,-0.9074453,-0.2583518,2.329799
55,24,079,ShoulderRight,-0.6818285,0.2712075,2.640823
55,24,079,ElbowRight,-0.6522292,0.02118571,2.684079
55,24,079,WristRight,-0.5617175,-0.1559788,2.635652
55,24,079,HandRight,-0.5128127,-0.2243069,2.594921
55,24,079,HipLeft,-0.842766,-0.1864697,2.423139
55,24,079,KneeLeft,-0.7147558,-0.491177,2.367598
55,24,079,AnkleLeft,-0.5708382,-0.8375418,2.3178
55,24,079,FootLeft,-0.4768066,-0.8994141,2.251953
55,24,079,HipRight,-0.7636281,-0.1939178,2.527648
55,24,079,KneeRight,-0.915117,-0.4994519,2.536863
55,24,079,AnkleRight,-1.073676,-0.8345701,2.63505
55,24,079,FootRight,-1.068659,-0.9171632,2.59545
55,24,079,SpineShoulder,-0.7631083,0.3499054,2.505918
55,24,079,HandTipLeft,-0.9078571,-0.3254846,2.322045
55,24,079,ThumbLeft,-0.8857077,-0.2378247,2.350734
55,24,079,HandTipRight,-0.478027,-0.2767462,2.562209
55,24,079,ThumbRight,-0.4739754,-0.2536189,2.562182
55,24,111,SpineBase,-0.7538602,-0.2003733,2.480484
55,24,111,SpineMid,-0.7337297,0.1107076,2.484656
55,24,111,Neck,-0.7105185,0.4134289,2.476579
55,24,111,Head,-0.6488294,0.5288457,2.491383
55,24,111,ShoulderLeft,-0.7947245,0.2896706,2.373205
55,24,111,ElbowLeft,-0.8754643,0.07409013,2.33127
55,24,111,WristLeft,-0.8595299,-0.197932,2.304004
55,24,111,HandLeft,-0.8535203,-0.280037,2.307685
55,24,111,ShoulderRight,-0.6327741,0.2556487,2.616728
55,24,111,ElbowRight,-0.6038809,0.0125654,2.6549
55,24,111,WristRight,-0.4977605,-0.1563436,2.608689
55,24,111,HandRight,-0.4419301,-0.2269509,2.562657
55,24,111,HipLeft,-0.7843264,-0.1924498,2.393971
55,24,111,KneeLeft,-0.7464936,-0.4715827,2.385162
55,24,111,AnkleLeft,-0.53851,-0.7795619,2.305239
55,24,111,FootLeft,-0.4488002,-0.8183643,2.220587
55,24,111,HipRight,-0.7028318,-0.2028147,2.499143
55,24,111,KneeRight,-0.8895285,-0.4789105,2.542464
55,24,111,AnkleRight,-1.045682,-0.8043758,2.623772
55,24,111,FootRight,-0.9511185,-0.8445262,2.540212
55,24,111,SpineShoulder,-0.7168926,0.3389048,2.480779
55,24,111,HandTipLeft,-0.8542678,-0.3479744,2.302831
55,24,111,ThumbLeft,-0.8290259,-0.2671423,2.3244
55,24,111,HandTipRight,-0.3991328,-0.2782175,2.529467
55,24,111,ThumbRight,-0.4294838,-0.2217281,2.550857
55,24,147,SpineBase,-0.6956173,-0.2058266,2.449791
55,24,147,SpineMid,-0.6832394,0.1052486,2.455761
55,24,147,Neck,-0.667801,0.4078231,2.449436
55,24,147,Head,-0.6092325,0.5234953,2.47065
55,24,147,ShoulderLeft,-0.7533724,0.2833988,2.348498
55,24,147,ElbowLeft,-0.8241548,0.06531575,2.30803
55,24,147,WristLeft,-0.8039274,-0.2064691,2.28033
55,24,147,HandLeft,-0.7956771,-0.2900406,2.284144
55,24,147,ShoulderRight,-0.5886559,0.2552336,2.581719
55,24,147,ElbowRight,-0.5515556,0.008710807,2.62768
55,24,147,WristRight,-0.4431725,-0.1592068,2.583914
55,24,147,HandRight,-0.3819926,-0.2298356,2.54386
55,24,147,HipLeft,-0.7282739,-0.2006847,2.363698
55,24,147,KneeLeft,-0.5972389,-0.4929709,2.315296
55,24,147,AnkleLeft,-0.4726698,-0.8478191,2.28255
55,24,147,FootLeft,-0.3639444,-0.8978164,2.210735
55,24,147,HipRight,-0.6436558,-0.2052404,2.467681
55,24,147,KneeRight,-0.8354809,-0.4779564,2.511628
55,24,147,AnkleRight,-1.016246,-0.784349,2.610363
55,24,147,FootRight,-0.9229801,-0.8237904,2.524337
55,24,147,SpineShoulder,-0.6722198,0.3333501,2.453202
55,24,147,HandTipLeft,-0.7940016,-0.3566937,2.277645
55,24,147,ThumbLeft,-0.7676453,-0.2945403,2.291375
55,24,147,HandTipRight,-0.3366596,-0.2832071,2.511443
55,24,147,ThumbRight,-0.3408317,-0.2363002,2.509273
55,24,178,SpineBase,-0.6340792,-0.2110562,2.415947
55,24,178,SpineMid,-0.6313464,0.1013058,2.426262
55,24,178,Neck,-0.6266075,0.4050273,2.424869
55,24,178,Head,-0.5678638,0.5214522,2.445874
55,24,178,ShoulderLeft,-0.7034417,0.2753899,2.32485
55,24,178,ElbowLeft,-0.7683561,0.04638126,2.28872
55,24,178,WristLeft,-0.7346036,-0.2090416,2.262974
55,24,178,HandLeft,-0.7294089,-0.2893566,2.266394
55,24,178,ShoulderRight,-0.5384893,0.2428432,2.560439
55,24,178,ElbowRight,-0.5011901,9.391468E-05,2.60045
55,24,178,WristRight,-0.3874635,-0.167868,2.559772
55,24,178,HandRight,-0.3272299,-0.2391741,2.525949
55,24,178,HipLeft,-0.666792,-0.2053494,2.330965
55,24,178,KneeLeft,-0.5312137,-0.5008444,2.288152
55,24,178,AnkleLeft,-0.4340822,-0.8642014,2.266844
55,24,178,FootLeft,-0.3315427,-0.9262655,2.202818
55,24,178,HipRight,-0.5834356,-0.210776,2.432376
55,24,178,KneeRight,-0.7370361,-0.4922685,2.482962
55,24,178,AnkleRight,-0.9573035,-0.7688078,2.58797
55,24,178,FootRight,-0.8636693,-0.807274,2.502204
55,24,178,SpineShoulder,-0.6275451,0.3302345,2.426929
55,24,178,HandTipLeft,-0.729427,-0.3597805,2.254563
55,24,179,ThumbLeft,-0.7031443,-0.2738331,2.282176
55,24,179,HandTipRight,-0.2849835,-0.2845417,2.502236
55,24,179,ThumbRight,-0.2951665,-0.2367485,2.490062
55,24,214,SpineBase,-0.5690785,-0.2166108,2.39565
55,24,214,SpineMid,-0.5762271,0.1012304,2.403535
55,24,214,Neck,-0.5802619,0.4100817,2.399015
55,24,214,Head,-0.525281,0.5228951,2.423721
55,24,214,ShoulderLeft,-0.6517923,0.2777354,2.297743
55,24,214,ElbowLeft,-0.7110645,0.0396722,2.265496
55,24,214,WristLeft,-0.6765673,-0.2305207,2.232594
55,24,214,HandLeft,-0.669502,-0.3092091,2.2401
55,24,214,ShoulderRight,-0.4951441,0.2599071,2.503879
55,24,214,ElbowRight,-0.4506328,0.0008628276,2.570038
55,24,214,WristRight,-0.3529558,-0.1757668,2.54492
55,24,214,HandRight,-0.2860063,-0.2444761,2.511716
55,24,214,HipLeft,-0.6050937,-0.2132155,2.317697
55,24,214,KneeLeft,-0.4590137,-0.5354657,2.258225
55,24,214,AnkleLeft,-0.4213907,-0.8604978,2.261159
55,24,214,FootLeft,-0.33571,-0.9324384,2.215837
55,24,214,HipRight,-0.5167404,-0.2137767,2.40467
55,24,214,KneeRight,-0.6724089,-0.505731,2.463699
55,24,214,AnkleRight,-0.9070749,-0.7673361,2.574949
55,24,214,FootRight,-0.8160895,-0.8052467,2.485558
55,24,214,SpineShoulder,-0.5797967,0.3340978,2.402333
55,24,214,HandTipLeft,-0.6695898,-0.3787962,2.234855
55,24,214,ThumbLeft,-0.6362175,-0.3074685,2.247429
55,24,214,HandTipRight,-0.245143,-0.2977023,2.490181
55,24,214,ThumbRight,-0.2653483,-0.2417894,2.47304
55,24,245,SpineBase,-0.5074312,-0.2069219,2.37965
55,24,245,SpineMid,-0.5232542,0.1109684,2.382907
55,24,245,Neck,-0.5359468,0.4197084,2.373765
55,24,245,Head,-0.4782744,0.5315011,2.401711
55,24,245,ShoulderLeft,-0.6040718,0.2858108,2.274505
55,24,245,ElbowLeft,-0.6547441,0.03466402,2.240305
55,24,245,WristLeft,-0.6195574,-0.1637749,2.212495
55,24,245,HandLeft,-0.6063483,-0.2431151,2.212644
55,24,245,ShoulderRight,-0.4526906,0.273459,2.466865
55,24,245,ElbowRight,-0.4070029,0.01628094,2.538166
55,24,245,WristRight,-0.3015468,-0.1882204,2.522744
55,24,245,HandRight,-0.2524189,-0.2577298,2.497972
55,24,245,HipLeft,-0.5455131,-0.2023374,2.298599
55,24,245,KneeLeft,-0.4029937,-0.5220487,2.239629
55,24,245,AnkleLeft,-0.4089632,-0.8697667,2.255121
55,24,245,FootLeft,-0.3368457,-0.9329942,2.217698
55,24,245,HipRight,-0.4546297,-0.2054819,2.391385
55,24,245,KneeRight,-0.6087365,-0.5001133,2.447121
55,24,245,AnkleRight,-0.841592,-0.769242,2.54601
55,24,245,FootRight,-0.7521905,-0.8066929,2.454941
55,24,245,SpineShoulder,-0.5333084,0.3437775,2.378236
55,24,246,HandTipLeft,-0.6034191,-0.3073467,2.190999
55,24,246,ThumbLeft,-0.5633538,-0.235749,2.197191
55,24,246,HandTipRight,-0.2272511,-0.3204256,2.480341
55,24,246,ThumbRight,-0.2179774,-0.2533584,2.470667
55,24,279,SpineBase,-0.4525999,-0.1896452,2.359101
55,24,279,SpineMid,-0.4738511,0.1270042,2.363894
55,24,279,Neck,-0.4933485,0.4338791,2.356817
55,24,279,Head,-0.441848,0.5480589,2.384793
55,24,279,ShoulderLeft,-0.5562872,0.3006148,2.257108
55,24,279,ElbowLeft,-0.6018674,0.06965598,2.213127
55,24,279,WristLeft,-0.5603409,-0.1989463,2.171711
55,24,279,HandLeft,-0.5479547,-0.2798208,2.171082
55,24,279,ShoulderRight,-0.4101786,0.2875482,2.449903
55,24,279,ElbowRight,-0.3662232,0.02762161,2.514189
55,24,279,WristRight,-0.2861658,-0.189366,2.51598
55,24,279,HandRight,-0.2351749,-0.2585164,2.4955
55,24,279,HipLeft,-0.4904242,-0.1882631,2.28188
55,24,279,KneeLeft,-0.3993361,-0.5008601,2.225809
55,24,279,AnkleLeft,-0.4071018,-0.8702418,2.255394
55,24,279,FootLeft,-0.3425511,-0.9333777,2.220135
55,24,279,HipRight,-0.401471,-0.1854346,2.366689
55,24,279,KneeRight,-0.5571086,-0.4776034,2.429409
55,24,279,AnkleRight,-0.7758847,-0.7847859,2.521996
55,24,280,FootRight,-0.685839,-0.8215201,2.432301
55,24,280,SpineShoulder,-0.4881786,0.3587081,2.360446
55,24,280,HandTipLeft,-0.5469524,-0.3490551,2.160692
55,24,280,ThumbLeft,-0.5133961,-0.2628448,2.17403
55,24,280,HandTipRight,-0.2108852,-0.3210147,2.481248
55,24,280,ThumbRight,-0.2249127,-0.2437872,2.45395
55,24,311,SpineBase,-0.4126452,-0.1914689,2.348483
55,24,311,SpineMid,-0.4337752,0.1348143,2.348612
55,24,311,Neck,-0.4499224,0.4529235,2.334895
55,24,311,Head,-0.3939587,0.5618126,2.365796
55,24,311,ShoulderLeft,-0.5105009,0.3159411,2.233816
55,24,311,ElbowLeft,-0.5499712,0.0853596,2.182032
55,24,311,WristLeft,-0.5019364,-0.1810735,2.131506
55,24,311,HandLeft,-0.4908821,-0.2663666,2.12902
55,24,311,ShoulderRight,-0.3668402,0.3064899,2.427978
55,24,311,ElbowRight,-0.3334443,0.04571867,2.494453
55,24,311,WristRight,-0.2581099,-0.1902334,2.501229
55,24,311,HandRight,-0.2172746,-0.2643135,2.485229
55,24,311,HipLeft,-0.4475591,-0.183034,2.272494
55,24,311,KneeLeft,-0.3915885,-0.4991498,2.214756
55,24,311,AnkleLeft,-0.4042493,-0.870198,2.254721
55,24,311,FootLeft,-0.34381,-0.9330076,2.21917
55,24,311,HipRight,-0.3642378,-0.1939337,2.354409
55,24,311,KneeRight,-0.4917682,-0.5089108,2.387129
55,24,311,AnkleRight,-0.6752273,-0.8048314,2.469403
55,24,311,FootRight,-0.6558169,-0.8855873,2.452588
55,24,311,SpineShoulder,-0.4464408,0.3745482,2.340622
55,24,311,HandTipLeft,-0.4918151,-0.3307137,2.114889
55,24,311,ThumbLeft,-0.4567273,-0.2594104,2.137062
55,24,311,HandTipRight,-0.2020264,-0.3249661,2.472911
55,24,311,ThumbRight,-0.1848395,-0.3028318,2.459
55,24,348,SpineBase,-0.3742025,-0.1836546,2.337965
55,24,348,SpineMid,-0.3911074,0.1475742,2.333975
55,24,348,Neck,-0.4073193,0.4686362,2.317827
55,24,349,Head,-0.354409,0.5743486,2.347603
55,24,349,ShoulderLeft,-0.4659342,0.332025,2.210502
55,24,349,ElbowLeft,-0.5005137,0.08811074,2.154838
55,24,349,WristLeft,-0.4417991,-0.1761789,2.10342
55,24,349,HandLeft,-0.4265365,-0.2539732,2.09389
55,24,349,ShoulderRight,-0.3243307,0.3221161,2.410902
55,24,349,ElbowRight,-0.2853745,0.0611915,2.475078
55,24,349,WristRight,-0.2440029,-0.1784308,2.488215
55,24,349,HandRight,-0.2087029,-0.2596399,2.473903
55,24,349,HipLeft,-0.4091952,-0.1774417,2.265233
55,24,349,KneeLeft,-0.386134,-0.5028445,2.205145
55,24,349,AnkleLeft,-0.4033332,-0.8684407,2.254307
55,24,349,FootLeft,-0.3466847,-0.9337831,2.216549
55,24,349,HipRight,-0.3286095,-0.1844785,2.340858
55,24,349,KneeRight,-0.2798466,-0.4872419,2.312469
55,24,349,AnkleRight,-0.4921292,-0.7792221,2.398709
55,24,349,FootRight,-0.5136719,-0.8813477,2.361328
55,24,349,SpineShoulder,-0.4035776,0.3897755,2.32401
55,24,349,HandTipLeft,-0.4237153,-0.3202152,2.088021
55,24,349,ThumbLeft,-0.396581,-0.2399072,2.10619
55,24,349,HandTipRight,-0.198573,-0.3211851,2.466476
55,24,349,ThumbRight,-0.179649,-0.3001522,2.449222
55,24,378,SpineBase,-0.330074,-0.1745818,2.319863
55,24,378,SpineMid,-0.3486509,0.1573532,2.315697
55,24,378,Neck,-0.3632068,0.4794969,2.298237
55,24,378,Head,-0.3058052,0.5893653,2.328824
55,24,378,ShoulderLeft,-0.4210854,0.3436157,2.189144
55,24,378,ElbowLeft,-0.4567173,0.1107682,2.131513
55,24,378,WristLeft,-0.3943004,-0.1070442,2.073317
55,24,378,HandLeft,-0.3751422,-0.1845502,2.08895
55,24,378,ShoulderRight,-0.280314,0.3328961,2.391298
55,24,378,ElbowRight,-0.2433572,0.07182974,2.456003
55,24,378,WristRight,-0.2203055,-0.1350419,2.462296
55,24,378,HandRight,-0.1931352,-0.2157275,2.454245
55,24,378,HipLeft,-0.3639486,-0.1706524,2.243673
55,24,378,KneeLeft,-0.3776994,-0.5055792,2.191452
55,24,378,AnkleLeft,-0.4026708,-0.8667272,2.255609
55,24,378,FootLeft,-0.3478507,-0.9330233,2.21528
55,24,378,HipRight,-0.285511,-0.173167,2.325431
55,24,378,KneeRight,-0.2466218,-0.5030512,2.298732
55,24,378,AnkleRight,-0.4514258,-0.8115427,2.342905
55,24,378,FootRight,-0.3651717,-0.8957088,2.329352
55,24,378,SpineShoulder,-0.3600845,0.4003341,2.304842
55,24,378,HandTipLeft,-0.3557508,-0.2475124,2.039936
55,24,378,ThumbLeft,-0.3319109,-0.1854661,2.122294
55,24,378,HandTipRight,-0.1703211,-0.2778859,2.447263
55,24,378,ThumbRight,-0.2015756,-0.2078902,2.391
55,24,413,SpineBase,-0.2905499,-0.1707883,2.293505
55,24,413,SpineMid,-0.3044173,0.1615689,2.29315
55,24,413,Neck,-0.3169906,0.4834707,2.280727
55,24,413,Head,-0.2583129,0.5958018,2.306461
55,24,413,ShoulderLeft,-0.3833939,0.3510817,2.169434
55,24,413,ElbowLeft,-0.4094371,0.1219006,2.106244
55,24,413,WristLeft,-0.3227032,-0.133992,2.049386
55,24,413,HandLeft,-0.3125882,-0.212034,2.037823
55,24,413,ShoulderRight,-0.2342032,0.3368083,2.373757
55,24,413,ElbowRight,-0.1962433,0.07568158,2.437949
55,24,413,WristRight,-0.1900127,-0.1783557,2.327908
55,24,413,HandRight,-0.1703564,-0.2223643,2.273007
55,24,413,HipLeft,-0.3289841,-0.166542,2.21905
55,24,413,KneeLeft,-0.3685855,-0.497606,2.179896
55,24,413,AnkleLeft,-0.3627972,-0.859147,2.265868
55,24,413,FootLeft,-0.3436309,-0.9366845,2.213343
55,24,413,HipRight,-0.2437338,-0.1698999,2.297997
55,24,413,KneeRight,-0.1627849,-0.4800099,2.265786
55,24,413,AnkleRight,-0.2811283,-0.8327804,2.299921
55,24,413,FootRight,-0.2519531,-0.9155273,2.253906
55,24,413,SpineShoulder,-0.3141342,0.4044272,2.285995
55,24,413,HandTipLeft,-0.2888123,-0.2721742,2.01659
55,24,413,ThumbLeft,-0.3578594,-0.2262235,2.072241
55,24,413,HandTipRight,-0.1666296,-0.2551183,2.24955
55,24,413,ThumbRight,-0.1892342,-0.1949977,2.253294
55,24,444,SpineBase,-0.2526406,-0.1659833,2.269886
55,24,444,SpineMid,-0.2662736,0.1659036,2.272732
55,24,444,Neck,-0.2771243,0.4873601,2.262411
55,24,445,Head,-0.223125,0.5944868,2.28961
55,24,445,ShoulderLeft,-0.3363078,0.3535608,2.148369
55,24,445,ElbowLeft,-0.3628778,0.132294,2.080963
55,24,445,WristLeft,-0.2837149,-0.07543508,2.01687
55,24,445,HandLeft,-0.2582465,-0.1567619,2.004947
55,24,445,ShoulderRight,-0.1944275,0.3406372,2.35542
55,24,445,ElbowRight,-0.1576698,0.07941585,2.41996
55,24,445,WristRight,-0.1517158,-0.1746914,2.309976
55,24,445,HandRight,-0.122979,-0.1956281,2.256929
55,24,445,HipLeft,-0.2909451,-0.1613944,2.195868
55,24,445,KneeLeft,-0.3425317,-0.4843049,2.167058
55,24,445,AnkleLeft,-0.3758496,-0.8429861,2.257142
55,24,445,FootLeft,-0.313241,-0.9262593,2.21023
55,24,445,HipRight,-0.2060716,-0.1653624,2.273111
55,24,445,KneeRight,-0.107642,-0.4711829,2.236561
55,24,445,AnkleRight,-0.1607518,-0.837693,2.26291
55,24,445,FootRight,-0.109375,-0.9165039,2.201172
55,24,445,SpineShoulder,-0.2747887,0.4084348,2.267209
55,24,445,HandTipLeft,-0.224755,-0.2170815,1.958006
55,24,445,ThumbLeft,-0.2967678,-0.1558912,2.062476
55,24,445,HandTipRight,-0.1297726,-0.2510425,2.223897
55,24,445,ThumbRight,-0.1290668,-0.1841072,2.234727
55,24,480,SpineBase,-0.1991843,-0.1725468,2.253967
55,24,480,SpineMid,-0.2152537,0.1596708,2.252216
55,24,480,Neck,-0.2296306,0.4812978,2.237709
55,24,480,Head,-0.1725897,0.5930531,2.265688
55,24,480,ShoulderLeft,-0.3035948,0.3500249,2.131845
55,24,480,ElbowLeft,-0.3241173,0.1374707,2.058959
55,24,480,WristLeft,-0.225676,-0.07588007,1.985208
55,24,480,HandLeft,-0.1841041,-0.1618131,1.953768
55,24,481,ShoulderRight,-0.1470402,0.3345226,2.330674
55,24,481,ElbowRight,-0.1102063,0.0732685,2.394993
55,24,481,WristRight,-0.1003324,-0.1680426,2.257506
55,24,481,HandRight,-0.08223923,-0.2404827,2.214997
55,24,481,HipLeft,-0.2376923,-0.1670807,2.18195
55,24,481,KneeLeft,-0.3315229,-0.4829028,2.158012
55,24,481,AnkleLeft,-0.3765336,-0.8386585,2.253324
55,24,481,FootLeft,-0.3340814,-0.9268976,2.211951
55,24,481,HipRight,-0.1544876,-0.172606,2.255353
55,24,481,KneeRight,-0.05264727,-0.4917068,2.213054
55,24,481,AnkleRight,-0.02676023,-0.8543451,2.200286
55,24,481,FootRight,0.03778076,-0.918457,2.126953
55,24,481,SpineShoulder,-0.2263099,0.4023484,2.243533
55,24,481,HandTipLeft,-0.1495567,-0.2127174,1.927684
55,24,481,ThumbLeft,-0.1371392,-0.2023221,1.941167
55,24,481,HandTipRight,-0.06727063,-0.3017041,2.186833
55,24,481,ThumbRight,-0.1179455,-0.2274965,2.188409
55,24,512,SpineBase,-0.1673767,-0.180472,2.225495
55,24,512,SpineMid,-0.1784714,0.1518424,2.228872
55,24,512,Neck,-0.1870037,0.4732269,2.219015
55,24,512,Head,-0.1352122,0.5827345,2.245144
55,24,512,ShoulderLeft,-0.2554356,0.3382458,2.111534
55,24,512,ElbowLeft,-0.2808581,0.1252811,2.033303
55,24,512,WristLeft,-0.1526316,-0.1034707,1.942556
55,24,512,HandLeft,-0.1058957,-0.1841751,1.905656
55,24,512,ShoulderRight,-0.1045166,0.3264191,2.311934
55,24,512,ElbowRight,-0.06799695,0.06516703,2.376213
55,24,512,WristRight,-0.05830379,-0.1761327,2.238708
55,24,512,HandRight,-0.02735906,-0.2497934,2.192631
55,24,512,HipLeft,-0.2120742,-0.1710193,2.158474
55,24,512,KneeLeft,-0.3005054,-0.481316,2.141716
55,24,512,AnkleLeft,-0.3730795,-0.8290925,2.246922
55,24,512,FootLeft,-0.3437922,-0.9279193,2.210634
55,24,512,HipRight,-0.1171884,-0.1847425,2.221662
55,24,512,KneeRight,-0.0228123,-0.4776535,2.190552
55,24,512,AnkleRight,0.08353879,-0.8234892,2.1378
55,24,512,FootRight,0.1566162,-0.8984375,2.060547
55,24,512,SpineShoulder,-0.1852167,0.3943673,2.223695
55,24,512,HandTipLeft,-0.07489888,-0.2344767,1.90047
55,24,512,ThumbLeft,-0.07277764,-0.1916217,1.887167
55,24,512,HandTipRight,-0.02115369,-0.3093993,2.16227
55,24,512,ThumbRight,-0.04898195,-0.2269475,2.157813
55,24,546,SpineBase,-0.1195958,-0.1944305,2.202926
55,24,547,SpineMid,-0.1316524,0.1375487,2.204462
55,24,547,Neck,-0.1425765,0.4588006,2.193022
55,24,547,Head,-0.08792799,0.5739673,2.22204
55,24,547,ShoulderLeft,-0.2213248,0.3284188,2.090509
55,24,547,ElbowLeft,-0.2282852,0.1090503,2.003147
55,24,547,WristLeft,-0.1130158,-0.08173489,1.914998
55,24,547,HandLeft,-0.04980735,-0.1688453,1.873465
55,24,547,ShoulderRight,-0.06019429,0.3119613,2.285885
55,24,547,ElbowRight,-0.02400652,0.05074102,2.350114
55,24,547,WristRight,-0.01450449,-0.1905266,2.212585
55,24,547,HandRight,0.019422,-0.3154461,2.153086
55,24,547,HipLeft,-0.1652451,-0.1835149,2.131875
55,24,547,KneeLeft,-0.2680353,-0.4823023,2.134373
55,24,547,AnkleLeft,-0.3669081,-0.8226066,2.242004
55,24,547,FootLeft,-0.3456579,-0.9274024,2.210694
55,24,547,HipRight,-0.0701685,-0.1990966,2.203236
55,24,547,KneeRight,0.007358105,-0.4789814,2.169868
55,24,547,AnkleRight,0.1718368,-0.8072414,2.075484
55,24,547,FootRight,0.2465314,-0.8423423,1.98228
55,24,547,SpineShoulder,-0.140026,0.3799591,2.198099
55,24,547,HandTipLeft,-0.009448749,-0.2146249,1.857915
55,24,547,ThumbLeft,-0.01253451,-0.1852083,1.871
55,24,547,HandTipRight,0.01797171,-0.3236224,2.141468
55,24,547,ThumbRight,-0.01166452,-0.3166385,2.123714
55,24,578,SpineBase,-0.06769882,-0.2031854,2.180954
55,24,578,SpineMid,-0.08180258,0.1276081,2.183802
55,24,578,Neck,-0.09499428,0.4476512,2.173589
55,24,578,Head,-0.04049414,0.5630063,2.199701
55,24,578,ShoulderLeft,-0.1724877,0.3186892,2.066848
55,24,578,ElbowLeft,-0.2041894,0.1102884,1.991066
55,24,578,WristLeft,-0.06882961,-0.07797394,1.887192
55,24,578,HandLeft,-0.005125217,-0.1550393,1.845098
55,24,578,ShoulderRight,-0.01274098,0.3007871,2.266396
55,24,578,ElbowRight,0.02307749,0.03959526,2.330586
55,24,578,WristRight,0.0323698,-0.2016452,2.19304
55,24,579,HandRight,0.06747623,-0.3259303,2.12737
55,24,579,HipLeft,-0.1148421,-0.1927019,2.109016
55,24,579,KneeLeft,-0.2204879,-0.4901116,2.115087
55,24,579,AnkleLeft,-0.3548744,-0.813849,2.233233
55,24,579,FootLeft,-0.3471571,-0.9250617,2.208058
55,24,579,HipRight,-0.01842588,-0.2070696,2.182112
55,24,579,KneeRight,0.05642633,-0.4828348,2.136843
55,24,579,AnkleRight,0.2072561,-0.7588229,2.047011
55,24,579,FootRight,0.2823448,-0.7943037,1.954834
55,24,579,SpineShoulder,-0.09183659,0.3691131,2.178369
55,24,579,HandTipLeft,0.03847422,-0.2017272,1.814178
55,24,579,ThumbLeft,0.03926461,-0.1812588,1.82825
55,24,579,HandTipRight,0.06403476,-0.34133,2.108228
55,24,579,ThumbRight,0.04085092,-0.3227254,2.099
55,24,614,SpineBase,-0.02484404,-0.2198142,2.152608
55,24,615,SpineMid,-0.03703948,0.1149448,2.159971
55,24,615,Neck,-0.0486504,0.4387491,2.154127
55,24,615,Head,0.003412432,0.5500542,2.181783
55,24,615,ShoulderLeft,-0.1285946,0.3007636,2.045493
55,24,615,ElbowLeft,-0.147866,0.090832,1.962269
55,24,615,WristLeft,0.003182515,-0.1157027,1.853877
55,24,615,HandLeft,0.06629089,-0.1831461,1.807164
55,24,615,ShoulderRight,0.03347113,0.2918566,2.246883
55,24,615,ElbowRight,0.0689218,0.03067959,2.311048
55,24,615,WristRight,-0.04233694,-0.208485,2.230069
55,24,615,HandRight,-0.01508998,-0.2876601,2.213946
55,24,615,HipLeft,-0.07731194,-0.2077619,2.083948
55,24,615,KneeLeft,-0.1730162,-0.4914808,2.093658
55,24,615,AnkleLeft,-0.3382731,-0.7973478,2.219477
55,24,615,FootLeft,-0.2553155,-0.8331699,2.126922
55,24,615,HipRight,0.02685394,-0.2240273,2.15153
55,24,615,KneeRight,0.1329735,-0.4892329,2.097639
55,24,616,AnkleRight,0.2786085,-0.8122567,1.99963
55,24,616,FootRight,0.352205,-0.8467414,1.907516
55,24,616,SpineShoulder,-0.04582651,0.3592905,2.15782
55,24,616,HandTipLeft,0.112312,-0.2276895,1.802643
55,24,616,ThumbLeft,0.07975218,-0.2395698,1.810625
55,24,616,HandTipRight,-0.0181526,-0.3032797,2.19477
55,24,616,ThumbRight,-0.04084028,-0.2849725,2.185491
55,24,644,SpineBase,0.02482557,-0.2385384,2.1267
55,24,644,SpineMid,0.01280133,0.0993181,2.136383
55,24,644,Neck,0.001071723,0.4260873,2.132693
55,24,645,Head,0.05767881,0.5369233,2.15591
55,24,645,ShoulderLeft,-0.08047649,0.2888386,2.023123
55,24,645,ElbowLeft,-0.1082304,0.08193831,1.944013
55,24,645,WristLeft,0.04764872,-0.1203159,1.834519
55,24,645,HandLeft,0.1060571,-0.1882941,1.781524
55,24,645,ShoulderRight,0.08304571,0.2791739,2.225393
55,24,645,ElbowRight,0.1180927,0.01803891,2.28953
55,24,645,WristRight,0.0001674844,-0.2159069,2.201895
55,24,645,HandRight,0.02741992,-0.2950931,2.185761
55,24,645,HipLeft,-0.02120539,-0.2284821,2.064582
55,24,645,KneeLeft,-0.1283362,-0.5546518,2.090515
55,24,645,AnkleLeft,-0.3382239,-0.8259041,2.220511
55,24,645,FootLeft,-0.3428263,-0.9119519,2.197232
55,24,645,HipRight,0.06998078,-0.2406652,2.118154
55,24,645,KneeRight,0.177429,-0.493607,2.066262
55,24,645,AnkleRight,0.3092442,-0.8350101,1.968543
55,24,645,FootRight,0.3822143,-0.8689964,1.876538
55,24,645,SpineShoulder,0.003967294,0.345904,2.135863
55,24,645,HandTipLeft,0.1496528,-0.2288727,1.765617
55,24,645,ThumbLeft,0.107631,-0.2323676,1.774727
55,24,645,HandTipRight,0.02416659,-0.310665,2.166593
55,24,645,ThumbRight,0.00122885,-0.2922921,2.157324
55,24,680,SpineBase,0.09855339,-0.2354666,2.105028
55,24,680,SpineMid,0.07435297,0.09915297,2.115782
55,24,680,Neck,0.05045182,0.422679,2.113144
55,24,680,Head,0.1065753,0.5389451,2.13523
55,24,680,ShoulderLeft,-0.03551621,0.2796928,2.001779
55,24,680,ElbowLeft,-0.08694584,0.08707046,1.937366
55,24,680,WristLeft,0.05977553,-0.1211224,1.826068
55,24,680,HandLeft,0.1244474,-0.1861055,1.765753
55,24,680,ShoulderRight,0.1322698,0.2757261,2.205809
55,24,680,ElbowRight,0.1669199,0.01448873,2.269978
55,24,680,WristRight,0.05287421,-0.2190922,2.175145
55,24,680,HandRight,0.08013289,-0.2982916,2.159
55,24,680,HipLeft,0.04857354,-0.2270237,2.037776
55,24,680,KneeLeft,-0.05879222,-0.5015438,2.032139
55,24,680,AnkleLeft,-0.271084,-0.7716833,2.16915
55,24,680,FootLeft,-0.1894386,-0.8068716,2.075317
55,24,680,HipRight,0.1451617,-0.2360115,2.101684
55,24,680,KneeRight,0.2613389,-0.5301661,2.024815
55,24,680,AnkleRight,0.3187781,-0.8312637,1.96724
55,24,680,FootRight,0.3912511,-0.8646461,1.874261
55,24,680,SpineShoulder,0.05640288,0.3433064,2.116052
55,24,681,HandTipLeft,0.1627705,-0.2291122,1.728499
55,24,681,ThumbLeft,0.1179516,-0.2188543,1.73825
55,24,681,HandTipRight,0.07663805,-0.313835,2.139841
55,24,681,ThumbRight,0.05338343,-0.295422,2.130585
55,24,712,SpineBase,0.1591276,-0.2263688,2.080285
55,24,712,SpineMid,0.1287859,0.1069579,2.092617
55,24,712,Neck,0.09860636,0.4290506,2.091559
55,24,712,Head,0.1550438,0.5407578,2.110086
55,24,712,ShoulderLeft,0.009268496,0.2863964,1.981457
55,24,712,ElbowLeft,-0.02619078,0.08966226,1.918307
55,24,712,WristLeft,0.1033101,-0.1284265,1.804659
55,24,712,HandLeft,0.1574408,-0.2061492,1.747497
55,24,712,ShoulderRight,0.1802679,0.282028,2.184217
55,24,712,ElbowRight,0.2145145,0.02068912,2.248429
55,24,712,WristRight,0.1124158,-0.2146961,2.143662
55,24,712,HandRight,0.1021005,-0.2707509,2.1702
55,24,712,HipLeft,0.1087744,-0.2164601,2.012621
55,24,712,KneeLeft,0.01890551,-0.4895762,1.985282
55,24,712,AnkleLeft,-0.2167038,-0.7332754,2.133906
55,24,712,FootLeft,-0.1364327,-0.7684879,2.038856
55,24,712,HipRight,0.2040198,-0.2286034,2.077462
55,24,712,KneeRight,0.3247728,-0.5317188,2.005054
55,24,712,AnkleRight,0.3398064,-0.854266,1.951554
55,24,712,FootRight,0.411302,-0.8869648,1.857778
55,24,712,SpineShoulder,0.1061574,0.3500537,2.094067
55,24,712,HandTipLeft,0.1984723,-0.2503729,1.722889
55,24,712,ThumbLeft,0.1520431,-0.2470255,1.723
55,24,712,HandTipRight,0.09850763,-0.2864242,2.15103
55,24,712,ThumbRight,0.07512385,-0.2681823,2.141756
55,24,745,SpineBase,0.2061158,-0.215345,2.06914
55,24,745,SpineMid,0.1720938,0.1171052,2.076842
55,24,745,Neck,0.1386947,0.4384135,2.071067
55,24,745,Head,0.2012528,0.5525292,2.087218
55,24,746,ShoulderLeft,0.04489534,0.2914281,1.963861
55,24,746,ElbowLeft,0.04000887,0.04432995,1.892074
55,24,746,WristLeft,0.1246873,-0.1504312,1.791699
55,24,746,HandLeft,0.1761314,-0.2233263,1.742124
55,24,746,ShoulderRight,0.2202239,0.2913166,2.163735
55,24,746,ElbowRight,0.2541299,0.029855,2.228004
55,24,746,WristRight,0.1358124,-0.2088641,2.155404
55,24,746,HandRight,0.1254921,-0.2649305,2.181951
55,24,746,HipLeft,0.1608653,-0.2074713,1.998441
55,24,746,KneeLeft,0.1053905,-0.4967785,1.943134
55,24,746,AnkleLeft,-0.1471449,-0.7190423,2.098603
55,24,746,FootLeft,-0.06929919,-0.7543125,2.001811
55,24,746,HipRight,0.2426193,-0.2166482,2.069682
55,24,746,KneeRight,0.3434047,-0.5216981,2.001237
55,24,746,AnkleRight,0.3410653,-0.8543928,1.951192
55,24,746,FootRight,0.375348,-0.9256129,1.892604
55,24,746,SpineShoulder,0.1470298,0.3596166,2.07477
55,24,746,HandTipLeft,0.2100229,-0.2712821,1.725734
55,24,746,ThumbLeft,0.1615101,-0.2605365,1.728095
55,24,746,HandTipRight,0.1217964,-0.2806363,2.162783
55,24,746,ThumbRight,0.0982773,-0.2624383,2.153509
55,24,777,SpineBase,0.2463462,-0.2009593,2.041966
55,24,777,SpineMid,0.2146713,0.1322214,2.049575
55,24,777,Neck,0.1819924,0.4536005,2.04434
55,24,777,Head,0.2400388,0.5633804,2.064002
55,24,777,ShoulderLeft,0.08304699,0.3061116,1.943114
55,24,777,ElbowLeft,0.07434393,0.04518667,1.877856
55,24,777,WristLeft,0.1546398,-0.1624869,1.786699
55,24,777,HandLeft,0.1866303,-0.2364295,1.742701
55,24,777,ShoulderRight,0.2633778,0.3063987,2.137037
55,24,777,ElbowRight,0.2969097,0.04475152,2.201394
55,24,777,WristRight,0.2139805,-0.2025563,2.108481
55,24,777,HandRight,0.1421642,-0.2242513,2.148786
55,24,777,HipLeft,0.190822,-0.1928252,1.973634
55,24,777,KneeLeft,0.1665062,-0.4770178,1.902071
55,24,778,AnkleLeft,-0.07425176,-0.7151653,2.05381
55,24,778,FootLeft,0.000522092,-0.7503519,1.954848
55,24,778,HipRight,0.2912577,-0.2033533,2.041933
55,24,778,KneeRight,0.3802424,-0.4758647,1.996335
55,24,778,AnkleRight,0.3436889,-0.8488813,1.952137
55,24,778,FootRight,0.3785482,-0.9273854,1.890299
55,24,778,SpineShoulder,0.1902517,0.3748332,2.047871
55,24,778,HandTipLeft,0.2176349,-0.2913571,1.731076
55,24,778,ThumbLeft,0.164723,-0.2699628,1.72976
55,24,778,HandTipRight,0.1383824,-0.2401254,2.129606
55,24,778,ThumbRight,0.1147505,-0.2221441,2.120313
55,24,812,SpineBase,0.2870573,-0.173949,2.019848
55,24,812,SpineMid,0.2519774,0.1522222,2.028374
55,24,812,Neck,0.216781,0.4674491,2.023615
55,24,812,Head,0.2843271,0.5779173,2.037892
55,24,812,ShoulderLeft,0.1186213,0.3214463,1.923977
55,24,812,ElbowLeft,0.1062935,0.05032029,1.862706
55,24,812,WristLeft,0.1722936,-0.1730065,1.778777
55,24,812,HandLeft,0.1944965,-0.2428578,1.751891
55,24,812,ShoulderRight,0.2980478,0.320161,2.116343
55,24,812,ElbowRight,0.331277,0.05835441,2.180784
55,24,812,WristRight,0.2492823,-0.1885412,2.085384
55,24,812,HandRight,0.1774527,-0.2102418,2.125705
55,24,812,HipLeft,0.2326574,-0.1622135,1.950271
55,24,812,KneeLeft,0.2571063,-0.4636917,1.86377
55,24,812,AnkleLeft,0.02642055,-0.7247022,1.995468
55,24,812,FootLeft,0.09956942,-0.7592735,1.896552
55,24,812,HipRight,0.3313778,-0.1796506,2.0193
55,24,812,KneeRight,0.3456988,-0.5063089,1.9513
55,24,812,AnkleRight,0.3443281,-0.8548124,1.952273
55,24,812,FootRight,0.3797694,-0.9276183,1.891214
55,24,812,SpineShoulder,0.2256579,0.3901686,2.02703
55,24,812,HandTipLeft,0.2140782,-0.3009305,1.739199
55,24,812,ThumbLeft,0.1788833,-0.2477836,1.712881
55,24,812,HandTipRight,0.1735009,-0.2261716,2.106533
55,24,812,ThumbRight,0.1496456,-0.2082607,2.097249
55,24,846,SpineBase,0.3335055,-0.1543029,2.013362
55,24,846,SpineMid,0.2940221,0.1693409,2.014285
55,24,846,Neck,0.2549289,0.48186,2.002093
55,24,846,Head,0.3145246,0.5919534,2.018872
55,24,846,ShoulderLeft,0.1526444,0.3353747,1.904738
55,24,846,ElbowLeft,0.1305179,0.06057662,1.854146
55,24,846,WristLeft,0.1783245,-0.1697705,1.779073
55,24,846,HandLeft,0.2075222,-0.2394057,1.77329
55,24,846,ShoulderRight,0.3360625,0.3344838,2.094857
55,24,846,ElbowRight,0.3689546,0.07253814,2.159388
55,24,846,WristRight,0.3019612,-0.1798616,2.067005
55,24,846,HandRight,0.2643497,-0.2226927,2.093735
55,24,846,HipLeft,0.2766642,-0.1508956,1.942418
55,24,846,KneeLeft,0.3186795,-0.4550063,1.844039
55,24,846,AnkleLeft,0.1097485,-0.7462783,1.949205
55,24,846,FootLeft,0.1802823,-0.7804393,1.849334
55,24,846,HipRight,0.3778753,-0.1522205,2.014587
55,24,846,KneeRight,0.4577534,-0.3993486,2.025696
55,24,846,AnkleRight,0.3672847,-0.7622836,1.964523
55,24,846,FootRight,0.4336859,-0.7964684,1.865144
55,24,846,SpineShoulder,0.2647697,0.4052906,2.007367
55,24,846,HandTipLeft,0.2144143,-0.304208,1.75356
55,24,846,ThumbLeft,0.2543555,-0.2329296,1.800229
55,24,846,HandTipRight,0.2599833,-0.2385555,2.074614
55,24,846,ThumbRight,0.2355829,-0.2205541,2.065396
55,24,879,SpineBase,0.3565784,-0.1369545,1.97449
55,24,879,SpineMid,0.3207841,0.1848941,1.984627
55,24,879,Neck,0.2842427,0.4953205,1.980438
55,24,879,Head,0.3559929,0.6016306,1.992597
55,24,879,ShoulderLeft,0.187373,0.3471583,1.883044
55,24,879,ElbowLeft,0.1588647,0.07438689,1.844869
55,24,879,WristLeft,0.1868987,-0.1226532,1.787269
55,24,879,HandLeft,0.2003254,-0.2077776,1.772902
55,24,879,ShoulderRight,0.365275,0.3478576,2.073243
55,24,879,ElbowRight,0.3979007,0.08577566,2.137859
55,24,879,WristRight,0.5054345,-0.1609889,2.085114
55,24,879,HandRight,0.5346479,-0.224842,2.062342
55,24,879,HipLeft,0.3013119,-0.1362263,1.898805
55,24,879,KneeLeft,0.3574129,-0.4645984,1.829575
55,24,879,AnkleLeft,0.1941266,-0.7925196,1.905936
55,24,879,FootLeft,0.2760262,-0.8710417,1.8619
55,24,879,HipRight,0.3989581,-0.1332184,1.980534
55,24,879,KneeRight,0.4788082,-0.3723771,1.989545
55,24,879,AnkleRight,0.3877392,-0.7383435,1.962825
55,24,879,FootRight,0.4548411,-0.772678,1.86438
55,24,879,SpineShoulder,0.2935416,0.4192962,1.983761
55,24,879,HandTipLeft,0.2044175,-0.2685053,1.754478
55,24,879,ThumbLeft,0.2248915,-0.2354502,1.748192
55,24,879,HandTipRight,0.5512647,-0.2779648,2.043346
55,24,879,ThumbRight,0.5285153,-0.2823419,2.0325
55,24,913,SpineBase,0.3725009,-0.1374599,1.94795
55,24,913,SpineMid,0.3467214,0.1876185,1.960295
55,24,913,Neck,0.3226768,0.5012308,1.959078
55,24,913,Head,0.3969632,0.6068836,1.973702
55,24,913,ShoulderLeft,0.2245555,0.351191,1.864259
55,24,913,ElbowLeft,0.1770629,0.08401627,1.838606
55,24,913,WristLeft,0.2054293,-0.1621473,1.785549
55,24,913,HandLeft,0.2080263,-0.2249899,1.779928
55,24,913,ShoulderRight,0.4035679,0.3537056,2.051905
55,24,913,ElbowRight,0.4358449,0.09155564,2.116601
55,24,913,WristRight,0.5597218,-0.1129068,2.061198
55,24,913,HandRight,0.5989128,-0.1860898,2.025329
55,24,913,HipLeft,0.3159054,-0.1376229,1.878909
55,24,913,KneeLeft,0.4318708,-0.4473842,1.798544
55,24,913,AnkleLeft,0.2504554,-0.7434154,1.829716
55,24,913,FootLeft,0.3224034,-0.830398,1.801485
55,24,913,HipRight,0.4157376,-0.1322017,1.945989
55,24,913,KneeRight,0.3632616,-0.4794168,1.945409
55,24,913,AnkleRight,0.3431059,-0.8242487,1.884848
55,24,913,FootRight,0.3879395,-0.9042969,1.867188
55,24,913,SpineShoulder,0.3285967,0.4243984,1.96153
55,24,913,HandTipLeft,0.2093436,-0.2858535,1.780418
55,24,913,ThumbLeft,0.2383799,-0.2061626,1.778833
55,24,913,HandTipRight,0.6274518,-0.2384836,1.993027
55,24,913,ThumbRight,0.5834067,-0.2059551,2.016278
55,24,944,SpineBase,0.3913617,-0.1353038,1.92901
55,24,944,SpineMid,0.3740775,0.1915995,1.94258
55,24,944,Neck,0.3556015,0.506305,1.944367
55,24,945,Head,0.4333068,0.6114101,1.956542
55,24,945,ShoulderLeft,0.2582357,0.3520461,1.847341
55,24,945,ElbowLeft,0.1997653,0.08706159,1.827935
55,24,945,WristLeft,0.2109899,-0.1622963,1.784518
55,24,945,HandLeft,0.2229919,-0.2245218,1.787991
55,24,945,ShoulderRight,0.4363688,0.3587377,2.037212
55,24,945,ElbowRight,0.4683503,0.09654158,2.101979
55,24,945,WristRight,0.6115956,-0.08619846,2.031741
55,24,945,HandRight,0.6591397,-0.1562606,1.992797
55,24,945,HipLeft,0.3415065,-0.1375388,1.848752
55,24,945,KneeLeft,0.4877752,-0.4419759,1.767903
55,24,945,AnkleLeft,0.429351,-0.8119701,1.793546
55,24,945,FootLeft,0.4648438,-0.8916016,1.755859
55,24,945,HipRight,0.4280249,-0.1290816,1.936669
55,24,945,KneeRight,0.3868747,-0.4785209,1.927884
55,24,945,AnkleRight,0.3441511,-0.8694344,1.94531
55,24,945,FootRight,0.4178847,-0.9068944,1.831027
55,24,945,SpineShoulder,0.3605985,0.4293039,1.945936
55,24,945,HandTipLeft,0.2158863,-0.2837599,1.791289
55,24,945,ThumbLeft,0.2488052,-0.2124275,1.779906
55,24,945,HandTipRight,0.6925337,-0.2058803,1.96525
55,24,945,ThumbRight,0.6668941,-0.193632,1.984652
55,24,980,SpineBase,0.4197288,-0.1363446,1.905361
55,24,980,SpineMid,0.4068035,0.1908008,1.920519
55,24,980,Neck,0.3924666,0.5054331,1.922951
55,24,980,Head,0.4691186,0.6072526,1.936885
55,24,980,ShoulderLeft,0.2959586,0.3476553,1.827692
55,24,980,ElbowLeft,0.2268662,0.08496824,1.813809
55,24,980,WristLeft,0.2292791,-0.1594075,1.783853
55,24,980,HandLeft,0.2403489,-0.2311524,1.790413
55,24,980,ShoulderRight,0.4730914,0.3578242,2.015807
55,24,980,ElbowRight,0.5648376,0.103809,2.053627
55,24,980,WristRight,0.6634692,-0.08200805,2.002255
55,24,980,HandRight,0.7172918,-0.1403772,1.959255
55,24,980,HipLeft,0.3671746,-0.1394778,1.823365
55,24,980,KneeLeft,0.5075278,-0.4575572,1.746773
55,24,980,AnkleLeft,0.5356312,-0.826303,1.746019
55,24,980,FootLeft,0.5989659,-0.859228,1.649021
55,24,980,HipRight,0.4555528,-0.12845,1.918639
55,24,980,KneeRight,0.4080619,-0.4764859,1.918203
55,24,980,AnkleRight,0.3429908,-0.8712816,1.943125
55,24,980,FootRight,0.4333005,-0.878465,1.833222
55,24,980,SpineShoulder,0.3963037,0.4284645,1.924509
55,24,980,HandTipLeft,0.2277717,-0.2902369,1.800213
55,24,980,ThumbLeft,0.2693727,-0.2434511,1.782539
55,24,981,HandTipRight,0.7459385,-0.1898544,1.926937
55,24,981,ThumbRight,0.7074665,-0.1566799,1.956472
55,25,012,SpineBase,0.4737267,-0.150808,1.89866
55,25,012,SpineMid,0.4506071,0.1807608,1.907126
55,25,012,Neck,0.4250489,0.4995999,1.904168
55,25,012,Head,0.5087373,0.5962651,1.917489
55,25,013,ShoulderLeft,0.335459,0.3416468,1.805467
55,25,013,ElbowLeft,0.2577325,0.08344403,1.797403
55,25,013,WristLeft,0.254602,-0.1585901,1.777909
55,25,013,HandLeft,0.2635092,-0.2344666,1.787026
55,25,013,ShoulderRight,0.5055424,0.3519704,1.997023
55,25,013,ElbowRight,0.5929513,0.09717453,2.0378
55,25,013,WristRight,0.698856,-0.06781685,1.985862
55,25,013,HandRight,0.7581172,-0.1196432,1.935768
55,25,013,HipLeft,0.4189501,-0.1524653,1.820022
55,25,013,KneeLeft,0.525771,-0.4640897,1.73812
55,25,013,AnkleLeft,0.6216344,-0.8257694,1.699554
55,25,013,FootLeft,0.6763648,-0.8750502,1.652915
55,25,013,HipRight,0.5112555,-0.1437095,1.908536
55,25,013,KneeRight,0.4206913,-0.4817209,1.926155
55,25,013,AnkleRight,0.3434689,-0.8714188,1.941235
55,25,013,FootRight,0.3864746,-0.9350586,1.891602
55,25,013,SpineShoulder,0.4316032,0.4216664,1.906971
55,25,013,HandTipLeft,0.2490439,-0.2982657,1.799153
55,25,013,ThumbLeft,0.2940482,-0.2478309,1.781091
55,25,013,HandTipRight,0.7920442,-0.1732925,1.902077
55,25,013,ThumbRight,0.7348257,-0.1263843,1.935636
55,25,047,SpineBase,0.5168514,-0.181663,1.883704
55,25,047,SpineMid,0.4885522,0.1621915,1.890864
55,25,047,Neck,0.4589448,0.4915506,1.884992
55,25,047,Head,0.5402453,0.5905201,1.897165
55,25,047,ShoulderLeft,0.3637176,0.3344397,1.787494
55,25,047,ElbowLeft,0.2853374,0.07724109,1.779541
55,25,047,WristLeft,0.2819581,-0.1631141,1.766265
55,25,047,HandLeft,0.2900946,-0.2397524,1.778961
55,25,047,ShoulderRight,0.5392976,0.3439081,1.977843
55,25,047,ElbowRight,0.629056,0.0896799,2.016557
55,25,047,WristRight,0.7460504,-0.06533706,1.958211
55,25,047,HandRight,0.8013821,-0.110787,1.908511
55,25,047,HipLeft,0.4536947,-0.1632711,1.810506
55,25,047,KneeLeft,0.5698562,-0.4476726,1.707565
55,25,047,AnkleLeft,0.6755028,-0.7803822,1.670117
55,25,047,FootLeft,0.7291926,-0.8302163,1.623594
55,25,048,HipRight,0.5549236,-0.1915009,1.890374
55,25,048,KneeRight,0.4592426,-0.5260816,1.915654
55,25,048,AnkleRight,0.3634578,-0.7867107,1.916765
55,25,048,FootRight,0.380459,-0.8973868,1.887147
55,25,048,SpineShoulder,0.4666683,0.4110742,1.888591
55,25,048,HandTipLeft,0.2746983,-0.3041359,1.793629
55,25,048,ThumbLeft,0.3184243,-0.226897,1.775625
55,25,048,HandTipRight,0.8387907,-0.1605537,1.877835
55,25,048,ThumbRight,0.815414,-0.1452261,1.898286
55,25,079,SpineBase,0.5331373,-0.1907657,1.857227
55,25,079,SpineMid,0.5119488,0.1516576,1.867212
55,25,080,Neck,0.489129,0.4806992,1.863983
55,25,080,Head,0.5765446,0.5751429,1.876204
55,25,080,ShoulderLeft,0.3980729,0.3208931,1.760453
55,25,080,ElbowLeft,0.310883,0.06766786,1.756272
55,25,080,WristLeft,0.3094532,-0.1682078,1.746472
55,25,080,HandLeft,0.3202336,-0.2451891,1.762062
55,25,080,ShoulderRight,0.5693509,0.3330466,1.956826
55,25,080,ElbowRight,0.6569036,0.07853993,1.997249
55,25,080,WristRight,0.78233,-0.06627885,1.930339
55,25,080,HandRight,0.8389348,-0.1098906,1.880245
55,25,080,HipLeft,0.4745976,-0.1763767,1.785489
55,25,080,KneeLeft,0.6219642,-0.4619662,1.681607
55,25,080,AnkleLeft,0.7470921,-0.7756735,1.639328
55,25,080,FootLeft,0.8088676,-0.8092731,1.546325
55,25,080,HipRight,0.5732511,-0.1989528,1.857359
55,25,080,KneeRight,0.568899,-0.5096074,1.756232
55,25,080,AnkleRight,0.3902936,-0.8042288,1.898067
55,25,080,FootRight,0.3941975,-0.9158276,1.877309
55,25,080,SpineShoulder,0.4952163,0.4002103,1.866911
55,25,080,HandTipLeft,0.302331,-0.3101619,1.773922
55,25,080,ThumbLeft,0.3486194,-0.2435896,1.756667
55,25,080,HandTipRight,0.8749309,-0.1555494,1.85072
55,25,080,ThumbRight,0.8472741,-0.1414362,1.87337
55,25,114,SpineBase,0.5821791,-0.1833515,1.82924
55,25,114,SpineMid,0.553959,0.1487095,1.841979
55,25,114,Neck,0.5214972,0.4694744,1.842689
55,25,114,Head,0.6067328,0.567121,1.856232
55,25,114,ShoulderLeft,0.4253976,0.3117217,1.739437
55,25,114,ElbowLeft,0.341045,0.0485162,1.726765
55,25,114,WristLeft,0.3478254,-0.1731187,1.722959
55,25,114,HandLeft,0.3560783,-0.2540385,1.743389
55,25,114,ShoulderRight,0.6015751,0.3218158,1.935527
55,25,114,ElbowRight,0.6900836,0.06762471,1.974676
55,25,114,WristRight,0.8113675,-0.08197369,1.911917
55,25,114,HandRight,0.8696826,-0.116969,1.856032
55,25,114,HipLeft,0.5249239,-0.1696567,1.748942
55,25,114,KneeLeft,0.6486585,-0.4454505,1.655071
55,25,114,AnkleLeft,0.7735492,-0.7592916,1.612827
55,25,114,FootLeft,0.8339888,-0.7924825,1.5187
55,25,114,HipRight,0.6141814,-0.1909933,1.843393
55,25,114,KneeRight,0.5264395,-0.5259327,1.878153
55,25,114,AnkleRight,0.3633825,-0.859138,1.921127
55,25,114,FootRight,0.3965032,-0.9354779,1.873361
55,25,114,SpineShoulder,0.5298846,0.3908793,1.844756
55,25,114,HandTipLeft,0.3403457,-0.3203899,1.752485
55,25,114,ThumbLeft,0.3773873,-0.2631886,1.734333
55,25,114,HandTipRight,0.9054241,-0.1584921,1.828022
55,25,114,ThumbRight,0.8840455,-0.153323,1.852715
55,25,144,SpineBase,0.6032656,-0.190056,1.814984
55,25,144,SpineMid,0.5771731,0.1412261,1.826932
55,25,145,Neck,0.5491629,0.4597552,1.825147
55,25,145,Head,0.6371929,0.5535221,1.833851
55,25,145,ShoulderLeft,0.4695926,0.3011627,1.715471
55,25,145,ElbowLeft,0.3816736,0.03646041,1.697981
55,25,145,WristLeft,0.3849272,-0.1741585,1.705857
55,25,145,HandLeft,0.3949897,-0.2615511,1.721726
55,25,145,ShoulderRight,0.6291147,0.312096,1.917982
55,25,145,ElbowRight,0.7163489,0.05787917,1.958046
55,25,145,WristRight,0.8423822,-0.08610222,1.882275
55,25,145,HandRight,0.8845132,-0.1213811,1.840535
55,25,145,HipLeft,0.544412,-0.1757916,1.739704
55,25,145,KneeLeft,0.681536,-0.463928,1.626303
55,25,145,AnkleLeft,0.7492666,-0.7803745,1.606484
55,25,145,FootLeft,0.8140477,-0.8134266,1.517346
55,25,145,HipRight,0.6413646,-0.1981322,1.820712
55,25,145,KneeRight,0.5545635,-0.5292009,1.871804
55,25,145,AnkleRight,0.3745976,-0.8541293,1.916495
55,25,145,FootRight,0.3996639,-0.9293548,1.871005
55,25,145,SpineShoulder,0.5567417,0.3817863,1.827692
55,25,145,HandTipLeft,0.383644,-0.3255169,1.725481
55,25,145,ThumbLeft,0.419954,-0.2509226,1.729429
55,25,145,HandTipRight,0.9230539,-0.1754681,1.81094
55,25,145,ThumbRight,0.8982241,-0.1544122,1.84325
55,25,180,SpineBase,0.6234547,-0.2461883,1.749205
55,25,180,SpineMid,0.6045792,0.1141637,1.782093
55,25,180,Neck,0.5753089,0.4604639,1.806285
55,25,180,Head,0.6656815,0.5531006,1.815175
55,25,180,ShoulderLeft,0.4871178,0.3002371,1.704823
55,25,180,ElbowLeft,0.4119926,0.03968453,1.672512
55,25,180,WristLeft,0.4299341,-0.2286962,1.689062
55,25,180,HandLeft,0.4339803,-0.2890079,1.698932
55,25,180,ShoulderRight,0.6551465,0.3127692,1.899149
55,25,180,ElbowRight,0.7427272,0.05863653,1.938762
55,25,180,WristRight,0.8626198,-0.1010628,1.863708
55,25,180,HandRight,0.9129897,-0.1432376,1.811809
55,25,180,HipLeft,0.5547266,-0.234151,1.720357
55,25,180,KneeLeft,0.7187792,-0.4075225,1.602959
55,25,180,AnkleLeft,0.7450162,-0.7430227,1.592184
55,25,180,FootLeft,0.8069041,-0.7759879,1.499044
55,25,180,HipRight,0.6684589,-0.2488703,1.711629
55,25,180,KneeRight,0.6068672,-0.549445,1.844006
55,25,180,AnkleRight,0.430137,-0.8235399,1.903226
55,25,180,FootRight,0.4270279,-0.9109827,1.869491
55,25,180,SpineShoulder,0.5833374,0.3768103,1.803273
55,25,180,HandTipLeft,0.4210045,-0.3564699,1.714376
55,25,180,ThumbLeft,0.4628745,-0.2997178,1.701167
55,25,180,HandTipRight,0.9433604,-0.183654,1.777505
55,25,180,ThumbRight,0.9174905,-0.170036,1.829467
55,25,212,SpineBase,0.6358085,-0.2362779,1.741433
55,25,212,SpineMid,0.6182321,0.1199793,1.773635
55,25,212,Neck,0.6005551,0.4631348,1.790346
55,25,212,Head,0.6930156,0.5533832,1.796535
55,25,212,ShoulderLeft,0.5155677,0.302618,1.68964
55,25,212,ElbowLeft,0.4524139,0.05047111,1.666803
55,25,212,WristLeft,0.4624085,-0.2225119,1.646787
55,25,212,HandLeft,0.4802027,-0.3018589,1.662609
55,25,212,ShoulderRight,0.6802832,0.3154077,1.883245
55,25,212,ElbowRight,0.7672186,0.06120271,1.923208
55,25,212,WristRight,0.8816454,-0.123037,1.843927
55,25,212,HandRight,0.9211807,-0.1610666,1.799174
55,25,212,HipLeft,0.5678732,-0.2300135,1.710215
55,25,212,KneeLeft,0.7341411,-0.4560194,1.582538
55,25,212,AnkleLeft,0.7742356,-0.8013363,1.563389
55,25,212,FootLeft,0.7982156,-0.8918566,1.58672
55,25,212,HipRight,0.6808033,-0.2316494,1.705772
55,25,212,KneeRight,0.6278064,-0.4923481,1.830435
55,25,212,AnkleRight,0.4574365,-0.8124318,1.895622
55,25,212,FootRight,0.4568375,-0.8916748,1.859275
55,25,212,SpineShoulder,0.605304,0.3797286,1.788761
55,25,212,HandTipLeft,0.4630019,-0.3535013,1.672894
55,25,212,ThumbLeft,0.5012612,-0.2860807,1.653273
55,25,212,HandTipRight,0.9487308,-0.2054826,1.763537
55,25,212,ThumbRight,0.9303877,-0.1949777,1.809105
55,25,246,SpineBase,0.6572634,-0.2386523,1.707396
55,25,246,SpineMid,0.6438177,0.1248336,1.749939
55,25,246,Neck,0.6270993,0.4734067,1.77705
55,25,247,Head,0.7229453,0.560952,1.782451
55,25,247,ShoulderLeft,0.5391943,0.303288,1.675049
55,25,247,ElbowLeft,0.4925997,0.07393979,1.645487
55,25,247,WristLeft,0.4962969,-0.1995057,1.627509
55,25,247,HandLeft,0.5268227,-0.286523,1.62207
55,25,247,ShoulderRight,0.7067204,0.3256343,1.870005
55,25,247,ElbowRight,0.7936276,0.07138351,1.909962
55,25,247,WristRight,0.8875133,-0.1335277,1.834799
55,25,247,HandRight,0.9274687,-0.1866221,1.786198
55,25,247,HipLeft,0.5818033,-0.231105,1.693336
55,25,247,KneeLeft,0.7372018,-0.4595424,1.576919
55,25,247,AnkleLeft,0.7772571,-0.8048282,1.557778
55,25,247,FootLeft,0.8022939,-0.8908033,1.583231
55,25,247,HipRight,0.7056254,-0.2370341,1.65535
55,25,247,KneeRight,0.6314867,-0.5345512,1.790962
55,25,247,AnkleRight,0.5073731,-0.8097118,1.877578
55,25,247,FootRight,0.5027213,-0.8758909,1.894752
55,25,247,SpineShoulder,0.6317872,0.388284,1.772628
55,25,247,HandTipLeft,0.5173616,-0.3534597,1.641079
55,25,247,ThumbLeft,0.5400888,-0.2472971,1.6025
55,25,247,HandTipRight,0.9462412,-0.2338049,1.748977
55,25,247,ThumbRight,0.9336686,-0.2164963,1.814111
55,25,278,SpineBase,0.6810371,-0.2339881,1.701303
55,25,278,SpineMid,0.6680871,0.1336807,1.740647
55,25,278,Neck,0.6511651,0.4870951,1.765737
55,25,278,Head,0.7475995,0.5746938,1.770235
55,25,278,ShoulderLeft,0.569827,0.3186093,1.661187
55,25,278,ElbowLeft,0.5417026,0.06378835,1.627599
55,25,278,WristLeft,0.566523,-0.1341496,1.585954
55,25,278,HandLeft,0.5902327,-0.1869473,1.597119
55,25,278,ShoulderRight,0.7306939,0.3392725,1.858756
55,25,278,ElbowRight,0.8172702,0.0848657,1.898878
55,25,278,WristRight,0.8951094,-0.1525962,1.817013
55,25,278,HandRight,0.9246709,-0.2080718,1.785196
55,25,278,HipLeft,0.5996853,-0.2263189,1.693869
55,25,278,KneeLeft,0.7490961,-0.4081929,1.567349
55,25,278,AnkleLeft,0.7381868,-0.686454,1.592772
55,25,278,FootLeft,0.8014691,-0.7206772,1.501372
55,25,278,HipRight,0.7392898,-0.2325067,1.640148
55,25,278,KneeRight,0.693497,-0.5373235,1.770416
55,25,278,AnkleRight,0.5473623,-0.7666742,1.824056
55,25,278,FootRight,0.5567912,-0.8565339,1.863238
55,25,278,SpineShoulder,0.6560731,0.4006646,1.761619
55,25,278,HandTipLeft,0.5923062,-0.2619108,1.573232
55,25,278,ThumbLeft,0.6278051,-0.1529915,1.554073
55,25,278,HandTipRight,0.9393961,-0.2612292,1.754677
55,25,278,ThumbRight,0.9248031,-0.2400069,1.804808
55,25,312,SpineBase,0.6999341,-0.2264424,1.700985
55,25,312,SpineMid,0.6878433,0.1417866,1.73544
55,25,312,Neck,0.6721237,0.4958364,1.755591
55,25,312,Head,0.7695513,0.5830135,1.759529
55,25,312,ShoulderLeft,0.5906769,0.3281529,1.650289
55,25,312,ElbowLeft,0.5645498,0.06399471,1.605882
55,25,312,WristLeft,0.5902277,-0.133879,1.565047
55,25,312,HandLeft,0.5974448,-0.1500401,1.589141
55,25,312,ShoulderRight,0.7515698,0.3479798,1.848658
55,25,312,ElbowRight,0.837992,0.09357532,1.88884
55,25,312,WristRight,0.8981823,-0.1602978,1.802001
55,25,312,HandRight,0.9176904,-0.2302377,1.777312
55,25,312,HipLeft,0.645286,-0.2039244,1.678181
55,25,312,KneeLeft,0.7681245,-0.4114404,1.566589
55,25,312,AnkleLeft,0.7488,-0.6749543,1.596639
55,25,312,FootLeft,0.8119758,-0.709675,1.505537
55,25,312,HipRight,0.7441041,-0.2319272,1.647859
55,25,312,KneeRight,0.6862359,-0.453788,1.734532
55,25,313,AnkleRight,0.6183537,-0.8056529,1.837305
55,25,313,FootRight,0.685066,-0.839461,1.745176
55,25,313,SpineShoulder,0.6766993,0.4092266,1.752731
55,25,313,HandTipLeft,0.6130325,-0.2309874,1.581011
55,25,313,ThumbLeft,0.6301407,-0.1658634,1.535
55,25,313,HandTipRight,0.9253393,-0.2878257,1.767177
55,25,313,ThumbRight,0.9054415,-0.2318716,1.805182
55,25,346,SpineBase,0.7106611,-0.2176721,1.696663
55,25,346,SpineMid,0.7038088,0.1513003,1.728331
55,25,346,Neck,0.693257,0.5053415,1.746135
55,25,346,Head,0.7915758,0.5922186,1.749547
55,25,346,ShoulderLeft,0.6074285,0.3339081,1.639803
55,25,346,ElbowLeft,0.601985,0.06191571,1.576293
55,25,346,WristLeft,0.6579624,-0.1889971,1.525839
55,25,347,HandLeft,0.6684672,-0.252525,1.52983
55,25,347,ShoulderRight,0.7726215,0.3574522,1.839254
55,25,347,ElbowRight,0.8588144,0.1030206,1.879533
55,25,347,WristRight,0.8884251,-0.1568536,1.793262
55,25,347,HandRight,0.9060241,-0.2405513,1.766709
55,25,347,HipLeft,0.6476972,-0.2023784,1.676309
55,25,347,KneeLeft,0.7592091,-0.4165056,1.563798
55,25,347,AnkleLeft,0.732112,-0.6638947,1.599318
55,25,347,FootLeft,0.7947327,-0.6991307,1.507361
55,25,347,HipRight,0.7506816,-0.2234778,1.648593
55,25,347,KneeRight,0.6980589,-0.4663687,1.690161
55,25,347,AnkleRight,0.6737664,-0.8156349,1.81316
55,25,347,FootRight,0.7247353,-0.8964227,1.727862
55,25,347,SpineShoulder,0.6965783,0.4188011,1.743782
55,25,347,HandTipLeft,0.688324,-0.3294267,1.540787
55,25,347,ThumbLeft,0.6591588,-0.262261,1.47635
55,25,347,HandTipRight,0.9070505,-0.3054768,1.766168
55,25,347,ThumbRight,0.932343,-0.2329709,1.749857
55,25,378,SpineBase,0.8008261,-0.2110233,1.77087
55,25,378,SpineMid,0.7619714,0.1577608,1.758484
55,25,378,Neck,0.7077554,0.5097333,1.73861
55,25,378,Head,0.8067587,0.5963476,1.741759
55,25,378,ShoulderLeft,0.6202936,0.3370079,1.631502
55,25,378,ElbowLeft,0.6132737,0.07207168,1.564108
55,25,378,WristLeft,0.6822979,-0.1344295,1.506205
55,25,378,HandLeft,0.6864774,-0.1904779,1.524243
55,25,378,ShoulderRight,0.7870613,0.3618252,1.83176
55,25,378,ElbowRight,0.873105,0.1074212,1.872087
55,25,378,WristRight,0.8964478,-0.1540624,1.789061
55,25,378,HandRight,0.8957509,-0.2396114,1.751303
55,25,378,HipLeft,0.7369586,-0.2045062,1.748369
55,25,379,KneeLeft,0.7512991,-0.4227357,1.575788
55,25,379,AnkleLeft,0.7488828,-0.7463965,1.601197
55,25,379,FootLeft,0.7533811,-0.8369017,1.64052
55,25,379,HipRight,0.8355311,-0.2098618,1.728952
55,25,379,KneeRight,0.7520654,-0.5484123,1.669255
55,25,379,AnkleRight,0.7287691,-0.8474174,1.790151
55,25,379,FootRight,0.7583008,-0.8862305,1.69043
55,25,379,SpineShoulder,0.7189735,0.4236699,1.742216
55,25,379,HandTipLeft,0.6982104,-0.2570036,1.478821
55,25,379,ThumbLeft,0.6602013,-0.2094142,1.555057
55,25,379,HandTipRight,0.8939071,-0.3028215,1.743672
55,25,379,ThumbRight,0.9189023,-0.2454073,1.740455
55,25,413,SpineBase,0.8159406,-0.2127766,1.769301
55,25,413,SpineMid,0.7706938,0.1564366,1.75685
55,25,413,Neck,0.7208369,0.5098668,1.733019
55,25,413,Head,0.8203085,0.5961998,1.735777
55,25,413,ShoulderLeft,0.6353208,0.3387555,1.623559
55,25,413,ElbowLeft,0.6302939,0.09063575,1.546813
55,25,413,WristLeft,0.707862,-0.1281524,1.488215
55,25,413,HandLeft,0.7177908,-0.2087472,1.500293
55,25,413,ShoulderRight,0.8000869,0.3619565,1.826185
55,25,413,ElbowRight,0.8860092,0.1075512,1.866557
55,25,413,WristRight,0.9088786,-0.1540043,1.783665
55,25,413,HandRight,0.9096055,-0.2297775,1.730478
55,25,413,HipLeft,0.7561224,-0.2095639,1.748979
55,25,413,KneeLeft,0.7532094,-0.4720079,1.619601
55,25,413,AnkleLeft,0.7525461,-0.8318269,1.611463
55,25,413,FootLeft,0.7823037,-0.874154,1.656173
55,25,413,HipRight,0.8473027,-0.2090217,1.725852
55,25,413,KneeRight,0.7562097,-0.5492975,1.66776
55,25,413,AnkleRight,0.7814837,-0.8231893,1.761566
55,25,413,FootRight,0.7805591,-0.8786711,1.661872
55,25,413,SpineShoulder,0.7333671,0.4233279,1.739267
55,25,413,HandTipLeft,0.7191828,-0.2735973,1.47653
55,25,413,ThumbLeft,0.7127438,-0.2131285,1.539814
55,25,414,HandTipRight,0.9185265,-0.2902167,1.73737
55,25,414,ThumbRight,0.9173891,-0.2355489,1.781548
55,25,444,SpineBase,0.7996578,-0.2191169,1.714163
55,25,444,SpineMid,0.7726325,0.1530541,1.737785
55,25,444,Neck,0.7312442,0.5085166,1.729259
55,25,444,Head,0.8300767,0.5956419,1.731636
55,25,444,ShoulderLeft,0.6415554,0.3401395,1.62104
55,25,444,ElbowLeft,0.6592349,0.09439475,1.534972
55,25,444,WristLeft,0.744891,-0.1334762,1.440255
55,25,444,HandLeft,0.7599863,-0.1955893,1.438548
55,25,444,ShoulderRight,0.8104486,0.360611,1.822434
55,25,444,ElbowRight,0.8962528,0.1062795,1.862823
55,25,444,WristRight,0.9190572,-0.1552065,1.779976
55,25,444,HandRight,0.928311,-0.2421898,1.755786
55,25,444,HipLeft,0.7326913,-0.2166823,1.709243
55,25,444,KneeLeft,0.7391459,-0.442727,1.548883
55,25,444,AnkleLeft,0.748082,-0.7048086,1.588679
55,25,444,FootLeft,0.8101893,-0.7388843,1.496479
55,25,444,HipRight,0.8376097,-0.2130996,1.656491
55,25,444,KneeRight,0.6856115,-0.5257357,1.573699
55,25,444,AnkleRight,0.7817499,-0.8215922,1.758871
55,25,444,FootRight,0.788498,-0.8619117,1.617977
55,25,445,SpineShoulder,0.7411714,0.4218604,1.734144
55,25,445,HandTipLeft,0.7802041,-0.2549244,1.448843
55,25,445,ThumbLeft,0.745681,-0.1413344,1.521286
55,25,445,HandTipRight,0.9372122,-0.3025788,1.762694
55,25,445,ThumbRight,0.9360515,-0.247862,1.806892
55,25,480,SpineBase,0.8007254,-0.219869,1.713859
55,25,480,SpineMid,0.7755707,0.1508654,1.733425
55,25,480,Neck,0.739996,0.5060244,1.72697
55,25,480,Head,0.8382828,0.5936183,1.728783
55,25,480,ShoulderLeft,0.6486247,0.3393385,1.619745
55,25,480,ElbowLeft,0.6715706,0.09389545,1.529186
55,25,480,WristLeft,0.754886,-0.06706156,1.433465
55,25,480,HandLeft,0.787765,-0.1488551,1.408648
55,25,480,ShoulderRight,0.8191612,0.3581292,1.820147
55,25,480,ElbowRight,0.9048852,0.1038236,1.860557
55,25,480,WristRight,0.9276267,-0.157647,1.777721
55,25,480,HandRight,0.915331,-0.258196,1.720072
55,25,480,HipLeft,0.7358886,-0.2184639,1.706954
55,25,481,KneeLeft,0.7362895,-0.4558789,1.5691
55,25,481,AnkleLeft,0.7528107,-0.7378491,1.591652
55,25,481,FootLeft,0.8145052,-0.7716641,1.499274
55,25,481,HipRight,0.8377202,-0.2134013,1.656743
55,25,481,KneeRight,0.7257553,-0.4538476,1.572804
55,25,481,AnkleRight,0.7757518,-0.7802949,1.73544
55,25,481,FootRight,0.7957458,-0.8530607,1.620664
55,25,481,SpineShoulder,0.748929,0.4192519,1.730836
55,25,481,HandTipLeft,0.8189921,-0.2076888,1.401542
55,25,481,ThumbLeft,0.8111951,-0.1463905,1.415364
55,25,481,HandTipRight,0.9118505,-0.2889678,1.715605
55,25,481,ThumbRight,0.9075813,-0.2847115,1.713667
55,25,512,SpineBase,0.8518497,-0.2161843,1.756285
55,25,512,SpineMid,0.797738,0.1493866,1.743545
55,25,512,Neck,0.7471362,0.5038727,1.7269
55,25,512,Head,0.8437232,0.5926605,1.727504
55,25,512,ShoulderLeft,0.6536889,0.3393795,1.621246
55,25,512,ElbowLeft,0.6808115,0.09388207,1.524511
55,25,512,WristLeft,0.7929662,-0.08481915,1.412579
55,25,512,HandLeft,0.827441,-0.1452944,1.379957
55,25,512,ShoulderRight,0.8262707,0.3559915,1.820077
55,25,512,ElbowRight,0.9119156,0.1017646,1.860488
55,25,512,WristRight,0.9170471,-0.1436862,1.732435
55,25,512,HandRight,0.9096001,-0.2179899,1.706969
55,25,512,HipLeft,0.7698786,-0.2206119,1.781076
55,25,512,KneeLeft,0.7346992,-0.4298635,1.583425
55,25,512,AnkleLeft,0.752872,-0.7383741,1.591724
55,25,512,FootLeft,0.8140247,-0.7720288,1.498597
55,25,512,HipRight,0.9030042,-0.2039085,1.667747
55,25,512,KneeRight,0.7166927,-0.4416609,1.579071
55,25,512,AnkleRight,0.7962024,-0.8049523,1.610694
55,25,512,FootRight,0.8570049,-0.8378395,1.518107
55,25,512,SpineShoulder,0.7593763,0.4169972,1.732365
55,25,513,HandTipLeft,0.8760852,-0.1995704,1.389167
55,25,513,ThumbLeft,0.8185291,-0.1514414,1.41916
55,25,513,HandTipRight,0.9206049,-0.2890447,1.687286
55,25,513,ThumbRight,0.9438671,-0.1901935,1.7052
55,25,546,SpineBase,0.8684254,-0.2001975,1.783743
55,25,546,SpineMid,0.8132977,0.1553507,1.758729
55,25,546,Neck,0.7540954,0.5028267,1.728302
55,25,546,Head,0.8482765,0.5925303,1.726239
55,25,546,ShoulderLeft,0.6598166,0.3414345,1.626498
55,25,546,ElbowLeft,0.6846486,0.09833258,1.527391
55,25,547,WristLeft,0.7963121,-0.05627819,1.414051
55,25,547,HandLeft,0.8439751,-0.1016197,1.356702
55,25,547,ShoulderRight,0.8332023,0.3549605,1.82148
55,25,547,ElbowRight,0.9187851,0.1007818,1.861899
55,25,547,WristRight,0.9184904,-0.1440119,1.732309
55,25,547,HandRight,0.9139455,-0.2193768,1.701304
55,25,547,HipLeft,0.7872404,-0.2070982,1.799169
55,25,547,KneeLeft,0.7344058,-0.4333671,1.58481
55,25,547,AnkleLeft,0.7523644,-0.7397621,1.592001
55,25,547,FootLeft,0.8127636,-0.773703,1.498219
55,25,547,HipRight,0.9184232,-0.1855468,1.707194
55,25,547,KneeRight,0.722813,-0.4647783,1.582106
55,25,547,AnkleRight,0.8023739,-0.8279468,1.612776
55,25,547,FootRight,0.8623986,-0.8608373,1.519689
55,25,547,SpineShoulder,0.768793,0.4170878,1.73652
55,25,547,HandTipLeft,0.900492,-0.1473715,1.350638
55,25,547,ThumbLeft,0.8268243,-0.09428911,1.4314
55,25,547,HandTipRight,0.9086117,-0.2888597,1.681622
55,25,547,ThumbRight,0.9526545,-0.1617855,1.704
55,25,579,SpineBase,0.8589929,-0.156335,1.76542
55,25,579,SpineMid,0.8153433,0.1667975,1.758287
55,25,579,Neck,0.7614828,0.5022876,1.732452
55,25,579,Head,0.8497298,0.5941035,1.72507
55,25,579,ShoulderLeft,0.6634029,0.3463432,1.637035
55,25,579,ElbowLeft,0.6873003,0.1013465,1.534037
55,25,579,WristLeft,0.7940749,-0.02181102,1.408641
55,25,579,HandLeft,0.8446857,-0.05785071,1.346551
55,25,579,ShoulderRight,0.8405631,0.354443,1.825628
55,25,579,ElbowRight,0.9260984,0.1002934,1.866059
55,25,579,WristRight,0.9568638,-0.104109,1.737866
55,25,579,HandRight,0.9550939,-0.1817174,1.698873
55,25,579,HipLeft,0.7973943,-0.1553275,1.706611
55,25,579,KneeLeft,0.7343253,-0.4351238,1.587112
55,25,579,AnkleLeft,0.7598062,-0.7454695,1.596569
55,25,579,FootLeft,0.818525,-0.7791662,1.500903
55,25,579,HipRight,0.8887804,-0.1483025,1.759074
55,25,579,KneeRight,0.7190486,-0.4385717,1.59473
55,25,579,AnkleRight,0.801683,-0.8023784,1.615689
55,25,579,FootRight,0.8600502,-0.8354523,1.520493
55,25,579,SpineShoulder,0.7745208,0.4191962,1.739769
55,25,579,HandTipLeft,0.8874038,-0.09328102,1.313175
55,25,579,ThumbLeft,0.8508848,-0.0302941,1.354286
55,25,579,HandTipRight,0.9762182,-0.2350934,1.657032
55,25,579,ThumbRight,0.9946645,-0.2176574,1.676455
55,25,614,SpineBase,0.8430523,-0.1464281,1.73681
55,25,614,SpineMid,0.8125591,0.1751355,1.751255
55,25,614,Neck,0.7659236,0.5018404,1.736137
55,25,614,Head,0.8508037,0.5940806,1.725269
55,25,614,ShoulderLeft,0.6619922,0.3500662,1.647904
55,25,614,ElbowLeft,0.6863375,0.09926306,1.545726
55,25,614,WristLeft,0.7994331,-0.002074427,1.406478
55,25,614,HandLeft,0.8467568,-0.02694488,1.341354
55,25,614,ShoulderRight,0.8449889,0.3540124,1.82931
55,25,614,ElbowRight,0.9304758,0.09994765,1.869732
55,25,614,WristRight,0.9655481,-0.05753303,1.740836
55,25,614,HandRight,0.961703,-0.1290746,1.715873
55,25,614,HipLeft,0.7791272,-0.1402733,1.671973
55,25,614,KneeLeft,0.7340207,-0.4365631,1.589549
55,25,614,AnkleLeft,0.7594495,-0.7456138,1.596938
55,25,614,FootLeft,0.8159474,-0.7790154,1.498761
55,25,614,HipRight,0.8762847,-0.1456355,1.738039
55,25,614,KneeRight,0.7558078,-0.4703759,1.610972
55,25,614,AnkleRight,0.9385487,-0.7762508,1.758972
55,25,614,FootRight,0.9223633,-0.8793945,1.729492
55,25,614,SpineShoulder,0.7767642,0.4202361,1.741076
55,25,614,HandTipLeft,0.8866848,-0.04860048,1.303745
55,25,614,ThumbLeft,0.8856381,-0.06513006,1.326643
55,25,614,HandTipRight,0.9827273,-0.193067,1.661384
55,25,614,ThumbRight,1.010642,-0.1789587,1.702
55,25,648,SpineBase,0.8442475,-0.1450413,1.738153
55,25,648,SpineMid,0.8131054,0.1774474,1.751927
55,25,648,Neck,0.7704431,0.5006346,1.743079
55,25,649,Head,0.8487803,0.59448,1.727725
55,25,649,ShoulderLeft,0.6588585,0.3540013,1.669355
55,25,649,ElbowLeft,0.6565087,0.1214072,1.57959
55,25,649,WristLeft,0.7945691,0.01125299,1.41459
55,25,649,HandLeft,0.8385138,-0.001174832,1.3531
55,25,649,ShoulderRight,0.8494949,0.3528346,1.836243
55,25,649,ElbowRight,0.9349444,0.09886245,1.87665
55,25,649,WristRight,0.9654853,-0.0548081,1.741693
55,25,649,HandRight,0.9606403,-0.1270099,1.704723
55,25,649,HipLeft,0.7801091,-0.1393796,1.673091
55,25,649,KneeLeft,0.7353784,-0.437444,1.595283
55,25,649,AnkleLeft,0.759081,-0.7453026,1.597804
55,25,649,FootLeft,0.8113652,-0.7786556,1.49555
55,25,649,HipRight,0.8774924,-0.1442399,1.739455
55,25,649,KneeRight,0.825111,-0.4175622,1.621183
55,25,649,AnkleRight,0.9550273,-0.7271908,1.754689
55,25,649,FootRight,0.934082,-0.8212891,1.740234
55,25,649,SpineShoulder,0.780533,0.4209784,1.746237
55,25,649,HandTipLeft,0.8738374,-0.01856649,1.307396
55,25,649,ThumbLeft,0.8570281,-0.03234801,1.3515
55,25,649,HandTipRight,0.9817833,-0.1913061,1.651512
55,25,649,ThumbRight,1.003916,-0.1681785,1.687923
55,25,680,SpineBase,0.8457594,-0.1449777,1.739306
55,25,680,SpineMid,0.8138118,0.1776942,1.753049
55,25,680,Neck,0.7739516,0.4960999,1.750961
55,25,680,Head,0.8461983,0.5912974,1.731312
55,25,680,ShoulderLeft,0.6536053,0.3563323,1.688756
55,25,680,ElbowLeft,0.6469609,0.1246765,1.595198
55,25,680,WristLeft,0.800096,0.01837582,1.409692
55,25,680,HandLeft,0.8361799,0.01276227,1.360533
55,25,680,ShoulderRight,0.852991,0.3483386,1.844106
55,25,680,ElbowRight,0.9384289,0.09443399,1.884494
55,25,680,WristRight,0.9664377,-0.05489061,1.743842
55,25,680,HandRight,0.9568542,-0.1217573,1.69807
55,25,680,HipLeft,0.7816282,-0.1385896,1.674996
55,25,680,KneeLeft,0.7372835,-0.443157,1.605217
55,25,680,AnkleLeft,0.7601755,-0.7462605,1.59955
55,25,680,FootLeft,0.8084634,-0.779477,1.493814
55,25,680,HipRight,0.879187,-0.1450354,1.740155
55,25,680,KneeRight,0.8465736,-0.4912851,1.639113
55,25,680,AnkleRight,0.9599674,-0.7169958,1.75401
55,25,680,FootRight,0.9398848,-0.824284,1.743604
55,25,680,SpineShoulder,0.7837892,0.4183316,1.752541
55,25,680,HandTipLeft,0.8780551,0.0006818009,1.328051
55,25,680,ThumbLeft,0.8655031,-0.02185294,1.359154
55,25,680,HandTipRight,0.979531,-0.1869287,1.645684
55,25,680,ThumbRight,1.007477,-0.1635748,1.6875
55,25,712,SpineBase,0.8486383,-0.1407821,1.742607
55,25,712,SpineMid,0.8153325,0.1785169,1.756321
55,25,712,Neck,0.7769383,0.4896517,1.759308
55,25,712,Head,0.8460025,0.5922456,1.732349
55,25,712,ShoulderLeft,0.6483422,0.3531233,1.708572
55,25,712,ElbowLeft,0.6314462,0.1247109,1.627899
55,25,712,WristLeft,0.7903746,0.02642882,1.422325
55,25,712,HandLeft,0.827568,0.01904391,1.373704
55,25,712,ShoulderRight,0.9853152,0.3617993,1.870548
55,25,712,ElbowRight,1.094396,0.1166166,1.902071
55,25,712,WristRight,1.030919,-0.1215319,1.77436
55,25,712,HandRight,1.041999,-0.1774286,1.732187
55,25,712,HipLeft,0.7818488,-0.1331985,1.680411
55,25,712,KneeLeft,0.7426899,-0.4439452,1.609533
55,25,712,AnkleLeft,0.762808,-0.7204027,1.601519
55,25,712,FootLeft,0.7925186,-0.7538723,1.483773
55,25,712,HipRight,0.8849513,-0.1417213,1.741986
55,25,712,KneeRight,0.8622416,-0.4862624,1.645146
55,25,712,AnkleRight,0.9703075,-0.7119723,1.758172
55,25,712,FootRight,0.9540275,-0.8212036,1.750548
55,25,712,SpineShoulder,0.7867731,0.4141898,1.759879
55,25,712,HandTipLeft,0.8722984,0.01241473,1.341023
55,25,712,ThumbLeft,0.8474644,-0.01551811,1.3695
55,25,712,HandTipRight,1.019726,-0.2595256,1.705207
55,25,713,ThumbRight,1.032186,-0.2003558,1.716429
55,25,749,SpineBase,0.8507084,-0.1387182,1.746382
55,25,749,SpineMid,0.8169678,0.1774453,1.760989
55,25,749,Neck,0.7789665,0.4818312,1.766466
55,25,749,Head,0.843798,0.5927811,1.733076
55,25,749,ShoulderLeft,0.6425102,0.3506607,1.730657
55,25,749,ElbowLeft,0.6139136,0.1419022,1.679922
55,25,749,WristLeft,0.7608503,0.04218304,1.465703
55,25,749,HandLeft,0.8131942,0.01335375,1.393281
55,25,749,ShoulderRight,0.9853423,0.3627983,1.867632
55,25,749,ElbowRight,1.091514,0.11455,1.89001
55,25,749,WristRight,1.02861,-0.1246712,1.764142
55,25,749,HandRight,1.038419,-0.1915799,1.721314
55,25,749,HipLeft,0.7811959,-0.1317328,1.688167
55,25,749,KneeLeft,0.7509243,-0.4406872,1.61731
55,25,749,AnkleLeft,0.7636212,-0.7181213,1.60284
55,25,749,FootLeft,0.7869936,-0.7515123,1.482183
55,25,749,HipRight,0.88972,-0.13909,1.743334
55,25,749,KneeRight,0.8875991,-0.4621356,1.654045
55,25,749,AnkleRight,0.9708716,-0.711854,1.759347
55,25,749,FootRight,0.9922782,-0.746668,1.639094
55,25,749,SpineShoulder,0.7889916,0.4079805,1.766852
55,25,749,HandTipLeft,0.8481653,0.004178557,1.366553
55,25,749,ThumbLeft,0.8174149,-0.01934948,1.388786
55,25,749,HandTipRight,1.018275,-0.26503,1.710932
55,25,749,ThumbRight,1.012719,-0.2697565,1.705
55,25,778,SpineBase,0.8485904,-0.1374167,1.750977
55,25,779,SpineMid,0.8170162,0.1752649,1.766976
55,25,779,Neck,0.78219,0.4741685,1.77415
55,25,779,Head,0.8361948,0.5932916,1.734047
55,25,779,ShoulderLeft,0.6399275,0.3503162,1.751506
55,25,779,ElbowLeft,0.6146647,0.1364317,1.694777
55,25,779,WristLeft,0.7524701,0.03321518,1.475927
55,25,779,HandLeft,0.7966615,-0.003397238,1.416487
55,25,779,ShoulderRight,0.9890389,0.3610865,1.862234
55,25,779,ElbowRight,1.08224,0.1049124,1.86518
55,25,779,WristRight,1.020363,-0.1351722,1.74055
55,25,779,HandRight,1.033842,-0.1861953,1.713911
55,25,779,HipLeft,0.7733434,-0.130896,1.701184
55,25,779,KneeLeft,0.7559028,-0.4395609,1.625803
55,25,779,AnkleLeft,0.7837162,-0.7495393,1.604576
55,25,779,FootLeft,0.8000325,-0.7824317,1.481674
55,25,779,HipRight,0.8898086,-0.1385639,1.743598
55,25,779,KneeRight,0.8877261,-0.4558833,1.655034
55,25,779,AnkleRight,0.9727204,-0.7125392,1.7608
55,25,779,FootRight,0.9872634,-0.7472746,1.638017
55,25,779,SpineShoulder,0.791406,0.4015645,1.774311
55,25,779,HandTipLeft,0.8448002,-0.01724494,1.398966
55,25,779,ThumbLeft,0.8428921,-0.04571542,1.4524
55,25,779,HandTipRight,0.9953465,-0.2801667,1.683583
55,25,779,ThumbRight,0.9920102,-0.2769402,1.678
55,25,814,SpineBase,0.8442361,-0.1380412,1.760984
55,25,814,SpineMid,0.816564,0.1715905,1.775377
55,25,814,Neck,0.7846792,0.468576,1.780102
55,25,815,Head,0.8282739,0.5927018,1.736312
55,25,815,ShoulderLeft,0.6382148,0.3509535,1.773261
55,25,815,ElbowLeft,0.6194797,0.1098245,1.707422
55,25,815,WristLeft,0.7316445,-0.008740256,1.520712
55,25,815,HandLeft,0.7505968,-0.02772905,1.462177
55,25,815,ShoulderRight,0.9777511,0.3489553,1.825963
55,25,815,ElbowRight,0.9882523,0.07637002,1.769632
55,25,815,WristRight,0.7454547,0.03343097,1.637016
55,25,815,HandRight,0.7287102,-0.01500775,1.488081
55,25,815,HipLeft,0.7649804,-0.133757,1.719401
55,25,815,KneeLeft,0.7653943,-0.4379508,1.636774
55,25,815,AnkleLeft,0.7928888,-0.7586411,1.616258
55,25,815,FootLeft,0.7946333,-0.7915836,1.489939
55,25,815,HipRight,0.8894859,-0.1383331,1.744801
55,25,815,KneeRight,0.9605841,-0.4205368,1.662145
55,25,815,AnkleRight,0.9775532,-0.7123504,1.762922
55,25,815,FootRight,0.9775155,-0.747206,1.636698
55,25,815,SpineShoulder,0.7932972,0.3962137,1.78089
55,25,815,HandTipLeft,0.7886779,-0.04354667,1.418058
55,25,815,ThumbLeft,0.7731927,-0.06234749,1.444286
55,25,815,HandTipRight,0.7370341,-0.02555404,1.444792
55,25,815,ThumbRight,0.6928164,-0.001008786,1.508956
