57,13,711,SpineBase,-1.656271,-0.1980816,2.946745
57,13,711,SpineMid,-1.656356,0.1262287,2.944252
57,13,711,Neck,-1.650012,0.443649,2.930254
57,13,711,Head,-1.599465,0.5482258,2.949705
57,13,711,ShoulderLeft,-1.684461,0.3182548,2.817706
57,13,711,ElbowLeft,-1.719001,0.1104462,2.742868
57,13,711,WristLeft,-1.656155,-0.1251865,2.717615
57,13,711,HandLeft,-1.654498,-0.188136,2.741673
57,13,711,ShoulderRight,-1.5985,0.2767297,3.021211
57,13,711,ElbowRight,-1.576127,0.02633567,3.054101
57,13,711,WristRight,-1.58024,-0.1652433,3.069058
57,13,711,HandRight,-1.556659,-0.2543021,3.06075
57,13,712,HipLeft,-1.663152,-0.1871731,2.87262
57,13,712,KneeLeft,-1.685055,-0.463137,2.770912
57,13,712,AnkleLeft,-1.756253,-0.7935933,2.900939
57,13,712,FootLeft,-1.649557,-0.832717,2.837362
57,13,712,HipRight,-1.614605,-0.2052027,2.959208
57,13,712,KneeRight,-1.642075,-0.5300633,2.992766
57,13,712,AnkleRight,-1.759336,-0.7907756,3.021308
57,13,712,FootRight,-1.653103,-0.8301487,2.957389
57,13,714,SpineShoulder,-1.652813,0.365308,2.935827
57,13,714,HandTipLeft,-1.611905,-0.2599233,2.723192
57,13,714,ThumbLeft,-1.607311,-0.1541825,2.773339
57,13,714,HandTipRight,-1.535766,-0.3128728,3.052095
57,13,714,ThumbRight,-1.530333,-0.2820604,3.059
57,13,744,SpineBase,-1.6546,-0.1967924,2.941633
57,13,744,SpineMid,-1.654864,0.1268328,2.940549
57,13,744,Neck,-1.648908,0.4437876,2.9281
57,13,744,Head,-1.595795,0.5482647,2.945419
57,13,744,ShoulderLeft,-1.683312,0.3184455,2.816115
57,13,744,ElbowLeft,-1.715983,0.09540507,2.741329
57,13,744,WristLeft,-1.655682,-0.1258745,2.716902
57,13,744,HandLeft,-1.643979,-0.1890501,2.727564
57,13,744,ShoulderRight,-1.598825,0.2796261,3.037348
57,13,744,ElbowRight,-1.576632,0.02920567,3.070118
57,13,744,WristRight,-1.563987,-0.2157732,3.086687
57,13,744,HandRight,-1.54429,-0.2839617,3.070789
57,13,744,HipLeft,-1.659129,-0.1848631,2.864056
57,13,744,KneeLeft,-1.684201,-0.4649253,2.770966
57,13,744,AnkleLeft,-1.755986,-0.7949712,2.901601
57,13,744,FootLeft,-1.648121,-0.8340151,2.841078
57,13,744,HipRight,-1.61445,-0.204566,2.956703
57,13,744,KneeRight,-1.639067,-0.5335093,2.989525
57,13,744,AnkleRight,-1.760639,-0.8028891,3.021213
57,13,744,FootRight,-1.653233,-0.8420852,2.960376
57,13,744,SpineShoulder,-1.651574,0.3655259,2.933268
57,13,744,HandTipLeft,-1.612805,-0.2578998,2.708971
57,13,744,ThumbLeft,-1.607975,-0.2060362,2.724947
57,13,744,HandTipRight,-1.529066,-0.3453736,3.055223
57,13,744,ThumbRight,-1.532399,-0.3111522,3.066428
57,13,777,SpineBase,-1.651231,-0.198557,2.935012
57,13,777,SpineMid,-1.651109,0.1254755,2.933474
57,13,777,Neck,-1.644985,0.4428988,2.921118
57,13,777,Head,-1.594262,0.5478516,2.942847
57,13,777,ShoulderLeft,-1.680154,0.317358,2.810111
57,13,777,ElbowLeft,-1.714198,0.09712592,2.738223
57,13,777,WristLeft,-1.653997,-0.1259761,2.715132
57,13,777,HandLeft,-1.643695,-0.1862122,2.720357
57,13,777,ShoulderRight,-1.585415,0.2735215,3.001503
57,13,777,ElbowRight,-1.589322,0.03194227,3.067439
57,13,777,WristRight,-1.562046,-0.2143156,3.086693
57,13,777,HandRight,-1.540188,-0.2898145,3.076377
57,13,777,HipLeft,-1.657886,-0.1866016,2.858346
57,13,777,KneeLeft,-1.681491,-0.469431,2.770411
57,13,777,AnkleLeft,-1.756763,-0.8132796,2.856589
57,13,777,FootLeft,-1.742751,-0.8686073,2.893001
57,13,777,HipRight,-1.609171,-0.2062382,2.949827
57,13,777,KneeRight,-1.63511,-0.5353079,2.986083
57,13,777,AnkleRight,-1.757929,-0.7997972,3.018056
57,13,777,FootRight,-1.653883,-0.839019,2.94894
57,13,777,SpineShoulder,-1.647637,0.3644941,2.926177
57,13,777,HandTipLeft,-1.611033,-0.2580533,2.705041
57,13,777,ThumbLeft,-1.606249,-0.1714754,2.715636
57,13,777,HandTipRight,-1.538909,-0.3560584,3.081975
57,13,777,ThumbRight,-1.53402,-0.3100165,3.075334
57,13,813,SpineBase,-1.648756,-0.1990075,2.93057
57,13,813,SpineMid,-1.649253,0.1252643,2.930869
57,13,813,Neck,-1.64369,0.4428348,2.919896
57,13,813,Head,-1.589286,0.5475807,2.937664
57,13,813,ShoulderLeft,-1.676875,0.3170088,2.806248
57,13,813,ElbowLeft,-1.71122,0.09800638,2.733639
57,13,813,WristLeft,-1.652163,-0.1277935,2.71195
57,13,813,HandLeft,-1.638703,-0.1873775,2.714372
57,13,813,ShoulderRight,-1.585246,0.2735308,3.001446
57,13,813,ElbowRight,-1.588247,0.03203845,3.067612
57,13,813,WristRight,-1.558788,-0.2160057,3.08778
57,13,813,HandRight,-1.537421,-0.2966506,3.086134
57,13,813,HipLeft,-1.656037,-0.1868962,2.854772
57,13,813,KneeLeft,-1.67744,-0.4740124,2.766212
57,13,813,AnkleLeft,-1.755345,-0.8168414,2.858107
57,13,813,FootLeft,-1.742179,-0.8738778,2.892704
57,13,813,HipRight,-1.606443,-0.2068647,2.944854
57,13,813,KneeRight,-1.633659,-0.5360609,2.984641
57,13,813,AnkleRight,-1.757579,-0.7984204,3.016747
57,13,813,FootRight,-1.652649,-0.8375457,2.949495
57,13,813,SpineShoulder,-1.646204,0.3643949,2.924653
57,13,813,HandTipLeft,-1.603347,-0.2569282,2.701522
57,13,813,ThumbLeft,-1.609759,-0.1531486,2.7313
57,13,813,HandTipRight,-1.541698,-0.3576782,3.088185
57,13,813,ThumbRight,-1.54661,-0.3551551,3.086
57,13,843,SpineBase,-1.643299,-0.1969441,2.924013
57,13,843,SpineMid,-1.642472,0.1258127,2.922771
57,13,843,Neck,-1.635478,0.4415942,2.910402
57,13,843,Head,-1.583624,0.5469739,2.930163
57,13,843,ShoulderLeft,-1.672478,0.3169205,2.801039
57,13,843,ElbowLeft,-1.705835,0.09111646,2.726507
57,13,843,WristLeft,-1.643553,-0.1289243,2.701068
57,13,843,HandLeft,-1.631029,-0.1889573,2.705204
57,13,843,ShoulderRight,-1.581371,0.2768932,3.022953
57,13,843,ElbowRight,-1.585741,0.03133167,3.075793
57,13,843,WristRight,-1.554737,-0.2156404,3.089818
57,13,843,HandRight,-1.533861,-0.3003874,3.090482
57,13,843,HipLeft,-1.647404,-0.183898,2.844318
57,13,843,KneeLeft,-1.67319,-0.4729775,2.760782
57,13,843,AnkleLeft,-1.7548,-0.809818,2.856126
57,13,843,FootLeft,-1.647646,-0.848711,2.793512
57,13,843,HipRight,-1.603709,-0.2056584,2.941432
57,13,843,KneeRight,-1.630152,-0.536031,2.98016
57,13,843,AnkleRight,-1.757941,-0.801397,3.017346
57,13,843,FootRight,-1.651414,-0.8406735,2.954252
57,13,843,SpineShoulder,-1.638344,0.3636155,2.915484
57,13,843,HandTipLeft,-1.596544,-0.2567329,2.689451
57,13,843,ThumbLeft,-1.592233,-0.1859092,2.688445
57,13,843,HandTipRight,-1.539927,-0.3586062,3.091988
57,13,843,ThumbRight,-1.546678,-0.3543732,3.079012
57,13,878,SpineBase,-1.637308,-0.1955936,2.916392
57,13,878,SpineMid,-1.636168,0.1255948,2.915556
57,13,878,Neck,-1.628959,0.4399912,2.903787
57,13,878,Head,-1.575365,0.5472462,2.920257
57,13,878,ShoulderLeft,-1.6622,0.3137843,2.789474
57,13,878,ElbowLeft,-1.696805,0.0831676,2.715264
57,13,878,WristLeft,-1.64044,-0.1295975,2.695462
57,13,878,HandLeft,-1.628511,-0.1924652,2.698034
57,13,878,ShoulderRight,-1.575856,0.2799625,3.019727
57,13,878,ElbowRight,-1.579711,0.03455939,3.073218
57,13,878,WristRight,-1.549121,-0.2157516,3.090543
57,13,878,HandRight,-1.53088,-0.3010949,3.0919
57,13,878,HipLeft,-1.641989,-0.1826523,2.836806
57,13,878,KneeLeft,-1.670491,-0.4741529,2.757499
57,13,878,AnkleLeft,-1.755011,-0.8102979,2.856387
57,13,878,FootLeft,-1.6469,-0.849198,2.796419
57,13,878,HipRight,-1.597971,-0.2043842,2.934532
57,13,878,KneeRight,-1.624146,-0.534907,2.972885
57,13,878,AnkleRight,-1.754138,-0.7976143,3.013825
57,13,878,FootRight,-1.646662,-0.8369258,2.953364
57,13,878,SpineShoulder,-1.631869,0.3623372,2.908707
57,13,878,HandTipLeft,-1.59328,-0.2635437,2.683848
57,13,878,ThumbLeft,-1.593248,-0.1844813,2.690609
57,13,878,HandTipRight,-1.53134,-0.3649338,3.090489
57,13,878,ThumbRight,-1.527652,-0.3257498,3.099667
57,13,913,SpineBase,-1.630687,-0.1952449,2.907996
57,13,913,SpineMid,-1.626263,0.1235131,2.905128
57,13,913,Neck,-1.615075,0.4348403,2.891137
57,13,913,Head,-1.563862,0.54491,2.907041
57,13,913,ShoulderLeft,-1.656889,0.3131424,2.781086
57,13,913,ElbowLeft,-1.690984,0.07817869,2.707785
57,13,913,WristLeft,-1.634497,-0.125881,2.678921
57,13,913,HandLeft,-1.622923,-0.1804826,2.685216
57,13,913,ShoulderRight,-1.569017,0.2790326,3.023851
57,13,913,ElbowRight,-1.573545,0.03199136,3.071103
57,13,913,WristRight,-1.540799,-0.2180698,3.088428
57,13,913,HandRight,-1.524486,-0.3062931,3.088594
57,13,913,HipLeft,-1.634109,-0.1818331,2.82573
57,13,913,KneeLeft,-1.667692,-0.4738039,2.753994
57,13,913,AnkleLeft,-1.756066,-0.8110108,2.855292
57,13,913,FootLeft,-1.647836,-0.8503008,2.796251
57,13,913,HipRight,-1.592661,-0.2044156,2.928493
57,13,913,KneeRight,-1.617321,-0.5349519,2.962327
57,13,913,AnkleRight,-1.744806,-0.7966005,3.013656
57,13,913,FootRight,-1.63729,-0.8363086,2.954074
57,13,913,SpineShoulder,-1.619038,0.3580093,2.896627
57,13,913,HandTipLeft,-1.590355,-0.2547444,2.670327
57,13,913,ThumbLeft,-1.593398,-0.1534925,2.688715
57,13,913,HandTipRight,-1.530158,-0.3679084,3.091936
57,13,913,ThumbRight,-1.51504,-0.3332439,3.0861
57,13,944,SpineBase,-1.62529,-0.1955675,2.902517
57,13,944,SpineMid,-1.620386,0.1222157,2.899458
57,13,944,Neck,-1.609319,0.432943,2.885704
57,13,944,Head,-1.555197,0.5444082,2.898863
57,13,944,ShoulderLeft,-1.651603,0.3116608,2.774866
57,13,944,ElbowLeft,-1.686594,0.08069154,2.700989
57,13,944,WristLeft,-1.6297,-0.1287413,2.672851
57,13,944,HandLeft,-1.614854,-0.1928189,2.674519
57,13,945,ShoulderRight,-1.559623,0.2830963,3.027677
57,13,945,ElbowRight,-1.559879,0.03296689,3.062445
57,13,945,WristRight,-1.530277,-0.2168328,3.084632
57,13,945,HandRight,-1.51343,-0.3013034,3.080495
57,13,945,HipLeft,-1.629283,-0.1817634,2.821045
57,13,945,KneeLeft,-1.663664,-0.4673935,2.74542
57,13,945,AnkleLeft,-1.752929,-0.7995158,2.84975
57,13,945,FootLeft,-1.644778,-0.8389124,2.790438
57,13,945,HipRight,-1.586881,-0.2051995,2.922391
57,13,945,KneeRight,-1.611075,-0.5350109,2.949347
57,13,945,AnkleRight,-1.717553,-0.7899983,3.006123
57,13,945,FootRight,-1.610294,-0.8297374,2.946189
57,13,945,SpineShoulder,-1.613196,0.3562196,2.8911
57,13,945,HandTipLeft,-1.577641,-0.2656256,2.656921
57,13,945,ThumbLeft,-1.586513,-0.1714562,2.661813
57,13,945,HandTipRight,-1.5155,-0.3656375,3.083407
57,13,945,ThumbRight,-1.503527,-0.3534159,3.0868
57,13,978,SpineBase,-1.617338,-0.1984432,2.890455
57,13,978,SpineMid,-1.604935,0.116216,2.881381
57,13,978,Neck,-1.584326,0.4232394,2.86044
57,13,978,Head,-1.536687,0.5377612,2.884087
57,13,978,ShoulderLeft,-1.627464,0.3034177,2.754168
57,13,978,ElbowLeft,-1.677612,0.08522213,2.689008
57,13,978,WristLeft,-1.626812,-0.1312128,2.667515
57,13,978,HandLeft,-1.612429,-0.1922229,2.668135
57,13,978,ShoulderRight,-1.548223,0.2820226,3.025126
57,13,978,ElbowRight,-1.549956,0.03152046,3.057755
57,13,978,WristRight,-1.517887,-0.2186423,3.074847
57,13,978,HandRight,-1.499914,-0.3047692,3.068344
57,13,978,HipLeft,-1.620721,-0.1848949,2.811581
57,13,978,KneeLeft,-1.661338,-0.4659602,2.741213
57,13,978,AnkleLeft,-1.752924,-0.7998183,2.849811
57,13,978,FootLeft,-1.64361,-0.8403332,2.796215
57,13,978,HipRight,-1.579617,-0.2077381,2.907396
57,13,978,KneeRight,-1.596332,-0.5354496,2.926799
57,13,978,AnkleRight,-1.698001,-0.7858033,2.999575
57,13,978,FootRight,-1.589693,-0.8266698,2.945289
57,13,978,SpineShoulder,-1.590764,0.3474847,2.867747
57,13,978,HandTipLeft,-1.574255,-0.2666121,2.643109
57,13,978,ThumbLeft,-1.572649,-0.2018406,2.655
57,13,978,HandTipRight,-1.505142,-0.3658108,3.070813
57,13,978,ThumbRight,-1.507722,-0.3480062,3.073333
57,14,010,SpineBase,-1.605099,-0.2073047,2.8811
57,14,010,SpineMid,-1.590468,0.1097272,2.870701
57,14,010,Neck,-1.569988,0.4202088,2.849751
57,14,010,Head,-1.515276,0.5323558,2.867133
57,14,011,ShoulderLeft,-1.616896,0.2999893,2.746635
57,14,011,ElbowLeft,-1.665085,0.08859313,2.671009
57,14,011,WristLeft,-1.616332,-0.1357877,2.65452
57,14,011,HandLeft,-1.601626,-0.1895149,2.657515
57,14,011,ShoulderRight,-1.515426,0.2630672,2.991181
57,14,011,ElbowRight,-1.532917,0.01856852,3.043888
57,14,011,WristRight,-1.509073,-0.2311171,3.070087
57,14,011,HandRight,-1.488143,-0.303138,3.059273
57,14,011,HipLeft,-1.610179,-0.1945126,2.80339
57,14,011,KneeLeft,-1.659392,-0.4771518,2.740604
57,14,011,AnkleLeft,-1.747985,-0.811663,2.84967
57,14,011,FootLeft,-1.642056,-0.852169,2.786216
57,14,011,HipRight,-1.565687,-0.2155771,2.897059
57,14,011,KneeRight,-1.56544,-0.5445843,2.908078
57,14,011,AnkleRight,-1.667458,-0.7907242,2.977843
57,14,011,FootRight,-1.562634,-0.8315819,2.913644
57,14,011,SpineShoulder,-1.576184,0.3435373,2.856945
57,14,011,HandTipLeft,-1.57411,-0.2655915,2.640435
57,14,011,ThumbLeft,-1.574415,-0.191234,2.6173
57,14,011,HandTipRight,-1.489113,-0.3649591,3.064031
57,14,011,ThumbRight,-1.490349,-0.302073,3.06
57,14,044,SpineBase,-1.591405,-0.2115592,2.877101
57,14,044,SpineMid,-1.572571,0.1067157,2.861916
57,14,044,Neck,-1.546727,0.4189335,2.834342
57,14,044,Head,-1.495203,0.5314977,2.852941
57,14,044,ShoulderLeft,-1.59519,0.2941968,2.731482
57,14,044,ElbowLeft,-1.650112,0.08820345,2.660943
57,14,044,WristLeft,-1.604809,-0.1447631,2.64516
57,14,044,HandLeft,-1.591748,-0.213904,2.643362
57,14,044,ShoulderRight,-1.508012,0.2698141,2.983335
57,14,044,ElbowRight,-1.520645,0.02442065,3.034694
57,14,044,WristRight,-1.495928,-0.2253442,3.060071
57,14,044,HandRight,-1.4756,-0.3066503,3.048922
57,14,044,HipLeft,-1.594876,-0.2017549,2.798786
57,14,044,KneeLeft,-1.655601,-0.4828006,2.738139
57,14,044,AnkleLeft,-1.747575,-0.8142769,2.852613
57,14,044,FootLeft,-1.640157,-0.8555512,2.794482
57,14,044,HipRight,-1.553558,-0.2172471,2.89361
57,14,044,KneeRight,-1.516197,-0.5283417,2.877903
57,14,044,AnkleRight,-1.624551,-0.7886028,2.949246
57,14,044,FootRight,-1.518433,-0.8301681,2.890279
57,14,044,SpineShoulder,-1.554362,0.3417536,2.843384
57,14,044,HandTipLeft,-1.564444,-0.2855324,2.626405
57,14,044,ThumbLeft,-1.567179,-0.2000441,2.603846
57,14,044,HandTipRight,-1.474241,-0.3705922,3.042035
57,14,044,ThumbRight,-1.458838,-0.3444948,3.040625
57,14,078,SpineBase,-1.574797,-0.2143032,2.87234
57,14,079,SpineMid,-1.551907,0.1029292,2.850793
57,14,079,Neck,-1.523154,0.4136616,2.816814
57,14,079,Head,-1.465042,0.533093,2.828922
57,14,079,ShoulderLeft,-1.575104,0.2922896,2.719852
57,14,079,ElbowLeft,-1.634433,0.08315016,2.652116
57,14,079,WristLeft,-1.599831,-0.1429257,2.640016
57,14,079,HandLeft,-1.585329,-0.2209411,2.638391
57,14,079,ShoulderRight,-1.47913,0.2728447,2.950573
57,14,079,ElbowRight,-1.491837,0.02783925,3.003419
57,14,079,WristRight,-1.47772,-0.2208627,3.038805
57,14,079,HandRight,-1.459286,-0.3035755,3.03524
57,14,079,HipLeft,-1.580632,-0.2057565,2.793239
57,14,079,KneeLeft,-1.647861,-0.4828661,2.733067
57,14,079,AnkleLeft,-1.747854,-0.8105505,2.850817
57,14,079,FootLeft,-1.642807,-0.8525645,2.787232
57,14,079,HipRight,-1.534858,-0.2182695,2.889739
57,14,079,KneeRight,-1.480314,-0.5182904,2.864196
57,14,079,AnkleRight,-1.58033,-0.8241981,2.921933
57,14,079,FootRight,-1.476873,-0.8660321,2.857482
57,14,079,SpineShoulder,-1.531363,0.3368979,2.827389
57,14,079,HandTipLeft,-1.563557,-0.2919353,2.618577
57,14,079,ThumbLeft,-1.559548,-0.1845187,2.600818
57,14,079,HandTipRight,-1.453622,-0.3636112,3.027431
57,14,079,ThumbRight,-1.438048,-0.3285477,3.0365
57,14,112,SpineBase,-1.555904,-0.216535,2.867302
57,14,112,SpineMid,-1.53115,0.1018208,2.840492
57,14,112,Neck,-1.50058,0.4138343,2.801553
57,14,112,Head,-1.442733,0.5300604,2.81453
57,14,112,ShoulderLeft,-1.545724,0.2880328,2.700613
57,14,112,ElbowLeft,-1.613104,0.09502964,2.643202
57,14,112,WristLeft,-1.573683,-0.1562036,2.627835
57,14,112,HandLeft,-1.579935,-0.2360579,2.651815
57,14,112,ShoulderRight,-1.448753,0.2731297,2.899491
57,14,112,ElbowRight,-1.460504,0.02772715,2.951482
57,14,112,WristRight,-1.449786,-0.218256,3.000114
57,14,112,HandRight,-1.447436,-0.2734866,3.022274
57,14,112,HipLeft,-1.566924,-0.2102166,2.789331
57,14,112,KneeLeft,-1.631105,-0.4845624,2.726757
57,14,112,AnkleLeft,-1.743116,-0.8071185,2.846827
57,14,112,FootLeft,-1.640607,-0.8496817,2.778086
57,14,112,HipRight,-1.510094,-0.2174404,2.883163
57,14,112,KneeRight,-1.435727,-0.5289093,2.845182
57,14,112,AnkleRight,-1.507651,-0.8080932,2.883087
57,14,112,FootRight,-1.407132,-0.8504489,2.813278
57,14,112,SpineShoulder,-1.509284,0.3367422,2.813377
57,14,112,HandTipLeft,-1.558862,-0.3123358,2.612493
57,14,112,ThumbLeft,-1.556155,-0.2674695,2.573222
57,14,112,HandTipRight,-1.43154,-0.3451794,3.025594
57,14,112,ThumbRight,-1.42614,-0.3472687,3.02
57,14,146,SpineBase,-1.534613,-0.2125329,2.862565
57,14,147,SpineMid,-1.505685,0.1026007,2.830417
57,14,147,Neck,-1.470302,0.4104476,2.785902
57,14,147,Head,-1.417594,0.5296878,2.798551
57,14,147,ShoulderLeft,-1.526958,0.2853735,2.689166
57,14,147,ElbowLeft,-1.585954,0.06471834,2.635714
57,14,147,WristLeft,-1.566461,-0.1883352,2.625604
57,14,147,HandLeft,-1.569385,-0.2681068,2.64664
57,14,147,ShoulderRight,-1.432773,0.3187524,2.919127
57,14,147,ElbowRight,-1.444662,0.07311603,2.971113
57,14,147,WristRight,-1.449984,-0.1755415,3.007324
57,14,147,HandRight,-1.445276,-0.2243815,3.022544
57,14,147,HipLeft,-1.53919,-0.2092434,2.784584
57,14,147,KneeLeft,-1.614351,-0.504881,2.729375
57,14,147,AnkleLeft,-1.743397,-0.820872,2.848645
57,14,147,FootLeft,-1.638443,-0.8641104,2.786796
57,14,147,HipRight,-1.495612,-0.2117933,2.878646
57,14,147,KneeRight,-1.392055,-0.502081,2.827704
57,14,147,AnkleRight,-1.423126,-0.7910095,2.846253
57,14,147,FootRight,-1.320678,-0.8341603,2.783037
57,14,147,SpineShoulder,-1.480242,0.3344984,2.799145
57,14,147,HandTipLeft,-1.558058,-0.3415765,2.612434
57,14,147,ThumbLeft,-1.530161,-0.302957,2.596316
57,14,147,HandTipRight,-1.418875,-0.3014882,3.013618
57,14,147,ThumbRight,-1.441969,-0.2080616,3.012727
57,14,176,SpineBase,-1.506873,-0.2199622,2.85325
57,14,176,SpineMid,-1.478844,0.09723298,2.818783
57,14,176,Neck,-1.445806,0.4077485,2.773422
57,14,176,Head,-1.387346,0.5259074,2.779936
57,14,177,ShoulderLeft,-1.49743,0.2824774,2.673358
57,14,177,ElbowLeft,-1.56888,0.0616802,2.626751
57,14,177,WristLeft,-1.552464,-0.1915149,2.614789
57,14,177,HandLeft,-1.553027,-0.2762541,2.638797
57,14,177,ShoulderRight,-1.3983,0.2709268,2.89981
57,14,177,ElbowRight,-1.410274,0.02549923,2.951693
57,14,177,WristRight,-1.415657,-0.2230075,2.987843
57,14,177,HandRight,-1.397658,-0.2838773,2.998744
57,14,177,HipLeft,-1.517137,-0.2171042,2.774044
57,14,177,KneeLeft,-1.597565,-0.5115281,2.736112
57,14,177,AnkleLeft,-1.742188,-0.816946,2.847781
57,14,177,FootLeft,-1.638453,-0.8601478,2.782784
57,14,177,HipRight,-1.46354,-0.2178562,2.870684
57,14,177,KneeRight,-1.359382,-0.5009059,2.81653
57,14,177,AnkleRight,-1.352308,-0.8049688,2.81517
57,14,177,FootRight,-1.251585,-0.8477618,2.748651
57,14,177,SpineShoulder,-1.455057,0.3310867,2.786758
57,14,177,HandTipLeft,-1.550239,-0.3489619,2.614972
57,14,177,ThumbLeft,-1.526942,-0.2820891,2.578539
57,14,177,HandTipRight,-1.371348,-0.3608024,2.989784
57,14,177,ThumbRight,-1.394568,-0.2671322,2.98886
57,14,211,SpineBase,-1.477394,-0.2235943,2.840986
57,14,211,SpineMid,-1.445837,0.09074406,2.804729
57,14,211,Neck,-1.408159,0.3980737,2.75711
57,14,211,Head,-1.358696,0.5192618,2.765599
57,14,211,ShoulderLeft,-1.468827,0.2768918,2.661443
57,14,211,ElbowLeft,-1.541389,0.04954978,2.612922
57,14,211,WristLeft,-1.530912,-0.2037961,2.601818
57,14,211,HandLeft,-1.535258,-0.3195046,2.631297
57,14,211,ShoulderRight,-1.372006,0.2933757,2.874674
57,14,211,ElbowRight,-1.384057,0.04778248,2.926556
57,14,211,WristRight,-1.389487,-0.2008261,2.962696
57,14,211,HandRight,-1.371488,-0.2617008,2.973599
57,14,211,HipLeft,-1.487777,-0.2215075,2.762183
57,14,211,KneeLeft,-1.568371,-0.5086474,2.740968
57,14,211,AnkleLeft,-1.739013,-0.8096469,2.845626
57,14,211,FootLeft,-1.635817,-0.853584,2.780308
57,14,211,HipRight,-1.434514,-0.2207375,2.857457
57,14,211,KneeRight,-1.310191,-0.5222926,2.79481
57,14,211,AnkleRight,-1.269671,-0.8130434,2.778269
57,14,211,FootRight,-1.170087,-0.8562486,2.711241
57,14,211,SpineShoulder,-1.41864,0.3222219,2.771057
57,14,211,HandTipLeft,-1.55576,-0.3863586,2.634169
57,14,211,ThumbLeft,-1.525059,-0.2891519,2.568962
57,14,212,HandTipRight,-1.345211,-0.3386869,2.96462
57,14,212,ThumbRight,-1.368476,-0.2450884,2.963668
57,14,246,SpineBase,-1.442742,-0.2354118,2.828288
57,14,246,SpineMid,-1.411741,0.08053143,2.790951
57,14,246,Neck,-1.37585,0.3899827,2.742739
57,14,246,Head,-1.324303,0.5082266,2.747027
57,14,246,ShoulderLeft,-1.438136,0.2657609,2.645631
57,14,246,ElbowLeft,-1.518286,0.05256479,2.600766
57,14,246,WristLeft,-1.515486,-0.2006867,2.595366
57,14,246,HandLeft,-1.513122,-0.332604,2.622523
57,14,246,ShoulderRight,-1.332312,0.2505532,2.851268
57,14,246,ElbowRight,-1.344464,0.005239654,2.903015
57,14,246,WristRight,-1.349969,-0.2431326,2.939082
57,14,246,HandRight,-1.331965,-0.3040106,2.949978
57,14,246,HipLeft,-1.459845,-0.2309251,2.751333
57,14,246,KneeLeft,-1.554167,-0.5092427,2.742854
57,14,246,AnkleLeft,-1.736557,-0.8039749,2.845143
57,14,247,FootLeft,-1.635745,-0.8479548,2.774693
57,14,247,HipRight,-1.393044,-0.2349199,2.842446
57,14,247,KneeRight,-1.27177,-0.5251349,2.77502
57,14,247,AnkleRight,-1.198837,-0.8107457,2.743303
57,14,247,FootRight,-1.102149,-0.8538001,2.670973
57,14,247,SpineShoulder,-1.385778,0.3135604,2.756796
57,14,247,HandTipLeft,-1.530181,-0.399426,2.636725
57,14,247,ThumbLeft,-1.512826,-0.3388601,2.55665
57,14,247,HandTipRight,-1.305762,-0.3808626,2.940972
57,14,247,ThumbRight,-1.32913,-0.2870827,2.939996
57,14,277,SpineBase,-1.40697,-0.2474201,2.808709
57,14,278,SpineMid,-1.372441,0.07068067,2.770625
57,14,278,Neck,-1.331865,0.3822069,2.721009
57,14,278,Head,-1.292108,0.5010655,2.731427
57,14,278,ShoulderLeft,-1.40682,0.2588471,2.633828
57,14,278,ElbowLeft,-1.486133,0.04209535,2.585078
57,14,278,WristLeft,-1.484939,-0.2110417,2.577401
57,14,278,HandLeft,-1.482321,-0.2977593,2.601478
57,14,278,ShoulderRight,-1.301186,0.2443466,2.833088
57,14,278,ElbowRight,-1.313432,-0.0008713053,2.884754
57,14,278,WristRight,-1.319005,-0.2491336,2.920774
57,14,278,HandRight,-1.300999,-0.3100151,2.931668
57,14,278,HipLeft,-1.423677,-0.2405246,2.734472
57,14,278,KneeLeft,-1.54239,-0.5060158,2.738773
57,14,278,AnkleLeft,-1.72361,-0.8030627,2.837215
57,14,278,FootLeft,-1.623708,-0.8476059,2.765797
57,14,278,HipRight,-1.359065,-0.2487487,2.820179
57,14,278,KneeRight,-1.218445,-0.5368493,2.754141
57,14,278,AnkleRight,-1.144095,-0.798861,2.721815
57,14,278,FootRight,-1.048683,-0.8425082,2.648363
57,14,278,SpineShoulder,-1.343051,0.3052623,2.735481
57,14,278,HandTipLeft,-1.488327,-0.3662354,2.586283
57,14,278,ThumbLeft,-1.475196,-0.3021916,2.540778
57,14,278,HandTipRight,-1.274854,-0.386843,2.922637
57,14,278,ThumbRight,-1.2983,-0.2930258,2.921632
57,14,313,SpineBase,-1.376201,-0.248547,2.799378
57,14,313,SpineMid,-1.343986,0.06501532,2.761467
57,14,313,Neck,-1.306204,0.3722369,2.712204
57,14,313,Head,-1.253907,0.4880506,2.721428
57,14,313,ShoulderLeft,-1.371525,0.2487671,2.621525
57,14,313,ElbowLeft,-1.464714,0.03612758,2.579502
57,14,313,WristLeft,-1.466334,-0.2168311,2.573808
57,14,313,HandLeft,-1.460503,-0.3025705,2.583008
57,14,313,ShoulderRight,-1.267426,0.2769918,2.832094
57,14,313,ElbowRight,-1.279842,0.03163841,2.883709
57,14,313,WristRight,-1.285525,-0.2166872,2.91969
57,14,313,HandRight,-1.267521,-0.2775717,2.930588
57,14,313,HipLeft,-1.384467,-0.2422999,2.722279
57,14,313,KneeLeft,-1.520092,-0.5039738,2.72619
57,14,313,AnkleLeft,-1.710922,-0.7926587,2.829991
57,14,313,FootLeft,-1.609095,-0.836936,2.762224
57,14,313,HipRight,-1.335757,-0.2493145,2.813013
57,14,313,KneeRight,-1.18962,-0.5345621,2.74193
57,14,313,AnkleRight,-1.102381,-0.8154258,2.694708
57,14,313,FootRight,-1.005316,-0.8584445,2.624911
57,14,313,SpineShoulder,-1.31665,0.2963533,2.72658
57,14,313,HandTipLeft,-1.464563,-0.3707892,2.572434
57,14,313,ThumbLeft,-1.444131,-0.2781819,2.518429
57,14,313,HandTipRight,-1.241457,-0.3544964,2.921514
57,14,313,ThumbRight,-1.26501,-0.2608011,2.920447
57,14,344,SpineBase,-1.338231,-0.2584269,2.777884
57,14,344,SpineMid,-1.301309,0.05813417,2.743623
57,14,344,Neck,-1.258745,0.3681327,2.698016
57,14,344,Head,-1.218796,0.4851534,2.710042
57,14,344,ShoulderLeft,-1.332699,0.2466464,2.611479
57,14,344,ElbowLeft,-1.427755,0.03523373,2.561227
57,14,344,WristLeft,-1.434674,-0.2173815,2.558825
57,14,344,HandLeft,-1.430737,-0.2988041,2.565917
57,14,344,ShoulderRight,-1.218737,0.2327965,2.804981
57,14,344,ElbowRight,-1.231301,-0.01229917,2.85645
57,14,344,WristRight,-1.23709,-0.2604101,2.892347
57,14,344,HandRight,-1.219086,-0.32128,2.903234
57,14,344,HipLeft,-1.359104,-0.248081,2.706699
57,14,344,KneeLeft,-1.485458,-0.5104954,2.709881
57,14,344,AnkleLeft,-1.689916,-0.7861342,2.821229
57,14,344,FootLeft,-1.59227,-0.8308372,2.74605
57,14,344,HipRight,-1.289329,-0.2624727,2.787465
57,14,344,KneeRight,-1.160742,-0.5360985,2.728553
57,14,344,AnkleRight,-1.092723,-0.8125474,2.688023
57,14,344,FootRight,-0.9997927,-0.8559726,2.61086
57,14,344,SpineShoulder,-1.270356,0.2915701,2.711467
57,14,344,HandTipLeft,-1.432073,-0.3692372,2.559164
57,14,344,ThumbLeft,-1.405842,-0.2747896,2.4985
57,14,344,HandTipRight,-1.193122,-0.3980608,2.894126
57,14,344,ThumbRight,-1.216811,-0.30417,2.893028
57,14,378,SpineBase,-1.300387,-0.2636672,2.762021
57,14,378,SpineMid,-1.261541,0.05493385,2.731383
57,14,378,Neck,-1.217872,0.3668041,2.689296
57,14,378,Head,-1.168058,0.4833126,2.694896
57,14,378,ShoulderLeft,-1.288865,0.2471696,2.593463
57,14,379,ElbowLeft,-1.396875,0.03663359,2.550356
57,14,379,WristLeft,-1.400916,-0.216218,2.54168
57,14,379,HandLeft,-1.396751,-0.2991796,2.553263
57,14,379,ShoulderRight,-1.174755,0.229356,2.788203
57,14,379,ElbowRight,-1.187497,-0.01572481,2.839581
57,14,379,WristRight,-1.193404,-0.2638,2.875419
57,14,379,HandRight,-1.175402,-0.3246615,2.886301
57,14,379,HipLeft,-1.313097,-0.2578461,2.684198
57,14,379,KneeLeft,-1.416535,-0.5003473,2.696275
57,14,379,AnkleLeft,-1.643295,-0.7624218,2.797312
57,14,379,FootLeft,-1.545798,-0.807178,2.722017
57,14,379,HipRight,-1.256018,-0.2642118,2.775163
57,14,379,KneeRight,-1.124037,-0.5342236,2.703337
57,14,379,AnkleRight,-1.075871,-0.8072724,2.678771
57,14,379,FootRight,-0.9829878,-0.8506345,2.601609
57,14,379,SpineShoulder,-1.229687,0.2897981,2.701896
57,14,379,HandTipLeft,-1.399029,-0.3655742,2.542708
57,14,379,ThumbLeft,-1.401207,-0.3104905,2.50712
57,14,379,HandTipRight,-1.149535,-0.4014245,2.877153
57,14,379,ThumbRight,-1.173355,-0.3075035,2.876006
57,14,411,SpineBase,-1.255196,-0.2560251,2.738734
57,14,411,SpineMid,-1.217335,0.06097139,2.71416
57,14,411,Neck,-1.174898,0.371187,2.677686
57,14,411,Head,-1.135908,0.4907209,2.684782
57,14,411,ShoulderLeft,-1.25204,0.2508297,2.581155
57,14,411,ElbowLeft,-1.355083,0.03718007,2.537138
57,14,411,WristLeft,-1.368683,-0.2151257,2.530014
57,14,411,HandLeft,-1.364347,-0.2943696,2.539766
57,14,411,ShoulderRight,-1.126796,0.2336312,2.770288
57,14,411,ElbowRight,-1.139744,-0.01151111,2.821586
57,14,412,WristRight,-1.145786,-0.2596112,2.857367
57,14,412,HandRight,-1.127788,-0.3204579,2.868244
57,14,412,HipLeft,-1.279884,-0.2488824,2.664985
57,14,412,KneeLeft,-1.353432,-0.4910528,2.673151
57,14,412,AnkleLeft,-1.593918,-0.7402691,2.774737
57,14,412,FootLeft,-1.499083,-0.7845666,2.694797
57,14,412,HipRight,-1.205631,-0.2583757,2.75113
57,14,412,KneeRight,-1.098444,-0.5315677,2.690448
57,14,412,AnkleRight,-1.060589,-0.8012775,2.670392
57,14,412,FootRight,-0.9702152,-0.8440883,2.588717
57,14,412,SpineShoulder,-1.186415,0.2945943,2.688943
57,14,412,HandTipLeft,-1.368079,-0.3635063,2.525202
57,14,412,ThumbLeft,-1.355586,-0.2546442,2.482
57,14,412,HandTipRight,-1.10203,-0.3972263,2.859051
57,14,412,ThumbRight,-1.125995,-0.3033043,2.857846
57,14,445,SpineBase,-1.215368,-0.2449399,2.723061
57,14,445,SpineMid,-1.170711,0.07395136,2.69757
57,14,445,Neck,-1.124593,0.3849915,2.661571
57,14,445,Head,-1.08619,0.5031616,2.668316
57,14,445,ShoulderLeft,-1.202471,0.2618283,2.564077
57,14,445,ElbowLeft,-1.313625,0.04638094,2.525459
57,14,445,WristLeft,-1.322109,-0.2063371,2.510925
57,14,445,HandLeft,-1.327643,-0.3123896,2.524862
57,14,445,ShoulderRight,-1.090354,0.239815,2.767147
57,14,445,ElbowRight,-1.103488,-0.005401432,2.818385
57,14,445,WristRight,-1.10965,-0.2535507,2.854123
57,14,445,HandRight,-1.091652,-0.3143998,2.864999
57,14,445,HipLeft,-1.230618,-0.2350351,2.643968
57,14,445,KneeLeft,-1.288349,-0.4810233,2.646124
57,14,445,AnkleLeft,-1.540182,-0.717003,2.751332
57,14,445,FootLeft,-1.442262,-0.7621566,2.677675
57,14,445,HipRight,-1.170767,-0.2488424,2.737611
57,14,445,KneeRight,-1.065243,-0.523267,2.677019
57,14,445,AnkleRight,-1.054941,-0.8041272,2.666581
57,14,445,FootRight,-0.9612188,-0.8476214,2.591394
57,14,445,SpineShoulder,-1.136943,0.308232,2.672673
57,14,445,HandTipLeft,-1.335683,-0.3771921,2.529733
57,14,445,ThumbLeft,-1.342429,-0.3096995,2.483292
57,14,445,HandTipRight,-1.06599,-0.3911839,2.855766
57,14,445,ThumbRight,-1.090082,-0.2972784,2.854511
57,14,479,SpineBase,-1.169233,-0.2274966,2.703007
57,14,479,SpineMid,-1.132762,0.088558,2.681677
57,14,479,Neck,-1.090884,0.3978719,2.648098
57,14,479,Head,-1.051709,0.516061,2.654928
57,14,479,ShoulderLeft,-1.166489,0.2792788,2.551827
57,14,479,ElbowLeft,-1.270076,0.05271652,2.509786
57,14,479,WristLeft,-1.283164,-0.1997823,2.503008
57,14,479,HandLeft,-1.284449,-0.2973681,2.512126
57,14,479,ShoulderRight,-1.041599,0.2526971,2.757057
57,14,479,ElbowRight,-1.054976,0.007352254,2.808228
57,14,479,WristRight,-1.061295,-0.2408788,2.843913
57,14,479,HandRight,-1.043296,-0.3017322,2.854788
57,14,479,HipLeft,-1.187577,-0.2170993,2.623299
57,14,479,KneeLeft,-1.232189,-0.4819127,2.609224
57,14,479,AnkleLeft,-1.479936,-0.7213618,2.716514
57,14,479,FootLeft,-1.383818,-0.7653564,2.639078
57,14,479,HipRight,-1.123007,-0.2324598,2.718178
57,14,479,KneeRight,-1.052652,-0.5192325,2.67489
57,14,479,AnkleRight,-1.050321,-0.8138742,2.662326
57,14,479,FootRight,-0.9580858,-0.8562723,2.58353
57,14,479,SpineShoulder,-1.102179,0.321552,2.658616
57,14,479,HandTipLeft,-1.291727,-0.3607483,2.515147
57,14,479,ThumbLeft,-1.297949,-0.2873702,2.463904
57,14,479,HandTipRight,-1.017758,-0.3785511,2.845505
57,14,479,ThumbRight,-1.042014,-0.2846842,2.844185
57,14,514,SpineBase,-1.127134,-0.2082188,2.687487
57,14,514,SpineMid,-1.09189,0.1085247,2.665153
57,14,514,Neck,-1.053368,0.417412,2.631567
57,14,514,Head,-1.008044,0.5358641,2.63568
57,14,514,ShoulderLeft,-1.131588,0.2956929,2.534786
57,14,514,ElbowLeft,-1.235689,0.06672376,2.494063
57,14,514,WristLeft,-1.235034,-0.1865361,2.481591
57,14,514,HandLeft,-1.235289,-0.2754889,2.492344
57,14,514,ShoulderRight,-1.007203,0.2590439,2.747294
57,14,514,ElbowRight,-1.02075,0.01360782,2.798421
57,14,514,WristRight,-1.027178,-0.2346848,2.834071
57,14,514,HandRight,-1.009178,-0.2955414,2.844945
57,14,514,HipLeft,-1.149557,-0.1975733,2.606293
57,14,514,KneeLeft,-1.157172,-0.4647049,2.580316
57,14,514,AnkleLeft,-1.404759,-0.7104527,2.675404
57,14,514,FootLeft,-1.308279,-0.7541943,2.598925
57,14,514,HipRight,-1.077476,-0.2139141,2.703917
57,14,514,KneeRight,-1.041766,-0.5181356,2.671141
57,14,514,AnkleRight,-1.047573,-0.8100101,2.662132
57,14,514,FootRight,-0.9545383,-0.852254,2.584502
57,14,514,SpineShoulder,-1.063774,0.3412462,2.642057
57,14,514,HandTipLeft,-1.243729,-0.343534,2.496819
57,14,514,ThumbLeft,-1.260799,-0.274889,2.457417
57,14,515,HandTipRight,-0.9837264,-0.3723759,2.835629
57,14,515,ThumbRight,-1.008097,-0.2785241,2.834266
57,14,544,SpineBase,-1.085384,-0.1879837,2.670978
57,14,545,SpineMid,-1.053757,0.1235623,2.648993
57,14,545,Neck,-1.016846,0.4284286,2.614937
57,14,545,Head,-0.9801913,0.5478285,2.625066
57,14,545,ShoulderLeft,-1.09683,0.3124383,2.523044
57,14,545,ElbowLeft,-1.18869,0.09407166,2.478251
57,14,545,WristLeft,-1.187751,-0.1593043,2.462896
57,14,545,HandLeft,-1.186063,-0.2138026,2.471783
57,14,545,ShoulderRight,-0.9613422,0.2838296,2.737887
57,14,545,ElbowRight,-0.9827356,0.04005805,2.792777
57,14,545,WristRight,-0.9869772,-0.1987731,2.830056
57,14,545,HandRight,-0.9944617,-0.2353615,2.829076
57,14,545,HipLeft,-1.106787,-0.175028,2.585779
57,14,545,KneeLeft,-1.084064,-0.4554162,2.555295
57,14,545,AnkleLeft,-1.318644,-0.7194261,2.636831
57,14,545,FootLeft,-1.224126,-0.762606,2.55762
57,14,545,HipRight,-1.038768,-0.1968253,2.691254
57,14,545,KneeRight,-1.016365,-0.5196039,2.652467
57,14,545,AnkleRight,-1.04573,-0.8139839,2.662561
57,14,545,FootRight,-0.9540631,-0.8559045,2.582444
57,14,545,SpineShoulder,-1.026873,0.3532403,2.625565
57,14,545,HandTipLeft,-1.193769,-0.2851321,2.453445
57,14,545,ThumbLeft,-1.218395,-0.189694,2.455527
57,14,546,HandTipRight,-0.9931522,-0.2778768,2.816508
57,14,546,ThumbRight,-0.9936735,-0.2019627,2.808429
57,14,578,SpineBase,-1.042106,-0.1769507,2.654501
57,14,578,SpineMid,-1.014331,0.1356937,2.632829
57,14,578,Neck,-0.9832184,0.4403815,2.599908
57,14,578,Head,-0.940299,0.560945,2.608961
57,14,578,ShoulderLeft,-1.062511,0.3250498,2.508122
57,14,578,ElbowLeft,-1.159089,0.09965231,2.469105
57,14,578,WristLeft,-1.143235,-0.1533928,2.448103
57,14,578,HandLeft,-1.135718,-0.2539672,2.451692
57,14,578,ShoulderRight,-0.9273301,0.3027389,2.72389
57,14,578,ElbowRight,-0.937062,0.05874998,2.782002
57,14,578,WristRight,-0.9258432,-0.1931579,2.794647
57,14,578,HandRight,-0.9321176,-0.2614534,2.796729
57,14,578,HipLeft,-1.066873,-0.1642505,2.573098
57,14,578,KneeLeft,-1.046641,-0.4875717,2.512335
57,14,578,AnkleLeft,-1.23889,-0.7801157,2.606075
57,14,578,FootLeft,-1.244141,-0.8681641,2.574219
57,14,578,HipRight,-0.9918947,-0.1853906,2.670232
57,14,578,KneeRight,-0.9651778,-0.4771304,2.647912
57,14,578,AnkleRight,-1.045149,-0.8139439,2.662464
57,14,578,FootRight,-0.9529253,-0.8553022,2.582653
57,14,578,SpineShoulder,-0.9917624,0.3653003,2.610233
57,14,578,HandTipLeft,-1.141914,-0.3255265,2.459311
57,14,578,ThumbLeft,-1.162125,-0.2516767,2.419476
57,14,578,HandTipRight,-0.9388816,-0.3245714,2.793594
57,14,578,ThumbRight,-0.9445845,-0.2742862,2.767084
57,14,612,SpineBase,-1.003416,-0.1624998,2.634144
57,14,612,SpineMid,-0.9782785,0.14562,2.614459
57,14,612,Neck,-0.948296,0.4466012,2.582611
57,14,612,Head,-0.9095168,0.5696253,2.594508
57,14,612,ShoulderLeft,-1.032409,0.3324895,2.491975
57,14,612,ElbowLeft,-1.110872,0.1057207,2.449259
57,14,612,WristLeft,-1.09572,-0.1467728,2.41799
57,14,612,HandLeft,-1.085109,-0.2258034,2.422602
57,14,612,ShoulderRight,-0.8856995,0.3070812,2.720954
57,14,612,ElbowRight,-0.8899726,0.05980258,2.768855
57,14,612,WristRight,-0.8569952,-0.1914855,2.76713
57,14,612,HandRight,-0.8565802,-0.2749261,2.758856
57,14,612,HipLeft,-1.026048,-0.1527627,2.552202
57,14,612,KneeLeft,-0.9740359,-0.483541,2.473584
57,14,612,AnkleLeft,-1.105318,-0.8075948,2.571622
57,14,612,FootLeft,-1.094743,-0.8887817,2.54298
57,14,612,HipRight,-0.9553851,-0.1681239,2.650091
57,14,612,KneeRight,-0.9520749,-0.5074019,2.662182
57,14,612,AnkleRight,-1.044495,-0.8164988,2.661815
57,14,612,FootRight,-1.078125,-0.8911133,2.564453
57,14,612,SpineShoulder,-0.9565399,0.3724224,2.592689
57,14,612,HandTipLeft,-1.083792,-0.2990336,2.419217
57,14,612,ThumbLeft,-1.108325,-0.2502324,2.388727
57,14,612,HandTipRight,-0.8627954,-0.3428,2.752885
57,14,612,ThumbRight,-0.8684494,-0.265495,2.729769
57,14,643,SpineBase,-0.9704372,-0.1523524,2.613702
57,14,643,SpineMid,-0.9468703,0.1523596,2.596951
57,14,643,Neck,-0.919805,0.4496992,2.568505
57,14,644,Head,-0.8729187,0.5714298,2.577348
57,14,644,ShoulderLeft,-0.9985805,0.3360341,2.473919
57,14,644,ElbowLeft,-1.072334,0.1234729,2.426452
57,14,644,WristLeft,-1.059512,-0.06708917,2.393876
57,14,644,HandLeft,-1.049918,-0.145066,2.40185
57,14,644,ShoulderRight,-0.8450266,0.3168867,2.70015
57,14,644,ElbowRight,-0.8400533,0.06959344,2.749129
57,14,644,WristRight,-0.784529,-0.1780626,2.72921
57,14,644,HandRight,-0.7747464,-0.2596887,2.711653
57,14,644,HipLeft,-0.9984107,-0.1455701,2.533651
57,14,644,KneeLeft,-0.9142495,-0.468056,2.442636
57,14,644,AnkleLeft,-1.001973,-0.8142263,2.516972
57,14,644,FootLeft,-0.9584961,-0.9067383,2.462891
57,14,644,HipRight,-0.9177942,-0.155026,2.627777
57,14,644,KneeRight,-0.9191096,-0.4936404,2.644308
57,14,644,AnkleRight,-1.008904,-0.7865698,2.638369
57,14,644,FootRight,-0.9864354,-0.8575614,2.51505
57,14,644,SpineShoulder,-0.9273103,0.3764077,2.577762
57,14,644,HandTipLeft,-1.03558,-0.2160313,2.374999
57,14,644,ThumbLeft,-1.081376,-0.1506261,2.388778
57,14,644,HandTipRight,-0.7656816,-0.3201364,2.698728
57,14,644,ThumbRight,-0.78342,-0.2709317,2.675357
57,14,676,SpineBase,-0.9215261,-0.1541159,2.595376
57,14,677,SpineMid,-0.9018162,0.1505476,2.578693
57,14,677,Neck,-0.8787943,0.4474879,2.550564
57,14,677,Head,-0.8391513,0.5692082,2.561643
57,14,677,ShoulderLeft,-0.9636826,0.3319333,2.45627
57,14,677,ElbowLeft,-1.039952,0.13361,2.405193
57,14,677,WristLeft,-1.006267,-0.117359,2.371227
57,14,677,HandLeft,-0.9898115,-0.1970117,2.369954
57,14,677,ShoulderRight,-0.8101657,0.3132629,2.691379
57,14,677,ElbowRight,-0.7921132,0.06549235,2.737274
57,14,677,WristRight,-0.7111676,-0.1725862,2.689078
57,14,677,HandRight,-0.6929581,-0.2529981,2.665606
57,14,677,HipLeft,-0.94915,-0.1485763,2.513469
57,14,677,KneeLeft,-0.8598695,-0.4687034,2.411611
57,14,677,AnkleLeft,-0.8774469,-0.8343813,2.442335
57,14,677,FootLeft,-0.8364258,-0.9208984,2.388672
57,14,677,HipRight,-0.8709292,-0.1557041,2.611084
57,14,677,KneeRight,-0.9907209,-0.4704342,2.608325
57,14,677,AnkleRight,-1.041398,-0.8358853,2.64203
57,14,677,FootRight,-0.9799805,-0.8994141,2.541016
57,14,677,SpineShoulder,-0.8852308,0.3743447,2.559696
57,14,677,HandTipLeft,-0.9777123,-0.2643916,2.342841
57,14,677,ThumbLeft,-1.006081,-0.2353817,2.326687
57,14,677,HandTipRight,-0.6782507,-0.3109386,2.648599
57,14,677,ThumbRight,-0.6867852,-0.2756297,2.618818
57,14,711,SpineBase,-0.880034,-0.1597875,2.576619
57,14,711,SpineMid,-0.8677831,0.1455958,2.561283
57,14,711,Neck,-0.8507276,0.4430322,2.534041
57,14,711,Head,-0.8026534,0.564326,2.544811
57,14,711,ShoulderLeft,-0.9240256,0.324016,2.437786
57,14,711,ElbowLeft,-1.002666,0.1452214,2.382529
57,14,711,WristLeft,-0.9609252,-0.1044811,2.345468
57,14,711,HandLeft,-0.9448732,-0.1896397,2.342026
57,14,711,ShoulderRight,-0.7661136,0.299232,2.668463
57,14,711,ElbowRight,-0.7385523,0.05241444,2.715332
57,14,711,WristRight,-0.6464834,-0.1505425,2.662744
57,14,711,HandRight,-0.6176533,-0.2312881,2.625395
57,14,711,HipLeft,-0.9097768,-0.150148,2.496035
57,14,711,KneeLeft,-0.7865774,-0.4502186,2.38857
57,14,711,AnkleLeft,-0.7554847,-0.8183842,2.37686
57,14,711,FootLeft,-0.686358,-0.9090623,2.309901
57,14,711,HipRight,-0.8267409,-0.1656861,2.590092
57,14,711,KneeRight,-0.9318467,-0.4819962,2.613711
57,14,711,AnkleRight,-0.9980303,-0.7443945,2.617051
57,14,711,FootRight,-0.907059,-0.7844421,2.53357
57,14,711,SpineShoulder,-0.8557484,0.3697842,2.542973
57,14,711,HandTipLeft,-0.9284279,-0.2545015,2.312412
57,14,711,ThumbLeft,-0.9520363,-0.2378194,2.2916
57,14,711,HandTipRight,-0.585377,-0.2869654,2.5948
57,14,711,ThumbRight,-0.6247456,-0.2423408,2.582857
57,14,743,SpineBase,-0.8388286,-0.165443,2.54243
57,14,743,SpineMid,-0.8248708,0.1372906,2.532514
57,14,743,Neck,-0.8073601,0.4321115,2.510802
57,14,743,Head,-0.7638491,0.5573584,2.524041
57,14,743,ShoulderLeft,-0.8895602,0.3150898,2.417503
57,14,743,ElbowLeft,-0.9602307,0.1186677,2.35801
57,14,743,WristLeft,-0.9113619,-0.1294028,2.317313
57,14,743,HandLeft,-0.8933328,-0.2138004,2.309926
57,14,743,ShoulderRight,-0.73076,0.2920551,2.653153
57,14,743,ElbowRight,-0.6886994,0.05160301,2.693492
57,14,743,WristRight,-0.5953425,-0.1332011,2.639401
57,14,743,HandRight,-0.5508758,-0.2131183,2.598199
57,14,743,HipLeft,-0.8684741,-0.1558777,2.460292
57,14,743,KneeLeft,-0.8648203,-0.4421021,2.419509
57,14,743,AnkleLeft,-0.6828644,-0.7549591,2.324795
57,14,743,FootLeft,-0.5939611,-0.7933773,2.241441
57,14,743,HipRight,-0.7871536,-0.1706503,2.557652
57,14,743,KneeRight,-0.9123056,-0.4749018,2.597936
57,14,743,AnkleRight,-0.9785084,-0.7371131,2.604756
57,14,743,FootRight,-0.887166,-0.7769559,2.521784
57,14,743,SpineShoulder,-0.8123673,0.3595093,2.518343
57,14,743,HandTipLeft,-0.8721129,-0.2756973,2.279942
57,14,743,ThumbLeft,-0.9027229,-0.2512339,2.261533
57,14,743,HandTipRight,-0.5200979,-0.262551,2.562675
57,14,743,ThumbRight,-0.5642956,-0.2258667,2.5746
57,14,780,SpineBase,-0.7920551,-0.1754411,2.52073
57,14,780,SpineMid,-0.7839394,0.1284237,2.511988
57,14,780,Neck,-0.7728021,0.4244191,2.491816
57,14,780,Head,-0.7290857,0.5494987,2.505793
57,14,780,ShoulderLeft,-0.8492606,0.3033082,2.394643
57,14,780,ElbowLeft,-0.9163853,0.09097017,2.332797
57,14,780,WristLeft,-0.8584926,-0.1551361,2.291169
57,14,780,HandLeft,-0.8395929,-0.2375396,2.278979
57,14,780,ShoulderRight,-0.6883165,0.2777156,2.625855
57,14,781,ElbowRight,-0.6423318,0.05334222,2.668223
57,14,781,WristRight,-0.5353443,-0.1306348,2.606294
57,14,781,HandRight,-0.4848161,-0.2052385,2.562845
57,14,781,HipLeft,-0.8232043,-0.1655846,2.439069
57,14,781,KneeLeft,-0.856658,-0.4901932,2.452705
57,14,781,AnkleLeft,-0.6747926,-0.8027927,2.357924
57,14,781,FootLeft,-0.5711967,-0.8319033,2.25905
57,14,781,HipRight,-0.7398345,-0.1806158,2.535174
57,14,781,KneeRight,-0.7213452,-0.4840603,2.337353
57,14,781,AnkleRight,-0.919502,-0.709196,2.534327
57,14,781,FootRight,-0.8289068,-0.7484679,2.449964
57,14,781,SpineShoulder,-0.7763062,0.3515525,2.499011
57,14,781,HandTipLeft,-0.8194195,-0.2971892,2.253253
57,14,781,ThumbLeft,-0.8502812,-0.2621207,2.233
57,14,781,HandTipRight,-0.4495714,-0.2548425,2.528555
57,14,781,ThumbRight,-0.4911582,-0.2214999,2.5146
57,14,811,SpineBase,-0.7407591,-0.1874134,2.496396
57,14,811,SpineMid,-0.7386064,0.1174126,2.487308
57,14,811,Neck,-0.7344389,0.4145234,2.467265
57,14,811,Head,-0.6900484,0.539114,2.483471
57,14,811,ShoulderLeft,-0.8114219,0.2911515,2.367503
57,14,811,ElbowLeft,-0.8715325,0.07966352,2.30758
57,14,811,WristLeft,-0.8160097,-0.1671016,2.266889
57,14,811,HandLeft,-0.7903071,-0.2500832,2.255267
57,14,811,ShoulderRight,-0.6488499,0.2681079,2.605679
57,14,811,ElbowRight,-0.5954567,0.03647419,2.642957
57,14,811,WristRight,-0.4814754,-0.1311435,2.579033
57,14,811,HandRight,-0.4250546,-0.2031732,2.534624
57,14,811,HipLeft,-0.771744,-0.1808023,2.412179
57,14,811,KneeLeft,-0.7686932,-0.4922421,2.384639
57,14,811,AnkleLeft,-0.5578121,-0.7770152,2.262094
57,14,811,FootLeft,-0.4699775,-0.8136334,2.178014
57,14,811,HipRight,-0.6897892,-0.1889541,2.513078
57,14,811,KneeRight,-0.6747258,-0.4953116,2.320637
57,14,811,AnkleRight,-0.8894211,-0.7063821,2.515949
57,14,811,FootRight,-0.7983132,-0.7450824,2.432199
57,14,811,SpineShoulder,-0.7357379,0.3412745,2.474153
57,14,811,HandTipLeft,-0.7697018,-0.3126244,2.229017
57,14,812,ThumbLeft,-0.7976696,-0.2865308,2.213609
57,14,812,HandTipRight,-0.3854212,-0.2509534,2.495389
57,14,812,ThumbRight,-0.4417177,-0.2053737,2.501667
57,14,846,SpineBase,-0.6823357,-0.1931928,2.460294
57,14,846,SpineMid,-0.6910588,0.1120555,2.456673
57,14,846,Neck,-0.6989902,0.4094162,2.443004
57,14,846,Head,-0.6553274,0.5341386,2.463681
57,14,846,ShoulderLeft,-0.7750694,0.2872606,2.343446
57,14,846,ElbowLeft,-0.8366945,0.0750883,2.292397
57,14,846,WristLeft,-0.7663434,-0.1668305,2.242431
57,14,846,HandLeft,-0.739248,-0.2493763,2.235453
57,14,846,ShoulderRight,-0.6068198,0.2637425,2.581763
57,14,846,ElbowRight,-0.5437664,0.01922576,2.613282
57,14,846,WristRight,-0.434729,-0.1299261,2.555665
57,14,846,HandRight,-0.3762328,-0.195097,2.512437
57,14,846,HipLeft,-0.7143025,-0.1884706,2.37835
57,14,846,KneeLeft,-0.7444394,-0.4816049,2.37609
57,14,846,AnkleLeft,-0.5439616,-0.7739569,2.254246
57,14,846,FootLeft,-0.4564499,-0.8093915,2.168834
57,14,846,HipRight,-0.631597,-0.1925865,2.47436
57,14,846,KneeRight,-0.6176897,-0.4979843,2.28162
57,14,846,AnkleRight,-0.8432773,-0.6967117,2.477741
57,14,846,FootRight,-0.7527063,-0.73419,2.392579
57,14,846,SpineShoulder,-0.6969396,0.3361059,2.448066
57,14,846,HandTipLeft,-0.7174016,-0.3150318,2.204687
57,14,846,ThumbLeft,-0.753432,-0.266223,2.196378
57,14,846,HandTipRight,-0.3322342,-0.2398981,2.470739
57,14,846,ThumbRight,-0.3883645,-0.2080037,2.490857
57,14,880,SpineBase,-0.6283062,-0.2005873,2.426313
57,14,880,SpineMid,-0.6451986,0.1069109,2.425154
57,14,880,Neck,-0.6584401,0.4059048,2.411949
57,14,880,Head,-0.6146703,0.5299256,2.442155
57,14,880,ShoulderLeft,-0.7342694,0.2810875,2.314545
57,14,880,ElbowLeft,-0.7807436,0.06118137,2.266931
57,14,880,WristLeft,-0.7131991,-0.1815855,2.21735
57,14,880,HandLeft,-0.6869333,-0.2630295,2.208688
57,14,880,ShoulderRight,-0.5653304,0.2490442,2.550213
57,14,880,ElbowRight,-0.5092266,0.01371878,2.58882
57,14,880,WristRight,-0.4004985,-0.1357396,2.539853
57,14,880,HandRight,-0.3287571,-0.1981091,2.488098
57,14,880,HipLeft,-0.6610619,-0.19565,2.342968
57,14,880,KneeLeft,-0.6760918,-0.4890348,2.334233
57,14,880,AnkleLeft,-0.5051265,-0.8066637,2.236004
57,14,880,FootLeft,-0.4180691,-0.8410921,2.150369
57,14,880,HipRight,-0.577951,-0.1998895,2.441469
57,14,880,KneeRight,-0.5646303,-0.4984083,2.250555
57,14,880,AnkleRight,-0.7981441,-0.6878455,2.446866
57,14,880,FootRight,-0.7079269,-0.7248141,2.361287
57,14,880,SpineShoulder,-0.6557614,0.3323266,2.417399
57,14,880,HandTipLeft,-0.6705014,-0.3294549,2.181143
57,14,880,ThumbLeft,-0.7043445,-0.292009,2.173315
57,14,880,HandTipRight,-0.2812171,-0.2470686,2.452626
57,14,880,ThumbRight,-0.3432958,-0.2120053,2.4636
57,14,911,SpineBase,-0.5816954,-0.2000558,2.406452
57,14,911,SpineMid,-0.6040832,0.1101105,2.407678
57,14,911,Neck,-0.622425,0.4112814,2.396586
57,14,911,Head,-0.5770532,0.5322555,2.423727
57,14,911,ShoulderLeft,-0.6875986,0.2829234,2.29133
57,14,911,ElbowLeft,-0.7328412,0.06565345,2.247578
57,14,912,WristLeft,-0.6669641,-0.1764754,2.191238
57,14,912,HandLeft,-0.6421579,-0.2579173,2.182362
57,14,912,ShoulderRight,-0.5236426,0.2469989,2.521058
57,14,912,ElbowRight,-0.4605908,0.002871313,2.554848
57,14,912,WristRight,-0.3433844,-0.1407498,2.508362
57,14,912,HandRight,-0.2799748,-0.2089989,2.465477
57,14,912,HipLeft,-0.6152378,-0.1944112,2.322118
57,14,912,KneeLeft,-0.6364998,-0.4779969,2.303144
57,14,912,AnkleLeft,-0.4802426,-0.8064533,2.219007
57,14,912,FootLeft,-0.392998,-0.840433,2.133759
57,14,912,HipRight,-0.5316442,-0.2000079,2.422313
57,14,912,KneeRight,-0.520521,-0.5050074,2.226617
57,14,912,AnkleRight,-0.7620753,-0.6845725,2.422764
57,14,912,FootRight,-0.6717173,-0.7211171,2.337514
57,14,912,SpineShoulder,-0.6184964,0.3372079,2.40153
57,14,912,HandTipLeft,-0.6259093,-0.3247496,2.14935
57,14,912,ThumbLeft,-0.6616363,-0.3111478,2.147692
57,14,912,HandTipRight,-0.2377857,-0.258301,2.446652
57,14,912,ThumbRight,-0.2915932,-0.2188658,2.4672
57,14,946,SpineBase,-0.5433263,-0.1958908,2.366199
57,14,946,SpineMid,-0.5614802,0.1168781,2.374818
57,14,946,Neck,-0.5763153,0.4206152,2.37124
57,14,946,Head,-0.5336478,0.5391759,2.403074
57,14,946,ShoulderLeft,-0.6482514,0.2920566,2.269117
57,14,946,ElbowLeft,-0.686422,0.0665978,2.224305
57,14,946,WristLeft,-0.620757,-0.1735142,2.158138
57,14,946,HandLeft,-0.5940536,-0.2525069,2.149762
57,14,946,ShoulderRight,-0.4841882,0.2469534,2.487975
57,14,946,ElbowRight,-0.4252446,0.003049561,2.5272
57,14,946,WristRight,-0.3210744,-0.153005,2.497258
57,14,946,HandRight,-0.2584894,-0.2047781,2.455969
57,14,946,HipLeft,-0.5772905,-0.1893298,2.284597
57,14,946,KneeLeft,-0.5943764,-0.4833664,2.273963
57,14,946,AnkleLeft,-0.4628218,-0.8255436,2.208061
57,14,946,FootLeft,-0.3767729,-0.859195,2.121375
57,14,946,HipRight,-0.493659,-0.1967691,2.379154
57,14,946,KneeRight,-0.4834089,-0.5083533,2.196345
57,14,946,AnkleRight,-0.718123,-0.687561,2.400572
57,14,946,FootRight,-0.6291903,-0.7239342,2.313722
57,14,947,SpineShoulder,-0.5731749,0.3459127,2.374293
57,14,947,HandTipLeft,-0.577234,-0.3200825,2.11948
57,14,947,ThumbLeft,-0.6024104,-0.2341105,2.0835
57,14,947,HandTipRight,-0.2118669,-0.2707567,2.441881
57,14,947,ThumbRight,-0.2200919,-0.2801496,2.453
57,14,977,SpineBase,-0.4996773,-0.1912935,2.352534
57,14,977,SpineMid,-0.5233743,0.1257001,2.359489
57,14,977,Neck,-0.5428606,0.433295,2.354069
57,14,977,Head,-0.4916047,0.5505072,2.385954
57,14,977,ShoulderLeft,-0.6026272,0.3040596,2.246746
57,14,977,ElbowLeft,-0.6409815,0.07088968,2.199067
57,14,977,WristLeft,-0.5765166,-0.1689837,2.130451
57,14,977,HandLeft,-0.5514303,-0.248997,2.121203
57,14,977,ShoulderRight,-0.4507965,0.2595516,2.470798
57,14,977,ElbowRight,-0.3978548,0.01352406,2.506773
57,14,977,WristRight,-0.2938862,-0.1418443,2.471003
57,14,977,HandRight,-0.2351718,-0.2069853,2.440582
57,14,977,HipLeft,-0.5315216,-0.1838387,2.271384
57,14,977,KneeLeft,-0.5801814,-0.4797901,2.257055
57,14,977,AnkleLeft,-0.4574387,-0.8269141,2.204048
57,14,977,FootLeft,-0.3687506,-0.8603898,2.121303
57,14,977,HipRight,-0.4531333,-0.1930988,2.364819
57,14,977,KneeRight,-0.4666987,-0.5061526,2.186269
57,14,977,AnkleRight,-0.688092,-0.6988559,2.392942
57,14,977,FootRight,-0.5968096,-0.7349007,2.309983
57,14,977,SpineShoulder,-0.538622,0.3576599,2.357602
57,14,977,HandTipLeft,-0.5391526,-0.3156421,2.092618
57,14,977,ThumbLeft,-0.5657296,-0.2781141,2.082525
57,14,977,HandTipRight,-0.190654,-0.2655087,2.425551
57,14,977,ThumbRight,-0.2322465,-0.2391998,2.4388
57,15,012,SpineBase,-0.4711671,-0.1852648,2.334408
57,15,012,SpineMid,-0.4867725,0.1369441,2.340311
57,15,012,Neck,-0.4988193,0.4503126,2.334324
57,15,012,Head,-0.4596652,0.5706629,2.369974
57,15,012,ShoulderLeft,-0.5632956,0.3193564,2.228275
57,15,012,ElbowLeft,-0.5965253,0.08894574,2.169904
57,15,012,WristLeft,-0.5275605,-0.1511265,2.106839
57,15,012,HandLeft,-0.4998225,-0.2641885,2.092061
57,15,012,ShoulderRight,-0.4068457,0.2764656,2.451046
57,15,012,ElbowRight,-0.3615189,0.02629365,2.473334
57,15,012,WristRight,-0.2300392,-0.190548,2.438326
57,15,012,HandRight,-0.2032174,-0.2373023,2.42676
57,15,012,HipLeft,-0.5039079,-0.1773237,2.25558
57,15,012,KneeLeft,-0.5552319,-0.4888219,2.235722
57,15,012,AnkleLeft,-0.4482642,-0.8424182,2.199542
57,15,012,FootLeft,-0.3610394,-0.8761772,2.115212
57,15,012,HipRight,-0.4244977,-0.1877445,2.34407
57,15,012,KneeRight,-0.4204809,-0.5158073,2.202703
57,15,012,AnkleRight,-0.6470955,-0.7324014,2.380297
57,15,012,FootRight,-0.5576484,-0.7684585,2.295702
57,15,012,SpineShoulder,-0.4961808,0.37328,2.337867
57,15,012,HandTipLeft,-0.4901469,-0.3312826,2.085847
57,15,012,ThumbLeft,-0.5247822,-0.2648385,2.056085
57,15,012,HandTipRight,-0.1815166,-0.2957513,2.407368
57,15,012,ThumbRight,-0.2131965,-0.269724,2.424333
57,15,047,SpineBase,-0.4355108,-0.1778358,2.317974
57,15,047,SpineMid,-0.4516989,0.1481329,2.326413
57,15,047,Neck,-0.465052,0.4642669,2.322535
57,15,047,Head,-0.417871,0.5849172,2.352951
57,15,047,ShoulderLeft,-0.5213054,0.33374,2.210462
57,15,047,ElbowLeft,-0.5561506,0.1028369,2.151271
57,15,047,WristLeft,-0.4876502,-0.1373502,2.087524
57,15,047,HandLeft,-0.4589757,-0.2482059,2.068036
57,15,047,ShoulderRight,-0.3731554,0.2903447,2.439251
57,15,047,ElbowRight,-0.3572924,0.03670307,2.383951
57,15,047,WristRight,-0.233537,-0.1788804,2.428222
57,15,047,HandRight,-0.2042854,-0.233087,2.419069
57,15,047,HipLeft,-0.4667737,-0.1695303,2.242841
57,15,047,KneeLeft,-0.4262547,-0.5084123,2.153381
57,15,047,AnkleLeft,-0.4401211,-0.8670882,2.197979
57,15,047,FootLeft,-0.3843094,-0.9326427,2.15602
57,15,047,HipRight,-0.3909518,-0.1807601,2.323693
57,15,047,KneeRight,-0.3651097,-0.5008429,2.243458
57,15,047,AnkleRight,-0.5561831,-0.7863436,2.360922
57,15,047,FootRight,-0.465843,-0.8215092,2.279428
57,15,048,SpineShoulder,-0.4623155,0.3865272,2.325704
57,15,048,HandTipLeft,-0.4477823,-0.309016,2.063808
57,15,048,ThumbLeft,-0.4786628,-0.2507292,2.026999
57,15,048,HandTipRight,-0.1818211,-0.292743,2.405786
57,15,048,ThumbRight,-0.2038247,-0.2927464,2.419
57,15,078,SpineBase,-0.4083797,-0.1738125,2.308605
57,15,078,SpineMid,-0.4158683,0.1578564,2.310634
57,15,078,Neck,-0.4207404,0.4805246,2.299314
57,15,078,Head,-0.3785079,0.6012619,2.336771
57,15,078,ShoulderLeft,-0.4797092,0.3484291,2.186738
57,15,079,ElbowLeft,-0.515926,0.1195559,2.125218
57,15,079,WristLeft,-0.4410426,-0.1114484,2.063299
57,15,079,HandLeft,-0.4256645,-0.194013,2.074977
57,15,079,ShoulderRight,-0.3289369,0.3064924,2.416028
57,15,079,ElbowRight,-0.3172559,0.05223227,2.362542
57,15,079,WristRight,-0.2334801,-0.1775119,2.421282
57,15,079,HandRight,-0.2052947,-0.2321777,2.405102
57,15,079,HipLeft,-0.437141,-0.1672466,2.234336
57,15,079,KneeLeft,-0.4261834,-0.5085199,2.150623
57,15,079,AnkleLeft,-0.4431705,-0.8655249,2.202388
57,15,079,FootLeft,-0.4005784,-0.936231,2.16531
57,15,079,HipRight,-0.3672047,-0.1752793,2.313562
57,15,079,KneeRight,-0.3097299,-0.5152876,2.271
57,15,079,AnkleRight,-0.5158691,-0.8170433,2.302423
57,15,079,FootRight,-0.4520812,-0.9142746,2.259938
57,15,079,SpineShoulder,-0.4188445,0.4015464,2.303822
57,15,079,HandTipLeft,-0.4007468,-0.2615921,2.02651
57,15,079,ThumbLeft,-0.3814423,-0.1802906,2.114
57,15,079,HandTipRight,-0.1955568,-0.2938573,2.407058
57,15,079,ThumbRight,-0.209279,-0.2977008,2.406
57,15,115,SpineBase,-0.3612303,-0.1671019,2.283751
57,15,115,SpineMid,-0.3740006,0.1665532,2.288796
57,15,115,Neck,-0.3862159,0.4892261,2.282169
57,15,115,Head,-0.3345261,0.6055716,2.317936
57,15,115,ShoulderLeft,-0.4351155,0.3553901,2.161332
57,15,115,ElbowLeft,-0.4806863,0.1303281,2.101663
57,15,115,WristLeft,-0.3969327,-0.08662074,2.039958
57,15,115,HandLeft,-0.3840153,-0.1681699,2.051183
57,15,115,ShoulderRight,-0.294487,0.315119,2.398873
57,15,115,ElbowRight,-0.2802744,0.06102518,2.343869
57,15,115,WristRight,-0.2204881,-0.1764891,2.374222
57,15,115,HandRight,-0.1951012,-0.2373811,2.377716
57,15,115,HipLeft,-0.3914403,-0.1616229,2.210932
57,15,115,KneeLeft,-0.4218099,-0.5029033,2.145699
57,15,115,AnkleLeft,-0.410547,-0.8633975,2.209466
57,15,115,FootLeft,-0.3842497,-0.9357032,2.152071
57,15,115,HipRight,-0.3200578,-0.1674884,2.286976
57,15,115,KneeRight,-0.2439812,-0.5042111,2.251546
57,15,115,AnkleRight,-0.4348447,-0.8141174,2.295214
57,15,115,FootRight,-0.3425992,-0.8893864,2.250211
57,15,115,SpineShoulder,-0.384468,0.4097945,2.286471
57,15,115,HandTipLeft,-0.3489066,-0.2314193,1.996938
57,15,115,ThumbLeft,-0.3527984,-0.1485078,2.098905
57,15,115,HandTipRight,-0.1728752,-0.2907636,2.366786
57,15,115,ThumbRight,-0.2082431,-0.230231,2.320455
57,15,145,SpineBase,-0.3336924,-0.1660961,2.26371
57,15,145,SpineMid,-0.3404025,0.1695619,2.269911
57,15,145,Neck,-0.3422556,0.4951155,2.262876
57,15,145,Head,-0.2840042,0.6081821,2.29765
57,15,145,ShoulderLeft,-0.4017113,0.356528,2.146539
57,15,145,ElbowLeft,-0.4407331,0.1511298,2.074622
57,15,145,WristLeft,-0.3538991,-0.07959872,2.019506
57,15,145,HandLeft,-0.3348463,-0.1611766,2.027348
57,15,145,ShoulderRight,-0.2506265,0.3209304,2.379556
57,15,145,ElbowRight,-0.2292195,0.06936452,2.312725
57,15,145,WristRight,-0.1666427,-0.1766334,2.321411
57,15,145,HandRight,-0.125979,-0.2698318,2.331229
57,15,145,HipLeft,-0.3663514,-0.1596054,2.190057
57,15,145,KneeLeft,-0.4143029,-0.4992567,2.135545
57,15,145,AnkleLeft,-0.4090115,-0.8591751,2.202383
57,15,145,FootLeft,-0.3784522,-0.932429,2.153041
57,15,145,HipRight,-0.2906383,-0.1675024,2.26761
57,15,145,KneeRight,-0.1838656,-0.480841,2.228312
57,15,145,AnkleRight,-0.2657891,-0.8402727,2.229097
57,15,145,FootRight,-0.2252197,-0.918457,2.171875
57,15,145,SpineShoulder,-0.3414631,0.4152238,2.266387
57,15,145,HandTipLeft,-0.2953021,-0.2243949,1.978737
57,15,145,ThumbLeft,-0.3775282,-0.1751602,2.063037
57,15,145,HandTipRight,-0.1040259,-0.3230624,2.320289
57,15,145,ThumbRight,-0.1397548,-0.2623212,2.273963
57,15,179,SpineBase,-0.2817379,-0.1684368,2.24644
57,15,179,SpineMid,-0.2921536,0.1669475,2.251006
57,15,179,Neck,-0.3044118,0.4919627,2.244763
57,15,179,Head,-0.2589862,0.6133897,2.287543
57,15,179,ShoulderLeft,-0.3578316,0.3560871,2.127004
57,15,179,ElbowLeft,-0.4102915,0.1512615,2.056733
57,15,179,WristLeft,-0.3078054,-0.07906504,2.001744
57,15,179,HandLeft,-0.283171,-0.1606899,2.006493
57,15,179,ShoulderRight,-0.2128666,0.317727,2.361407
57,15,179,ElbowRight,-0.1925728,0.06597461,2.294934
57,15,179,WristRight,-0.1311185,-0.1802276,2.304113
57,15,179,HandRight,-0.09063067,-0.2731266,2.313948
57,15,179,HipLeft,-0.3151396,-0.1604404,2.172766
57,15,179,KneeLeft,-0.39667,-0.4842171,2.113892
57,15,180,AnkleLeft,-0.4146613,-0.8398962,2.195657
57,15,180,FootLeft,-0.3833793,-0.9232926,2.154928
57,15,180,HipRight,-0.2396207,-0.1711887,2.250211
57,15,180,KneeRight,-0.1399557,-0.4836269,2.20729
57,15,180,AnkleRight,-0.1434675,-0.8419736,2.180508
57,15,180,FootRight,-0.05797853,-0.8758909,2.100256
57,15,180,SpineShoulder,-0.3023456,0.4122055,2.248724
57,15,180,HandTipLeft,-0.2379604,-0.2224078,1.961698
57,15,180,ThumbLeft,-0.3302499,-0.1589378,2.050806
57,15,180,HandTipRight,-0.06882282,-0.3263361,2.303002
57,15,180,ThumbRight,-0.1047427,-0.2655631,2.256674
57,15,211,SpineBase,-0.2536752,-0.1747021,2.229449
57,15,211,SpineMid,-0.2584787,0.1612023,2.233537
57,15,211,Neck,-0.2579123,0.4860269,2.223555
57,15,211,Head,-0.2061018,0.6048549,2.267536
57,15,211,ShoulderLeft,-0.3241185,0.3510517,2.113376
57,15,211,ElbowLeft,-0.3767745,0.162689,2.038036
57,15,211,WristLeft,-0.2758553,-0.06873857,1.984947
57,15,211,HandLeft,-0.2401565,-0.1471633,1.984319
57,15,211,ShoulderRight,-0.166476,0.3117369,2.340148
57,15,211,ElbowRight,-0.1461028,0.06001037,2.273472
57,15,211,WristRight,-0.08447406,-0.1861283,2.282363
57,15,211,HandRight,-0.04389068,-0.2792483,2.292178
57,15,211,HipLeft,-0.2916722,-0.1652723,2.158189
57,15,211,KneeLeft,-0.3805147,-0.4827711,2.106045
57,15,211,AnkleLeft,-0.4136048,-0.8356593,2.19347
57,15,211,FootLeft,-0.3845181,-0.9237605,2.154829
57,15,211,HipRight,-0.2074181,-0.1787868,2.230531
57,15,211,KneeRight,-0.1000724,-0.4948683,2.192332
57,15,211,AnkleRight,-0.03457551,-0.847162,2.137486
57,15,211,FootRight,0.03570557,-0.9111328,2.064453
57,15,211,SpineShoulder,-0.2575701,0.4061483,2.227809
57,15,211,HandTipLeft,-0.1895289,-0.2097389,1.939257
57,15,211,ThumbLeft,-0.2763484,-0.162481,2.036045
57,15,211,HandTipRight,-0.02227891,-0.3324227,2.281227
57,15,211,ThumbRight,-0.05845594,-0.2715985,2.234901
57,15,244,SpineBase,-0.2054197,-0.1836111,2.207139
57,15,244,SpineMid,-0.211989,0.1520554,2.213021
57,15,244,Neck,-0.2216936,0.477905,2.208047
57,15,244,Head,-0.1680232,0.5959101,2.248693
57,15,244,ShoulderLeft,-0.2841153,0.3431791,2.092671
57,15,244,ElbowLeft,-0.3305173,0.1549533,2.012406
57,15,244,WristLeft,-0.2273668,-0.07509125,1.956998
57,15,244,HandLeft,-0.1891943,-0.1535711,1.946541
57,15,245,ShoulderRight,-0.1303464,0.3035845,2.324593
57,15,245,ElbowRight,-0.1102038,0.05178649,2.257868
57,15,245,WristRight,-0.109097,-0.1030054,2.140337
57,15,245,HandRight,-0.1220002,-0.1347484,2.142181
57,15,245,HipLeft,-0.242226,-0.1726416,2.136665
57,15,245,KneeLeft,-0.335393,-0.4944251,2.095268
57,15,245,AnkleLeft,-0.4114144,-0.8373272,2.19214
57,15,245,FootLeft,-0.3848963,-0.9248284,2.154445
57,15,245,HipRight,-0.1621404,-0.1887427,2.207511
57,15,245,KneeRight,-0.05421973,-0.5005665,2.165798
57,15,245,AnkleRight,0.06842923,-0.8305721,2.092546
57,15,245,FootRight,0.1507505,-0.8995667,2.022327
57,15,245,SpineShoulder,-0.2202612,0.398062,2.211807
57,15,245,HandTipLeft,-0.1379428,-0.2122911,1.915015
57,15,245,ThumbLeft,-0.2035134,-0.1540443,2.011941
57,15,245,HandTipRight,-0.102791,-0.1921433,2.14549
57,15,245,ThumbRight,-0.1537212,-0.1248784,2.094021
57,15,280,SpineBase,-0.1741922,-0.1947639,2.183173
57,15,280,SpineMid,-0.1755999,0.1396323,2.19166
57,15,280,Neck,-0.1738748,0.4624969,2.186714
57,15,280,Head,-0.1206595,0.580867,2.224294
57,15,280,ShoulderLeft,-0.240918,0.3305415,2.072485
57,15,280,ElbowLeft,-0.286632,0.1398387,1.992018
57,15,280,WristLeft,-0.1845728,-0.0869468,1.930771
57,15,280,HandLeft,-0.1379328,-0.1704725,1.914333
57,15,280,ShoulderRight,-0.08264903,0.288148,2.303186
57,15,280,ElbowRight,-0.06281773,0.03630468,2.236394
57,15,281,WristRight,-0.06877361,-0.1192502,2.12008
57,15,281,HandRight,-0.07981977,-0.1512313,2.124393
57,15,281,HipLeft,-0.2133094,-0.1818166,2.116002
57,15,281,KneeLeft,-0.3161884,-0.4973153,2.081689
57,15,281,AnkleLeft,-0.4079331,-0.8332741,2.18722
57,15,281,FootLeft,-0.3862456,-0.9264566,2.151892
57,15,281,HipRight,-0.1294346,-0.2015944,2.179929
57,15,281,KneeRight,-0.03940327,-0.4962192,2.155107
57,15,281,AnkleRight,0.1331228,-0.8121378,2.057466
57,15,281,FootRight,0.2115619,-0.8465112,1.973369
57,15,281,SpineShoulder,-0.1737422,0.3830086,2.189714
57,15,281,HandTipLeft,-0.0898844,-0.2290091,1.888142
57,15,281,ThumbLeft,-0.1462616,-0.1714899,1.986182
57,15,281,HandTipRight,-0.06020404,-0.2307955,2.147837
57,15,281,ThumbRight,-0.1130254,-0.1716299,2.048
57,15,313,SpineBase,-0.1246687,-0.2094172,2.165521
57,15,313,SpineMid,-0.1276619,0.1268049,2.1739
57,15,313,Neck,-0.1319785,0.4526039,2.170102
57,15,313,Head,-0.07564333,0.5696796,2.207441
57,15,313,ShoulderLeft,-0.2047551,0.3204543,2.05847
57,15,313,ElbowLeft,-0.2497659,0.1194505,1.981272
57,15,314,WristLeft,-0.1460095,-0.09246358,1.913412
57,15,314,HandLeft,-0.09941039,-0.1729199,1.896362
57,15,314,ShoulderRight,-0.04086884,0.2782277,2.286517
57,15,314,ElbowRight,-0.0213174,0.0263281,2.219678
57,15,314,WristRight,-0.02468758,-0.1289733,2.102805
57,15,314,HandRight,-0.03459395,-0.1639941,2.112965
57,15,314,HipLeft,-0.1650767,-0.1966137,2.095634
57,15,314,KneeLeft,-0.2662312,-0.4942868,2.055994
57,15,314,AnkleLeft,-0.3937578,-0.8128318,2.175392
57,15,314,FootLeft,-0.387214,-0.9236094,2.149757
57,15,314,HipRight,-0.08027565,-0.2154237,2.165202
57,15,314,KneeRight,0.01358375,-0.4965276,2.124769
57,15,314,AnkleRight,0.1801721,-0.8179943,2.037276
57,15,314,FootRight,0.2568829,-0.8519404,1.951592
57,15,314,SpineShoulder,-0.1316324,0.3727982,2.173473
57,15,314,HandTipLeft,-0.05057438,-0.2309871,1.862086
57,15,314,ThumbLeft,-0.1125999,-0.1778653,1.961429
57,15,314,HandTipRight,-0.0178349,-0.2372486,2.126836
57,15,314,ThumbRight,-0.07010284,-0.178556,2.039
57,15,344,SpineBase,-0.07462493,-0.2138328,2.146472
57,15,344,SpineMid,-0.08249061,0.121848,2.157216
57,15,344,Neck,-0.08853643,0.4464684,2.154427
57,15,346,Head,-0.029551,0.5626262,2.192091
57,15,346,ShoulderLeft,-0.1563656,0.3109784,2.042142
57,15,346,ElbowLeft,-0.2044442,0.1075556,1.969073
57,15,346,WristLeft,-0.1113388,-0.0971486,1.896214
57,15,346,HandLeft,-0.06517451,-0.1749516,1.875061
57,15,346,ShoulderRight,0.002444279,0.2720587,2.270794
57,15,346,ElbowRight,0.02169976,0.02008041,2.20392
57,15,346,WristRight,0.01550951,-0.1354904,2.087468
57,15,346,HandRight,0.01115295,-0.1710913,2.09481
57,15,346,HipLeft,-0.115947,-0.2004733,2.077997
57,15,346,KneeLeft,-0.2185496,-0.4944019,2.038522
57,15,346,AnkleLeft,-0.3754143,-0.7977229,2.162325
57,15,346,FootLeft,-0.28937,-0.8324584,2.077869
57,15,346,HipRight,-0.03091654,-0.2201848,2.144689
57,15,346,KneeRight,0.07021774,-0.5026243,2.099298
57,15,346,AnkleRight,0.2053988,-0.840952,2.025426
57,15,346,FootRight,0.2826939,-0.8743039,1.941193
57,15,346,SpineShoulder,-0.08659059,0.3667356,2.157143
57,15,346,HandTipLeft,-0.01743106,-0.2337248,1.83586
57,15,346,ThumbLeft,-0.06364136,-0.1774899,1.91875
57,15,346,HandTipRight,0.03597358,-0.240426,2.110923
57,15,346,ThumbRight,-0.02919186,-0.1861316,2.017429
57,15,377,SpineBase,-0.01504696,-0.2218543,2.131781
57,15,377,SpineMid,-0.02867379,0.114214,2.145439
57,15,377,Neck,-0.04456166,0.4396563,2.146451
57,15,377,Head,0.003714777,0.5610173,2.17904
57,15,377,ShoulderLeft,-0.114229,0.3023085,2.027492
57,15,377,ElbowLeft,-0.1633522,0.09514396,1.960722
57,15,377,WristLeft,-0.06419385,-0.1174519,1.877253
57,15,377,HandLeft,-0.0245696,-0.1983147,1.853728
57,15,377,ShoulderRight,0.0462749,0.2652367,2.262762
57,15,377,ElbowRight,0.06522484,0.01322126,2.195858
57,15,377,WristRight,0.06120204,-0.1421998,2.079034
57,15,377,HandRight,0.06352916,-0.1806101,2.075049
57,15,377,HipLeft,-0.05485374,-0.2127849,2.065724
57,15,377,KneeLeft,-0.1585143,-0.4942651,2.021994
57,15,377,AnkleLeft,-0.3408521,-0.7841931,2.144014
57,15,377,FootLeft,-0.2544754,-0.8184429,2.060169
57,15,377,HipRight,0.02520581,-0.2236091,2.127578
57,15,377,KneeRight,0.1515504,-0.5423922,2.067985
57,15,377,AnkleRight,0.2324374,-0.8441105,2.016947
57,15,377,FootRight,0.2959395,-0.9164523,1.94275
57,15,377,SpineShoulder,-0.04048062,0.3597581,2.148399
57,15,378,HandTipLeft,0.01944267,-0.2539276,1.813112
57,15,378,ThumbLeft,0.01905106,-0.2264875,1.830941
57,15,378,HandTipRight,0.1060001,-0.2506721,2.095333
57,15,378,ThumbRight,0.01635335,-0.1888281,2.0068
57,15,412,SpineBase,0.03419761,-0.2170104,2.112015
57,15,412,SpineMid,0.01631245,0.1192306,2.127347
57,15,412,Neck,0.000704887,0.4444563,2.128737
57,15,412,Head,0.05427159,0.5641443,2.161739
57,15,412,ShoulderLeft,-0.07717244,0.3008013,2.012951
57,15,412,ElbowLeft,-0.1082991,0.07772927,1.943542
57,15,412,WristLeft,-0.01586502,-0.1496307,1.861167
57,15,412,HandLeft,0.01378246,-0.2308654,1.832397
57,15,412,ShoulderRight,0.09139597,0.2699711,2.245031
57,15,412,ElbowRight,0.1100234,0.01788103,2.178147
57,15,412,WristRight,0.1036788,-0.1377892,2.061738
57,15,412,HandRight,0.1072476,-0.1738409,2.0576
57,15,412,HipLeft,-0.01138365,-0.2097393,2.044839
57,15,412,KneeLeft,-0.101631,-0.4949207,1.995664
57,15,412,AnkleLeft,-0.3018496,-0.7708465,2.122402
57,15,412,FootLeft,-0.2175969,-0.8050105,2.035906
57,15,413,HipRight,0.07709176,-0.2171656,2.109641
57,15,413,KneeRight,0.1915912,-0.5403897,2.055413
57,15,413,AnkleRight,0.2434673,-0.8470789,2.013596
57,15,413,FootRight,0.2996715,-0.9216456,1.940831
57,15,413,SpineShoulder,0.004386107,0.3646492,2.130674
57,15,413,HandTipLeft,0.05435035,-0.2874859,1.804893
57,15,413,ThumbLeft,-0.02015203,-0.2439715,1.9075
57,15,413,HandTipRight,0.1353019,-0.2487579,2.077494
57,15,413,ThumbRight,0.05814639,-0.1781857,1.9828
57,15,446,SpineBase,0.09029888,-0.2129134,2.107797
57,15,446,SpineMid,0.06749216,0.1256649,2.116808
57,15,446,Neck,0.04207416,0.4523628,2.113679
57,15,447,Head,0.09247921,0.5746198,2.14941
57,15,447,ShoulderLeft,-0.02865682,0.3079277,1.995392
57,15,447,ElbowLeft,-0.06849252,0.07482604,1.933014
57,15,447,WristLeft,0.009371883,-0.1590063,1.854488
57,15,447,HandLeft,0.03672835,-0.2433296,1.834216
57,15,447,ShoulderRight,0.1326268,0.2778121,2.229969
57,15,447,ElbowRight,0.150957,0.02563421,2.163117
57,15,447,WristRight,0.1462184,-0.129707,2.046095
57,15,447,HandRight,0.1478736,-0.163739,2.04064
57,15,447,HipLeft,0.04921187,-0.2080041,2.041033
57,15,447,KneeLeft,-0.03362492,-0.502282,1.97416
57,15,447,AnkleLeft,-0.2505921,-0.7657353,2.101071
57,15,447,FootLeft,-0.1656247,-0.7997136,2.016575
57,15,447,HipRight,0.1281513,-0.2107546,2.104365
57,15,447,KneeRight,0.2223904,-0.540388,2.052743
57,15,447,AnkleRight,0.2496997,-0.8561451,2.008455
57,15,447,FootRight,0.2998272,-0.9247617,1.940486
57,15,447,SpineShoulder,0.04845948,0.3722793,2.116562
57,15,447,HandTipLeft,0.07105701,-0.2948334,1.791068
57,15,447,ThumbLeft,-0.005404383,-0.2450172,1.89775
57,15,447,HandTipRight,0.1734241,-0.2406367,2.063951
57,15,447,ThumbRight,0.1029268,-0.1663678,1.965393
57,15,477,SpineBase,0.1335211,-0.2047116,2.092253
57,15,477,SpineMid,0.1053052,0.1350152,2.103333
57,15,477,Neck,0.07980841,0.4637599,2.100305
57,15,477,Head,0.1390098,0.5818412,2.131278
57,15,477,ShoulderLeft,-0.0003237666,0.3156877,1.983024
57,15,477,ElbowLeft,-0.03385199,0.07803816,1.922122
57,15,477,WristLeft,0.04069025,-0.1579483,1.847475
57,15,477,HandLeft,0.06013102,-0.2369561,1.829884
57,15,477,ShoulderRight,0.1702313,0.28914,2.216605
57,15,478,ElbowRight,0.1882894,0.03685575,2.149801
57,15,478,WristRight,0.1818723,-0.1188905,2.033363
57,15,478,HandRight,0.1883532,-0.1479365,2.026237
57,15,478,HipLeft,0.09242319,-0.200987,2.024259
57,15,478,KneeLeft,0.03566292,-0.5121471,1.949656
57,15,478,AnkleLeft,-0.1904864,-0.7655304,2.081564
57,15,478,FootLeft,-0.225554,-0.8698558,2.06155
57,15,478,HipRight,0.1702802,-0.201558,2.090003
57,15,478,KneeRight,0.2497997,-0.5352309,2.04596
57,15,478,AnkleRight,0.2568285,-0.87093,2.002975
57,15,478,FootRight,0.3018969,-0.92772,1.941542
57,15,479,SpineShoulder,0.08608834,0.3831116,2.103293
57,15,479,HandTipLeft,0.08243838,-0.2989157,1.787289
57,15,479,ThumbLeft,0.01748683,-0.2468541,1.887867
57,15,479,HandTipRight,0.1997174,-0.2264091,2.043169
57,15,479,ThumbRight,0.1436032,-0.1516566,1.9485
57,15,512,SpineBase,0.1819538,-0.1831639,2.077149
57,15,512,SpineMid,0.1509102,0.1540569,2.083717
57,15,512,Neck,0.1181507,0.4789609,2.078208
57,15,512,Head,0.1773961,0.5984161,2.111842
57,15,512,ShoulderLeft,0.04392718,0.3296105,1.960117
57,15,512,ElbowLeft,0.003207231,0.09162819,1.905021
57,15,512,WristLeft,0.06180789,-0.1507206,1.837756
57,15,512,HandLeft,0.09107459,-0.2459904,1.823883
57,15,512,ShoulderRight,0.2084457,0.3042389,2.194538
57,15,512,ElbowRight,0.2262231,0.05179984,2.127799
57,15,512,WristRight,0.2207925,-0.1036735,2.010811
57,15,512,HandRight,0.2255411,-0.1328709,2.010469
57,15,512,HipLeft,0.1405503,-0.1726214,2.010735
57,15,512,KneeLeft,0.1114257,-0.4612013,1.908798
57,15,512,AnkleLeft,-0.09052315,-0.7430511,2.02438
57,15,512,FootLeft,-0.008417152,-0.7766456,1.938805
57,15,512,HipRight,0.2168875,-0.1876019,2.07357
57,15,512,KneeRight,0.2835082,-0.4816644,2.035469
57,15,512,AnkleRight,0.2577305,-0.8497778,2.003388
57,15,512,FootRight,0.3011512,-0.9280523,1.941127
57,15,512,SpineShoulder,0.1265526,0.3993878,2.081625
57,15,512,HandTipLeft,0.1103269,-0.3150777,1.81437
57,15,512,ThumbLeft,0.04242677,-0.2555774,1.8772
57,15,512,HandTipRight,0.2313119,-0.2120258,2.021718
57,15,512,ThumbRight,0.1788313,-0.1313598,1.928087
57,15,547,SpineBase,0.210031,-0.155126,2.053602
57,15,547,SpineMid,0.1783853,0.1716157,2.067358
57,15,547,Neck,0.1487472,0.4894622,2.066028
57,15,547,Head,0.2216952,0.6021478,2.093645
57,15,547,ShoulderLeft,0.07047632,0.3436272,1.950052
57,15,547,ElbowLeft,0.03958818,0.08926753,1.894459
57,15,547,WristLeft,0.09400584,-0.1549148,1.830888
57,15,547,HandLeft,0.1071497,-0.2136313,1.81613
57,15,547,ShoulderRight,0.2389344,0.3146791,2.182376
57,15,547,ElbowRight,0.256493,0.06208382,2.115676
57,15,547,WristRight,0.2500042,-0.09376401,1.999133
57,15,547,HandRight,0.2609886,-0.1197587,1.998475
57,15,547,HipLeft,0.1649215,-0.1514889,1.983789
57,15,547,KneeLeft,0.1755119,-0.4580309,1.890128
57,15,547,AnkleLeft,-0.002619863,-0.7624874,1.988854
57,15,547,FootLeft,-0.01783503,-0.8719481,1.961558
57,15,547,HipRight,0.2489004,-0.1521394,2.053144
57,15,547,KneeRight,0.2919861,-0.4934963,2.004083
57,15,547,AnkleRight,0.2571037,-0.8602186,2.003031
57,15,547,FootRight,0.3000525,-0.9279251,1.940555
57,15,547,SpineShoulder,0.1559198,0.4114258,2.068678
57,15,547,HandTipLeft,0.1158752,-0.2804391,1.795471
57,15,547,ThumbLeft,0.1346983,-0.1880186,1.82932
57,15,547,HandTipRight,0.2624412,-0.1994853,2.007018
57,15,547,ThumbRight,0.2154402,-0.1202612,1.912808
57,15,577,SpineBase,0.2353499,-0.1479237,2.038843
57,15,577,SpineMid,0.2128814,0.1828732,2.048231
57,15,577,Neck,0.1885218,0.5017397,2.045696
57,15,578,Head,0.2548571,0.6182333,2.074797
57,15,578,ShoulderLeft,0.1025736,0.3505782,1.932667
57,15,578,ElbowLeft,0.05328912,0.0999279,1.888764
57,15,578,WristLeft,0.1134095,-0.1284277,1.827407
57,15,578,HandLeft,0.1349073,-0.2079303,1.818613
57,15,578,ShoulderRight,0.2785693,0.3268697,2.162072
57,15,578,ElbowRight,0.2958331,0.07414682,2.095441
57,15,578,WristRight,0.2898247,-0.08158372,1.978625
57,15,578,HandRight,0.2933856,-0.1057824,1.980463
57,15,578,HipLeft,0.1894074,-0.1459489,1.968481
57,15,578,KneeLeft,0.2354351,-0.4598674,1.867477
57,15,578,AnkleLeft,0.09319972,-0.7881197,1.948924
57,15,578,FootLeft,0.1570396,-0.8792636,1.917
57,15,578,HipRight,0.2726706,-0.1447162,2.039589
57,15,578,KneeRight,0.3671892,-0.3988693,2.087391
57,15,578,AnkleRight,0.2817549,-0.7552418,2.019727
57,15,578,FootRight,0.355377,-0.789064,1.930969
57,15,578,SpineShoulder,0.1949453,0.4237022,2.048356
57,15,578,HandTipLeft,0.1476249,-0.2817976,1.810521
57,15,578,ThumbLeft,0.1652291,-0.190793,1.826815
57,15,578,HandTipRight,0.2905678,-0.1860022,1.985726
57,15,578,ThumbRight,0.2480866,-0.1039246,1.8935
57,15,612,SpineBase,0.2853168,-0.1425179,2.024845
57,15,612,SpineMid,0.2476978,0.1884649,2.035533
57,15,612,Neck,0.2131566,0.5074769,2.033211
57,15,612,Head,0.2845357,0.6205728,2.058131
57,15,612,ShoulderLeft,0.1327672,0.3555883,1.920811
57,15,612,ElbowLeft,0.07783691,0.1045367,1.877334
57,15,612,WristLeft,0.1251636,-0.109598,1.82317
57,15,612,HandLeft,0.1502349,-0.1897007,1.820237
57,15,612,ShoulderRight,0.3031156,0.3325593,2.149601
57,15,612,ElbowRight,0.3201953,0.0797709,2.08301
57,15,612,WristRight,0.3135936,-0.07614038,1.966447
57,15,612,HandRight,0.340802,-0.1126859,1.985992
57,15,612,HipLeft,0.2407858,-0.1424427,1.957276
57,15,612,KneeLeft,0.2731811,-0.4808852,1.85903
57,15,612,AnkleLeft,0.1934437,-0.8344774,1.917757
57,15,612,FootLeft,0.2640727,-0.9171296,1.867061
57,15,612,HipRight,0.3203132,-0.13767,2.02258
57,15,612,KneeRight,0.4080551,-0.3903592,2.090816
57,15,612,AnkleRight,0.2962518,-0.7362176,2.004578
57,15,612,FootRight,0.3707622,-0.7696646,1.916941
57,15,612,SpineShoulder,0.2215906,0.4293385,2.035987
57,15,612,HandTipLeft,0.156055,-0.2624682,1.806647
57,15,612,ThumbLeft,0.1816967,-0.1654362,1.815968
57,15,612,HandTipRight,0.338234,-0.1923743,1.996678
57,15,612,ThumbRight,0.3149876,-0.12092,1.922111
57,15,645,SpineBase,0.3143038,-0.1425486,2.012225
57,15,645,SpineMid,0.2856846,0.188712,2.018797
57,15,645,Neck,0.2548354,0.508024,2.013189
57,15,646,Head,0.3251848,0.6224487,2.037345
57,15,646,ShoulderLeft,0.1661188,0.3565013,1.90403
57,15,646,ElbowLeft,0.1058742,0.121009,1.861461
57,15,646,WristLeft,0.1595824,-0.120991,1.809761
57,15,646,HandLeft,0.1899861,-0.1938917,1.81099
57,15,646,ShoulderRight,0.3446398,0.3330553,2.129579
57,15,646,ElbowRight,0.3614026,0.08022286,2.063036
57,15,646,WristRight,0.4816409,-0.1247899,2.106192
57,15,646,HandRight,0.5190036,-0.1925847,2.079299
57,15,646,HipLeft,0.2669276,-0.1446096,1.946976
57,15,646,KneeLeft,0.337409,-0.4717222,1.830863
57,15,646,AnkleLeft,0.2961201,-0.8361853,1.862777
57,15,646,FootLeft,0.3295898,-0.9125977,1.808594
57,15,646,HipRight,0.350857,-0.1353473,2.00771
57,15,646,KneeRight,0.289772,-0.4746915,1.999899
57,15,646,AnkleRight,0.2900116,-0.7434514,1.942159
57,15,646,FootRight,0.3625385,-0.7769116,1.852332
57,15,646,SpineShoulder,0.2629228,0.4298276,2.016659
57,15,646,HandTipLeft,0.2029692,-0.2668869,1.807366
57,15,646,ThumbLeft,0.2265309,-0.1850734,1.80263
57,15,646,HandTipRight,0.5410492,-0.2602127,2.073807
57,15,646,ThumbRight,0.4903906,-0.181801,2.044333
57,15,679,SpineBase,0.3457441,-0.1428731,2.000537
57,15,679,SpineMid,0.3120987,0.1887193,2.007755
57,15,679,Neck,0.2785442,0.5082744,2.001846
57,15,679,Head,0.3536821,0.619067,2.022261
57,15,679,ShoulderLeft,0.1986488,0.3552135,1.889329
57,15,679,ElbowLeft,0.1385113,0.114184,1.845613
57,15,679,WristLeft,0.1847979,-0.1219614,1.801248
57,15,680,HandLeft,0.2210418,-0.1958715,1.797952
57,15,680,ShoulderRight,0.3682588,0.3332778,2.118237
57,15,680,ElbowRight,0.38484,0.08042182,2.051723
57,15,680,WristRight,0.5403585,-0.09289725,2.096295
57,15,680,HandRight,0.5849494,-0.1534978,2.065271
57,15,680,HipLeft,0.2992216,-0.1459764,1.933472
57,15,680,KneeLeft,0.3902516,-0.4635489,1.808166
57,15,680,AnkleLeft,0.4000211,-0.8323464,1.813107
57,15,680,FootLeft,0.3757324,-0.9135742,1.836914
57,15,680,HipRight,0.3802223,-0.1348374,1.998063
57,15,680,KneeRight,0.3161493,-0.4725206,2.001401
57,15,680,AnkleRight,0.2798548,-0.7407069,1.95443
57,15,680,FootRight,0.3544343,-0.7740982,1.866978
57,15,680,SpineShoulder,0.2870197,0.430025,2.005517
57,15,680,HandTipLeft,0.2354003,-0.2700759,1.791443
57,15,680,ThumbLeft,0.2522212,-0.1676105,1.784628
57,15,680,HandTipRight,0.619083,-0.215881,2.057728
57,15,680,ThumbRight,0.5788087,-0.1761383,2.068134
57,15,713,SpineBase,0.3879223,-0.1466247,1.992666
57,15,713,SpineMid,0.3543476,0.1846322,1.993802
57,15,713,Neck,0.3195499,0.5039359,1.981752
57,15,713,Head,0.4035054,0.6080296,1.999314
57,15,713,ShoulderLeft,0.2330726,0.3500053,1.871323
57,15,713,ElbowLeft,0.169672,0.09887637,1.831493
57,15,713,WristLeft,0.2126151,-0.1202663,1.787176
57,15,713,HandLeft,0.2493856,-0.195307,1.782031
57,15,713,ShoulderRight,0.4091044,0.3289048,2.098136
57,15,713,ElbowRight,0.4903572,0.08598746,2.107752
57,15,713,WristRight,0.5910795,-0.07114583,2.081888
57,15,713,HandRight,0.6529119,-0.1311004,2.041164
57,15,713,HipLeft,0.3321662,-0.1496572,1.929143
57,15,713,KneeLeft,0.3989739,-0.458358,1.799658
57,15,713,AnkleLeft,0.4823334,-0.8175156,1.770502
57,15,713,FootLeft,0.551778,-0.849228,1.682814
57,15,713,HipRight,0.4310924,-0.1384133,1.986409
57,15,713,KneeRight,0.3276309,-0.4658028,2.000717
57,15,713,AnkleRight,0.2550468,-0.8741018,1.990292
57,15,713,FootRight,0.301833,-0.9373937,1.966999
57,15,713,SpineShoulder,0.3285063,0.4257501,1.986938
57,15,713,HandTipLeft,0.2680309,-0.2655496,1.761963
57,15,713,ThumbLeft,0.2789139,-0.1632359,1.770432
57,15,713,HandTipRight,0.6896072,-0.1869566,2.01748
57,15,713,ThumbRight,0.6414976,-0.1495741,2.040462
57,15,746,SpineBase,0.4124098,-0.150235,1.946359
57,15,746,SpineMid,0.380415,0.1801517,1.965379
57,15,746,Neck,0.3475366,0.498437,1.966794
57,15,746,Head,0.4179752,0.614356,1.99074
57,15,746,ShoulderLeft,0.2647335,0.3437481,1.855137
57,15,746,ElbowLeft,0.1970814,0.1014915,1.818277
57,15,746,WristLeft,0.2418607,-0.1215085,1.77646
57,15,746,HandLeft,0.2791381,-0.1990581,1.766181
57,15,746,ShoulderRight,0.4369786,0.323387,2.083168
57,15,746,ElbowRight,0.5331535,0.08627722,2.091875
57,15,746,WristRight,0.6857049,-0.09316174,2.047985
57,15,746,HandRight,0.7222366,-0.1167929,2.018318
57,15,746,HipLeft,0.3605351,-0.1502515,1.878729
57,15,746,KneeLeft,0.4266376,-0.4617079,1.785481
57,15,746,AnkleLeft,0.5415664,-0.8114154,1.748449
57,15,746,FootLeft,0.6109573,-0.8427393,1.662038
57,15,746,HipRight,0.44776,-0.1442601,1.949226
57,15,746,KneeRight,0.3435785,-0.4667388,1.986544
57,15,746,AnkleRight,0.2567559,-0.8724895,1.990726
57,15,746,FootRight,0.3039953,-0.9376551,1.965065
57,15,746,SpineShoulder,0.3557701,0.4205517,1.969011
57,15,746,HandTipLeft,0.2961982,-0.267455,1.743682
57,15,746,ThumbLeft,0.308666,-0.1699818,1.758641
57,15,746,HandTipRight,0.7566773,-0.153331,1.998257
57,15,746,ThumbRight,0.7110373,-0.1376116,2.0189
57,15,780,SpineBase,0.432935,-0.1524299,1.919777
57,15,780,SpineMid,0.4085601,0.1759722,1.938767
57,15,780,Neck,0.3819576,0.4920827,1.945708
57,15,780,Head,0.4360911,0.6146207,1.961931
57,15,780,ShoulderLeft,0.2989118,0.3365569,1.835926
57,15,780,ElbowLeft,0.2420315,0.08343425,1.79987
57,15,780,WristLeft,0.2767996,-0.1216537,1.759257
57,15,780,HandLeft,0.311227,-0.1998717,1.750084
57,15,780,ShoulderRight,0.4712583,0.3170023,2.062077
57,15,780,ElbowRight,0.5564435,0.0773016,2.083006
57,15,780,WristRight,0.745221,-0.07904543,2.011103
57,15,780,HandRight,0.781103,-0.1012927,1.998249
57,15,780,HipLeft,0.3845275,-0.1508132,1.848124
57,15,780,KneeLeft,0.4667937,-0.4149834,1.76005
57,15,780,AnkleLeft,0.5716954,-0.768697,1.733787
57,15,780,FootLeft,0.6400563,-0.800838,1.646918
57,15,780,HipRight,0.4678364,-0.1486528,1.920368
57,15,780,KneeRight,0.3692506,-0.4689133,1.972186
57,15,780,AnkleRight,0.2623541,-0.8723737,1.986998
57,15,780,FootRight,0.3133368,-0.9393014,1.956577
57,15,780,SpineShoulder,0.3890435,0.4146915,1.946008
57,15,780,HandTipLeft,0.3255395,-0.2696497,1.723451
57,15,780,ThumbLeft,0.3427765,-0.1779511,1.743658
57,15,780,HandTipRight,0.8099293,-0.1298088,1.960151
57,15,780,ThumbRight,0.768616,-0.1231309,2.001243
57,15,812,SpineBase,0.4674624,-0.1558679,1.898279
57,15,812,SpineMid,0.4413398,0.1701124,1.91998
57,15,812,Neck,0.4140704,0.483783,1.928398
57,15,812,Head,0.5058218,0.5835137,1.946763
57,15,812,ShoulderLeft,0.3302937,0.3277038,1.814859
57,15,812,ElbowLeft,0.272082,0.07440876,1.784428
57,15,812,WristLeft,0.3080657,-0.1198549,1.741514
57,15,812,HandLeft,0.3359151,-0.1983746,1.732905
57,15,812,ShoulderRight,0.5032344,0.3086902,2.044755
57,15,812,ElbowRight,0.6007277,0.0736884,2.06276
57,15,812,WristRight,0.7363667,-0.05034367,2.022143
57,15,813,HandRight,0.8105695,-0.08161382,1.990243
57,15,813,HipLeft,0.4192391,-0.154806,1.823411
57,15,813,KneeLeft,0.519576,-0.4502491,1.74093
57,15,813,AnkleLeft,0.6870673,-0.7761539,1.689725
57,15,813,FootLeft,0.753836,-0.8080795,1.604077
57,15,813,HipRight,0.4971161,-0.1511996,1.905278
57,15,813,KneeRight,0.4025055,-0.4722001,1.958802
57,15,813,AnkleRight,0.2713155,-0.8709701,1.982807
57,15,813,FootRight,0.3205113,-0.9399384,1.953677
57,15,813,SpineShoulder,0.4211318,0.4070367,1.928488
57,15,813,HandTipLeft,0.3443544,-0.2657221,1.70254
57,15,813,ThumbLeft,0.3654596,-0.1973139,1.730706
57,15,813,HandTipRight,0.8620936,-0.1212037,1.979379
57,15,813,ThumbRight,0.791666,-0.1029279,1.997857
57,15,845,SpineBase,0.5028277,-0.1684871,1.87212
57,15,845,SpineMid,0.4761973,0.1592208,1.896693
57,15,845,Neck,0.4469841,0.4746794,1.908488
57,15,845,Head,0.5359758,0.5786486,1.930365
57,15,845,ShoulderLeft,0.3648445,0.3153546,1.793171
57,15,845,ElbowLeft,0.3170574,0.06010445,1.760504
57,15,845,WristLeft,0.3405916,-0.1254009,1.723002
57,15,845,HandLeft,0.3702853,-0.2043245,1.717512
57,15,845,ShoulderRight,0.536004,0.2995714,2.024836
57,15,845,ElbowRight,0.6293045,0.06308295,2.04379
57,15,845,WristRight,0.8014649,-0.06446512,1.996753
57,15,845,HandRight,0.8559277,-0.08263034,1.976492
57,15,845,HipLeft,0.4538755,-0.1663271,1.793232
57,15,845,KneeLeft,0.5706051,-0.4725011,1.722827
57,15,845,AnkleLeft,0.7376769,-0.7981846,1.671664
57,15,845,FootLeft,0.8040939,-0.8297118,1.58703
57,15,845,HipRight,0.534755,-0.1650236,1.882004
57,15,845,KneeRight,0.4488091,-0.4865825,1.940566
57,15,845,AnkleRight,0.2766792,-0.8689857,1.980648
57,15,845,FootRight,0.3213192,-0.9387411,1.952167
57,15,845,SpineShoulder,0.4547461,0.3974556,1.907652
57,15,845,HandTipLeft,0.3757398,-0.2723312,1.68698
57,15,845,ThumbLeft,0.3854668,-0.1670802,1.693789
57,15,845,HandTipRight,0.904945,-0.1133361,1.962553
57,15,845,ThumbRight,0.8483717,-0.1148012,1.972667
57,15,879,SpineBase,0.5390945,-0.1614259,1.855978
57,15,879,SpineMid,0.5083937,0.158246,1.878681
57,15,879,Neck,0.4774436,0.465882,1.887409
57,15,879,Head,0.5695567,0.5675248,1.908126
57,15,879,ShoulderLeft,0.3994401,0.3041669,1.769503
57,15,879,ElbowLeft,0.340979,0.05098554,1.736971
57,15,880,WristLeft,0.3707769,-0.1341275,1.704445
57,15,880,HandLeft,0.402818,-0.2141595,1.697132
57,15,880,ShoulderRight,0.5663261,0.2907552,2.003753
57,15,880,ElbowRight,0.6727234,0.05969656,2.018273
57,15,880,WristRight,0.8791768,-0.07862693,1.966488
57,15,880,HandRight,0.919832,-0.1003179,1.960686
57,15,880,HipLeft,0.4947893,-0.1586431,1.769377
57,15,880,KneeLeft,0.6399304,-0.4641058,1.688106
57,15,880,AnkleLeft,0.8064363,-0.7898187,1.637021
57,15,880,FootLeft,0.8725322,-0.8213884,1.554161
57,15,880,HipRight,0.5637743,-0.1585623,1.873774
57,15,880,KneeRight,0.490518,-0.482603,1.933804
57,15,880,AnkleRight,0.3077481,-0.8033908,1.962069
57,15,880,FootRight,0.3192541,-0.9120416,1.938593
57,15,880,SpineShoulder,0.4854218,0.3906779,1.887507
57,15,880,HandTipLeft,0.4085576,-0.2826234,1.67096
57,15,880,ThumbLeft,0.4037293,-0.2147648,1.644556
57,15,880,HandTipRight,0.9507736,-0.1178314,1.955933
57,15,880,ThumbRight,0.9047136,-0.1304565,1.959727
57,15,914,SpineBase,0.5720469,-0.229697,1.794701
57,15,914,SpineMid,0.544,0.1192891,1.834298
57,15,914,Neck,0.5098737,0.4560888,1.862993
57,15,914,Head,0.6026386,0.5584798,1.885713
57,15,914,ShoulderLeft,0.4293467,0.2976993,1.745363
57,15,914,ElbowLeft,0.3827887,0.04613638,1.704493
57,15,914,WristLeft,0.418177,-0.1382979,1.676217
57,15,914,HandLeft,0.441436,-0.219094,1.675567
57,15,914,ShoulderRight,0.5986053,0.2809393,1.979337
57,15,914,ElbowRight,0.7078613,0.05166119,1.995041
57,15,914,WristRight,0.905113,-0.1025242,1.957827
57,15,914,HandRight,0.9464173,-0.1165864,1.946972
57,15,914,HipLeft,0.5152261,-0.2286088,1.756931
57,15,914,KneeLeft,0.6818325,-0.498623,1.666006
57,15,914,AnkleLeft,0.8479649,-0.8240105,1.614986
57,15,914,FootLeft,0.9132881,-0.8548176,1.532236
57,15,914,HipRight,0.6075315,-0.2222376,1.765659
57,15,914,KneeRight,0.5362458,-0.5119395,1.900079
57,15,914,AnkleRight,0.3361683,-0.8345906,1.96491
57,15,914,FootRight,0.3222298,-0.9117085,1.930533
57,15,914,SpineShoulder,0.5212647,0.3729544,1.856193
57,15,914,HandTipLeft,0.441846,-0.2887846,1.65444
57,15,914,ThumbLeft,0.4675392,-0.2010373,1.664826
57,15,914,HandTipRight,0.9672787,-0.1422068,1.949379
57,15,914,ThumbRight,0.9256828,-0.1402068,1.948737
57,15,945,SpineBase,0.6034528,-0.2412313,1.765533
57,15,945,SpineMid,0.5711151,0.1121069,1.811681
57,15,945,Neck,0.5386509,0.4510641,1.8417
57,15,945,Head,0.6324792,0.552236,1.860594
57,15,945,ShoulderLeft,0.4762675,0.2852578,1.719087
57,15,945,ElbowLeft,0.4181353,0.04223345,1.684174
57,15,945,WristLeft,0.4635911,-0.1392032,1.651017
57,15,945,HandLeft,0.4921446,-0.2127776,1.667382
57,15,945,ShoulderRight,0.6272476,0.2758863,1.958058
57,15,945,ElbowRight,0.7316468,0.04464449,1.975419
57,15,945,WristRight,0.8785095,-0.09914079,1.948514
57,15,945,HandRight,0.9345056,-0.1195126,1.932526
57,15,945,HipLeft,0.5481021,-0.2363251,1.728118
57,15,945,KneeLeft,0.7200656,-0.4958059,1.641596
57,15,945,AnkleLeft,0.8858668,-0.8211915,1.590641
57,15,945,FootLeft,0.9535604,-0.8519789,1.512961
57,15,945,HipRight,0.6363867,-0.2371504,1.736411
57,15,945,KneeRight,0.5801212,-0.5213099,1.88336
57,15,945,AnkleRight,0.383598,-0.8068957,1.951239
57,15,945,FootRight,0.4604117,-0.8388941,1.869673
57,15,945,SpineShoulder,0.5457317,0.3683405,1.837515
57,15,945,HandTipLeft,0.4975069,-0.2918333,1.643127
57,15,945,ThumbLeft,0.5385385,-0.1886363,1.627133
57,15,945,HandTipRight,0.9850791,-0.1578436,1.930274
57,15,945,ThumbRight,0.9039227,-0.1371968,1.949083
57,15,980,SpineBase,0.6297382,-0.235293,1.773103
57,15,980,SpineMid,0.6005713,0.114241,1.805522
57,15,980,Neck,0.5730267,0.4500451,1.820479
57,15,980,Head,0.6629949,0.5543715,1.835852
57,15,980,ShoulderLeft,0.4900969,0.284844,1.707325
57,15,980,ElbowLeft,0.4706612,0.02696314,1.666022
57,15,980,WristLeft,0.5200814,-0.1894017,1.629028
57,15,980,HandLeft,0.5389309,-0.2661309,1.635161
57,15,980,ShoulderRight,0.661465,0.2748334,1.936868
57,15,980,ElbowRight,0.7649418,0.04331582,1.954337
57,15,980,WristRight,0.8950193,-0.1155993,1.938
57,15,980,HandRight,0.9535658,-0.1430691,1.916441
57,15,980,HipLeft,0.5699056,-0.2341506,1.73444
57,15,980,KneeLeft,0.7520185,-0.4814419,1.623754
57,15,980,AnkleLeft,0.917554,-0.8069314,1.572861
57,15,980,FootLeft,0.9803094,-0.8383784,1.48921
57,15,981,HipRight,0.6666549,-0.227005,1.745858
57,15,981,KneeRight,0.6263096,-0.5289832,1.866595
57,15,981,AnkleRight,0.4072271,-0.805517,1.941445
57,15,981,FootRight,0.3865727,-0.8818986,1.919004
57,15,981,SpineShoulder,0.5812874,0.3679699,1.818884
57,15,981,HandTipLeft,0.5372282,-0.3410779,1.625998
57,15,981,ThumbLeft,0.5735083,-0.2597902,1.616187
57,15,981,HandTipRight,0.9996568,-0.1775298,1.912853
57,15,981,ThumbRight,0.9212692,-0.1583474,1.943111
57,16,013,SpineBase,0.6621488,-0.2367288,1.771807
57,16,013,SpineMid,0.6304026,0.1148074,1.795355
57,16,013,Neck,0.5951314,0.452895,1.805604
57,16,013,Head,0.6944385,0.5486754,1.818463
57,16,013,ShoulderLeft,0.5166436,0.2852376,1.690141
57,16,013,ElbowLeft,0.5125166,0.02698787,1.648081
57,16,014,WristLeft,0.539963,-0.1885436,1.613813
57,16,014,HandLeft,0.5681709,-0.2621499,1.613256
57,16,014,ShoulderRight,0.6834691,0.2776476,1.922028
57,16,014,ElbowRight,0.7866936,0.04610129,1.93954
57,16,014,WristRight,0.9208612,-0.1479054,1.916931
57,16,014,HandRight,0.9585697,-0.1677311,1.904021
57,16,014,HipLeft,0.6011727,-0.2358338,1.732599
57,16,014,KneeLeft,0.7545453,-0.4000777,1.594255
57,16,014,AnkleLeft,0.9200425,-0.7262923,1.543351
57,16,014,FootLeft,0.9831856,-0.7588306,1.460749
57,16,014,HipRight,0.6982515,-0.2286887,1.745411
57,16,014,KneeRight,0.6526976,-0.5378031,1.851671
57,16,014,AnkleRight,0.469231,-0.7355523,1.897469
57,16,014,FootRight,0.5409869,-0.7688677,1.811003
57,16,014,SpineShoulder,0.6040431,0.3701465,1.805472
57,16,014,HandTipLeft,0.5710544,-0.3396768,1.60143
57,16,014,ThumbLeft,0.5981047,-0.2425928,1.59552
57,16,014,HandTipRight,1.001556,-0.2034516,1.900376
57,16,014,ThumbRight,0.9273379,-0.1806543,1.922437
57,16,046,SpineBase,0.6685351,-0.23384,1.76752
57,16,046,SpineMid,0.6434994,0.1196165,1.787122
57,16,046,Neck,0.6173909,0.4602766,1.792013
57,16,046,Head,0.7163472,0.5559245,1.801429
57,16,046,ShoulderLeft,0.5352563,0.2874196,1.680052
57,16,046,ElbowLeft,0.5436906,0.03077346,1.628348
57,16,046,WristLeft,0.5771082,-0.1710042,1.58383
57,16,047,HandLeft,0.5985165,-0.2341194,1.585461
57,16,047,ShoulderRight,0.7056322,0.2849846,1.908487
57,16,047,ElbowRight,0.8086009,0.05341944,1.926072
57,16,047,WristRight,0.9395614,-0.1612228,1.893049
57,16,047,HandRight,0.9623811,-0.2005702,1.887963
57,16,047,HipLeft,0.6060361,-0.2335717,1.729535
57,16,047,KneeLeft,0.753896,-0.3990746,1.584774
57,16,047,AnkleLeft,0.9193736,-0.7253023,1.533861
57,16,047,FootLeft,0.9811126,-0.7583506,1.449896
57,16,047,HipRight,0.7062659,-0.225251,1.739725
57,16,047,KneeRight,0.6657027,-0.5295193,1.856757
57,16,047,AnkleRight,0.516865,-0.7866277,1.896562
57,16,047,FootRight,0.5093827,-0.862098,1.887213
57,16,047,SpineShoulder,0.6244494,0.3769494,1.792943
57,16,047,HandTipLeft,0.6088609,-0.3099907,1.564945
57,16,047,ThumbLeft,0.558708,-0.2093003,1.510429
57,16,047,HandTipRight,0.9915789,-0.2304393,1.892976
57,16,047,ThumbRight,0.9339296,-0.2084387,1.901429
57,16,081,SpineBase,0.694308,-0.2248409,1.747243
57,16,081,SpineMid,0.6690539,0.1302616,1.770227
57,16,081,Neck,0.6391726,0.4712342,1.780267
57,16,081,Head,0.7383692,0.566611,1.78742
57,16,081,ShoulderLeft,0.5605822,0.3013152,1.667829
57,16,081,ElbowLeft,0.5629449,0.04409237,1.617742
57,16,081,WristLeft,0.6251073,-0.1785491,1.566975
57,16,081,HandLeft,0.644248,-0.2504615,1.55832
57,16,081,ShoulderRight,0.7273244,0.295893,1.896802
57,16,081,ElbowRight,0.8301032,0.06422756,1.914474
57,16,081,WristRight,0.9132702,-0.1620438,1.877881
57,16,081,HandRight,0.9384496,-0.2004991,1.871218
57,16,081,HipLeft,0.6364535,-0.2202229,1.713766
57,16,081,KneeLeft,0.7595614,-0.4065231,1.570394
57,16,081,AnkleLeft,0.7564702,-0.6659524,1.59749
57,16,081,FootLeft,0.8215708,-0.6995786,1.512697
57,16,081,HipRight,0.7275383,-0.2204515,1.714855
57,16,081,KneeRight,0.6923872,-0.5442393,1.788416
57,16,081,AnkleRight,0.5319614,-0.7525786,1.858656
57,16,081,FootRight,0.5825177,-0.8452912,1.850254
57,16,081,SpineShoulder,0.6472403,0.3878404,1.779922
57,16,081,HandTipLeft,0.6444422,-0.322212,1.542369
57,16,081,ThumbLeft,0.6038211,-0.2355938,1.528923
57,16,081,HandTipRight,0.9578207,-0.2490331,1.86591
57,16,081,ThumbRight,0.9066789,-0.2080521,1.880414
57,16,115,SpineBase,0.7081221,-0.2254366,1.72033
57,16,115,SpineMid,0.6849219,0.1347395,1.753679
57,16,115,Neck,0.6601523,0.4812112,1.770065
57,16,115,Head,0.7576984,0.5765858,1.772043
57,16,115,ShoulderLeft,0.5773721,0.3092895,1.657978
57,16,115,ElbowLeft,0.5834221,0.05258743,1.604989
57,16,115,WristLeft,0.6554443,-0.1859825,1.542725
57,16,115,HandLeft,0.6647306,-0.2419296,1.530779
57,16,115,ShoulderRight,0.7482186,0.3058294,1.886657
57,16,115,ElbowRight,0.8507997,0.07409893,1.904414
57,16,115,WristRight,0.9138724,-0.1686238,1.854841
57,16,115,HandRight,0.9284077,-0.2076911,1.841963
57,16,115,HipLeft,0.6517413,-0.2155455,1.68527
57,16,115,KneeLeft,0.7520599,-0.4250591,1.561419
57,16,115,AnkleLeft,0.7612169,-0.7021834,1.584401
57,16,115,FootLeft,0.8255526,-0.7350965,1.498856
57,16,115,HipRight,0.7382646,-0.2262208,1.690252
57,16,115,KneeRight,0.697524,-0.559393,1.731108
57,16,115,AnkleRight,0.5863593,-0.7377567,1.895266
57,16,115,FootRight,0.6350303,-0.8328538,1.848938
57,16,115,SpineShoulder,0.6666685,0.3962868,1.768183
57,16,115,HandTipLeft,0.6665547,-0.3097752,1.519995
57,16,115,ThumbLeft,0.6533422,-0.2755697,1.483167
57,16,115,HandTipRight,0.9401832,-0.2553586,1.830402
57,16,115,ThumbRight,0.8844374,-0.1708326,1.80108
57,16,147,SpineBase,0.7815706,-0.2187545,1.800005
57,16,147,SpineMid,0.7369512,0.1431952,1.785396
57,16,147,Neck,0.6778667,0.4881798,1.762218
57,16,147,Head,0.7720987,0.5853495,1.760444
57,16,147,ShoulderLeft,0.5878223,0.3166726,1.650743
57,16,147,ElbowLeft,0.5979541,0.06081874,1.593576
57,16,147,WristLeft,0.6731902,-0.1465179,1.535468
57,16,147,HandLeft,0.686919,-0.230101,1.54037
57,16,147,ShoulderRight,0.7658601,0.3127718,1.878853
57,16,147,ElbowRight,0.8682782,0.08100092,1.896679
57,16,147,WristRight,0.9117966,-0.1576927,1.810645
57,16,147,HandRight,0.9114071,-0.1902488,1.807872
57,16,147,HipLeft,0.7204658,-0.2185827,1.750994
57,16,147,KneeLeft,0.7386726,-0.4283746,1.571975
57,16,147,AnkleLeft,0.752864,-0.6753925,1.786811
57,16,147,FootLeft,0.7209782,-0.782761,1.782128
57,16,147,HipRight,0.81466,-0.2111119,1.784641
57,16,147,KneeRight,0.807639,-0.5199837,1.895092
57,16,147,AnkleRight,0.6665342,-0.7221346,1.762763
57,16,147,FootRight,0.7186437,-0.8149983,1.734904
57,16,147,SpineShoulder,0.6906509,0.4036223,1.767131
57,16,147,HandTipLeft,0.7081716,-0.2969488,1.514585
57,16,147,ThumbLeft,0.6828613,-0.2101717,1.482884
57,16,147,HandTipRight,0.9259784,-0.2462964,1.801136
57,16,147,ThumbRight,0.8614026,-0.2060285,1.759875
57,16,181,SpineBase,0.7846239,-0.2080005,1.785506
57,16,181,SpineMid,0.7404608,0.146717,1.779519
57,16,181,Neck,0.6896876,0.4903581,1.756869
57,16,181,Head,0.7814338,0.5891549,1.753371
57,16,181,ShoulderLeft,0.5965284,0.3222554,1.646372
57,16,181,ElbowLeft,0.6089562,0.0668071,1.587653
57,16,181,WristLeft,0.705825,-0.1567996,1.505156
57,16,181,HandLeft,0.7207214,-0.2173445,1.521763
57,16,182,ShoulderRight,0.7776299,0.3149401,1.873527
57,16,182,ElbowRight,0.8799316,0.08317081,1.891391
57,16,182,WristRight,0.9223105,-0.1305461,1.804456
57,16,182,HandRight,0.906835,-0.1785816,1.763919
57,16,182,HipLeft,0.7244514,-0.2072451,1.735759
57,16,182,KneeLeft,0.7265446,-0.4412367,1.582335
57,16,182,AnkleLeft,0.7537101,-0.677514,1.786376
57,16,182,FootLeft,0.7604945,-0.7846862,1.730492
57,16,182,HipRight,0.8165528,-0.201227,1.770918
57,16,182,KneeRight,0.8043789,-0.5153423,1.871105
57,16,182,AnkleRight,0.7165445,-0.8817864,1.828082
57,16,182,FootRight,0.7715033,-0.8728384,1.695577
57,16,182,SpineShoulder,0.7014245,0.4063205,1.762918
57,16,182,HandTipLeft,0.7495527,-0.2750984,1.500126
57,16,182,ThumbLeft,0.7245458,-0.1901124,1.470432
57,16,182,HandTipRight,0.9126192,-0.2260405,1.738933
57,16,182,ThumbRight,0.8686795,-0.1609464,1.734652
57,16,212,SpineBase,0.7532529,-0.1728905,1.721666
57,16,212,SpineMid,0.7341391,0.1641453,1.746018
57,16,212,Neck,0.6976449,0.4915613,1.753024
57,16,212,Head,0.7875551,0.5898063,1.745532
57,16,212,ShoulderLeft,0.601603,0.3252697,1.645656
57,16,212,ElbowLeft,0.6235433,0.07188793,1.580463
57,16,212,WristLeft,0.7257821,-0.1480396,1.49454
57,16,212,HandLeft,0.760594,-0.1948812,1.477595
57,16,213,ShoulderRight,0.7855524,0.3161368,1.869696
57,16,213,ElbowRight,0.8877819,0.08435592,1.887588
57,16,213,WristRight,0.8043551,-0.1127795,1.737619
57,16,213,HandRight,0.7820649,-0.2176974,1.640419
57,16,213,HipLeft,0.6997902,-0.156742,1.650178
57,16,213,KneeLeft,0.7163232,-0.4991721,1.594946
57,16,213,AnkleLeft,0.753704,-0.7353331,1.791412
57,16,213,FootLeft,0.7789853,-0.83811,1.783069
57,16,213,HipRight,0.7784773,-0.182547,1.728752
57,16,213,KneeRight,0.7296847,-0.5194123,1.754789
57,16,213,AnkleRight,0.6217004,-0.983821,1.705207
57,16,213,FootRight,0.6777533,-0.9725698,1.573506
57,16,213,SpineShoulder,0.7074165,0.4093126,1.756622
57,16,213,HandTipLeft,0.8017691,-0.252864,1.490822
57,16,213,ThumbLeft,0.7340981,-0.1925086,1.443219
57,16,213,HandTipRight,0.7730947,-0.2316483,1.618559
57,16,213,ThumbRight,0.7569994,-0.2051089,1.606667
57,16,248,SpineBase,0.7839485,-0.1742398,1.749359
57,16,248,SpineMid,0.7433158,0.1642066,1.7511
57,16,248,Neck,0.7053012,0.4910317,1.751664
57,16,248,Head,0.7851012,0.592641,1.737246
57,16,248,ShoulderLeft,0.6052698,0.3270073,1.646654
57,16,248,ElbowLeft,0.6313022,0.07539805,1.575524
57,16,248,WristLeft,0.7198427,-0.07181647,1.491074
57,16,248,HandLeft,0.7748222,-0.1556339,1.459362
57,16,248,ShoulderRight,0.7931746,0.3156137,1.868342
57,16,248,ElbowRight,0.8953385,0.08384237,1.886253
57,16,248,WristRight,0.8003379,-0.1064168,1.733963
57,16,248,HandRight,0.7955464,-0.1831988,1.657677
57,16,248,HipLeft,0.734337,-0.1643381,1.686956
57,16,248,KneeLeft,0.7112334,-0.4989415,1.59593
57,16,248,AnkleLeft,0.7486536,-0.7351025,1.792376
57,16,248,FootLeft,0.7757812,-0.7964197,1.67247
57,16,248,HipRight,0.8051009,-0.1788699,1.748881
57,16,248,KneeRight,0.7030044,-0.5087392,1.764201
57,16,248,AnkleRight,0.8320072,-0.8772088,1.627257
57,16,248,FootRight,0.787596,-0.9228549,1.539059
57,16,248,SpineShoulder,0.7151629,0.4097656,1.755406
57,16,248,HandTipLeft,0.8144091,-0.2055761,1.447851
57,16,248,ThumbLeft,0.7506511,-0.1744617,1.42984
57,16,248,HandTipRight,0.7397307,-0.2232906,1.596209
57,16,249,ThumbRight,0.7514759,-0.1111805,1.597
