57,33,776,SpineBase,-1.661844,-0.1971348,3.043558
57,33,776,SpineMid,-1.654208,0.1138781,3.054815
57,33,776,Neck,-1.639762,0.4196371,3.058532
57,33,776,Head,-1.59737,0.5430561,3.058464
57,33,776,ShoulderLeft,-1.708646,0.3212413,2.945209
57,33,777,ElbowLeft,-1.774614,0.1209847,2.889104
57,33,777,WristLeft,-1.716156,-0.1191656,2.812147
57,33,777,HandLeft,-1.694962,-0.1696368,2.807829
57,33,777,ShoulderRight,-1.582383,0.2607608,3.192034
57,33,777,ElbowRight,-1.601519,0.1677448,3.337814
57,33,777,WristRight,-1.582347,-0.07788756,3.261056
57,33,777,HandRight,-1.570327,-0.299087,3.177243
57,33,777,HipLeft,-1.673685,-0.1831929,2.964237
57,33,777,KneeLeft,-1.683373,-0.4938914,2.853206
57,33,777,AnkleLeft,-1.751148,-0.829785,2.918981
57,33,777,FootLeft,-1.646624,-0.8687358,2.848585
57,33,777,HipRight,-1.614987,-0.207078,3.060291
57,33,777,KneeRight,-1.62952,-0.5401874,3.078269
57,33,777,AnkleRight,-1.746631,-0.8092813,3.031436
57,33,777,FootRight,-1.72251,-0.8925118,3.002971
57,33,777,SpineShoulder,-1.644097,0.3440273,3.059338
57,33,777,HandTipLeft,-1.680908,-0.2385141,2.760081
57,33,777,ThumbLeft,-1.663019,-0.1773528,2.751
57,33,777,HandTipRight,-1.56328,-0.3700232,3.155994
57,33,777,ThumbRight,-1.570334,-0.2684478,3.0992
57,33,811,SpineBase,-1.657286,-0.1955665,3.043313
57,33,811,SpineMid,-1.652405,0.1152996,3.055702
57,33,811,Neck,-1.639683,0.4208322,3.059516
57,33,811,Head,-1.596822,0.5438096,3.059273
57,33,811,ShoulderLeft,-1.708342,0.3211217,2.945605
57,33,811,ElbowLeft,-1.7323,0.07094834,2.882007
57,33,811,WristLeft,-1.691511,-0.1357142,2.816562
57,33,811,HandLeft,-1.68184,-0.1938009,2.816765
57,33,811,ShoulderRight,-1.582207,0.2630733,3.193129
57,33,811,ElbowRight,-1.566807,0.04046442,3.192892
57,33,811,WristRight,-1.555573,-0.2134,3.200296
57,33,811,HandRight,-1.555559,-0.3044403,3.198686
57,33,811,HipLeft,-1.668775,-0.1817828,2.963557
57,33,811,KneeLeft,-1.676178,-0.4923725,2.851985
57,33,812,AnkleLeft,-1.738459,-0.8252218,2.894588
57,33,812,FootLeft,-1.737724,-0.8895326,2.918652
57,33,812,HipRight,-1.611322,-0.2054679,3.060473
57,33,812,KneeRight,-1.625701,-0.5393832,3.079171
57,33,812,AnkleRight,-1.743841,-0.8077339,3.033553
57,33,812,FootRight,-1.63961,-0.8468912,2.962935
57,33,812,SpineShoulder,-1.643731,0.3452257,3.060309
57,33,812,HandTipLeft,-1.670923,-0.264157,2.77964
57,33,812,ThumbLeft,-1.636635,-0.1950323,2.821
57,33,812,HandTipRight,-1.549167,-0.3632798,3.191754
57,33,812,ThumbRight,-1.548581,-0.3162658,3.153571
57,33,842,SpineBase,-1.653681,-0.1954729,3.041057
57,33,842,SpineMid,-1.650389,0.1164122,3.055824
57,33,843,Neck,-1.638649,0.4229974,3.06109
57,33,843,Head,-1.59452,0.5444334,3.063307
57,33,843,ShoulderLeft,-1.70605,0.3215886,2.945957
57,33,843,ElbowLeft,-1.745473,0.07245424,2.89013
57,33,843,WristLeft,-1.688707,-0.1381066,2.816037
57,33,843,HandLeft,-1.666275,-0.2177842,2.810701
57,33,843,ShoulderRight,-1.578738,0.2621775,3.1873
57,33,843,ElbowRight,-1.562926,0.03968218,3.188835
57,33,843,WristRight,-1.55058,-0.2136443,3.202655
57,33,843,HandRight,-1.543024,-0.3016681,3.206843
57,33,843,HipLeft,-1.665699,-0.1818795,2.960905
57,33,843,KneeLeft,-1.663512,-0.4930548,2.846916
57,33,843,AnkleLeft,-1.73764,-0.8267791,2.894869
57,33,843,FootLeft,-1.726625,-0.8670148,2.943146
57,33,843,HipRight,-1.607426,-0.2051403,3.058701
57,33,843,KneeRight,-1.618823,-0.5397246,3.079314
57,33,843,AnkleRight,-1.741595,-0.8073842,3.034343
57,33,843,FootRight,-1.637788,-0.8463584,2.962619
57,33,843,SpineShoulder,-1.642526,0.347045,3.061493
57,33,843,HandTipLeft,-1.656529,-0.2882879,2.785137
57,33,843,ThumbLeft,-1.630368,-0.2191645,2.816
57,33,843,HandTipRight,-1.53805,-0.362885,3.197107
57,33,843,ThumbRight,-1.527024,-0.3173807,3.157333
57,33,878,SpineBase,-1.648044,-0.194886,3.039111
57,33,878,SpineMid,-1.645338,0.1178535,3.055955
57,33,878,Neck,-1.635136,0.4247803,3.062557
57,33,878,Head,-1.590271,0.5474054,3.071082
57,33,878,ShoulderLeft,-1.69867,0.3217657,2.94723
57,33,878,ElbowLeft,-1.746469,0.1262366,2.885127
57,33,878,WristLeft,-1.686213,-0.1164996,2.819515
57,33,878,HandLeft,-1.661579,-0.1940778,2.809824
57,33,878,ShoulderRight,-1.57838,0.2454762,3.243951
57,33,879,ElbowRight,-1.580475,-0.01068456,3.236429
57,33,879,WristRight,-1.546293,-0.2505924,3.217986
57,33,879,HandRight,-1.527249,-0.327594,3.202039
57,33,879,HipLeft,-1.654228,-0.1811089,2.95772
57,33,879,KneeLeft,-1.652705,-0.491698,2.842823
57,33,879,AnkleLeft,-1.725788,-0.8377083,2.911713
57,33,879,FootLeft,-1.617791,-0.8761919,2.849421
57,33,879,HipRight,-1.605696,-0.2047608,3.057745
57,33,879,KneeRight,-1.610255,-0.5401791,3.077806
57,33,879,AnkleRight,-1.733589,-0.8677805,3.011593
57,33,879,FootRight,-1.625971,-0.9061934,2.9491
57,33,879,SpineShoulder,-1.638723,0.3487876,3.062727
57,33,879,HandTipLeft,-1.644299,-0.2621795,2.771438
57,33,879,ThumbLeft,-1.623817,-0.1883307,2.812304
57,33,879,HandTipRight,-1.53806,-0.3888229,3.203992
57,33,879,ThumbRight,-1.498229,-0.3148614,3.176
57,33,910,SpineBase,-1.630465,-0.1892412,3.036031
57,33,910,SpineMid,-1.633522,0.1248704,3.056249
57,33,910,Neck,-1.628444,0.4325723,3.065119
57,33,910,Head,-1.583432,0.5511065,3.075928
57,33,910,ShoulderLeft,-1.686609,0.3210618,2.946349
57,33,910,ElbowLeft,-1.714728,0.07291117,2.875655
57,33,911,WristLeft,-1.66641,-0.1689731,2.79802
57,33,911,HandLeft,-1.651491,-0.2269944,2.791843
57,33,911,ShoulderRight,-1.576727,0.2489878,3.244502
57,33,911,ElbowRight,-1.579331,-0.007158441,3.237337
57,33,911,WristRight,-1.539606,-0.2478922,3.22107
57,33,911,HandRight,-1.513886,-0.3288823,3.207614
57,33,911,HipLeft,-1.632346,-0.1747055,2.949783
57,33,911,KneeLeft,-1.635285,-0.4853508,2.838985
57,33,911,AnkleLeft,-1.689985,-0.8459496,2.867583
57,33,911,FootLeft,-1.580763,-0.883772,2.80845
57,33,911,HipRight,-1.593868,-0.2001034,3.058437
57,33,911,KneeRight,-1.600121,-0.5369635,3.077784
57,33,911,AnkleRight,-1.733578,-0.8674258,3.014369
57,33,911,FootRight,-1.624646,-0.9053968,2.955025
57,33,911,SpineShoulder,-1.630933,0.3564154,3.064844
57,33,911,HandTipLeft,-1.640394,-0.2915351,2.759769
57,33,911,ThumbLeft,-1.6142,-0.2208752,2.798824
57,33,911,HandTipRight,-1.516929,-0.388617,3.202854
57,33,911,ThumbRight,-1.50178,-0.3116215,3.1575
57,33,943,SpineBase,-1.620863,-0.1885508,3.030932
57,33,943,SpineMid,-1.623937,0.1261269,3.05353
57,33,943,Neck,-1.620523,0.4342075,3.064807
57,33,943,Head,-1.575059,0.5515602,3.080547
57,33,943,ShoulderLeft,-1.668921,0.3183883,2.942318
57,33,943,ElbowLeft,-1.705804,0.07305335,2.865902
57,33,943,WristLeft,-1.65959,-0.1701415,2.791677
57,33,943,HandLeft,-1.642567,-0.2250914,2.782564
57,33,943,ShoulderRight,-1.571373,0.250292,3.2437
57,33,943,ElbowRight,-1.576018,-0.005703072,3.238436
57,33,943,WristRight,-1.52942,-0.2452412,3.22327
57,33,943,HandRight,-1.501828,-0.3203194,3.208855
57,33,943,HipLeft,-1.623755,-0.1744445,2.945872
57,33,943,KneeLeft,-1.619275,-0.4819106,2.835385
57,33,943,AnkleLeft,-1.667811,-0.8387972,2.854504
57,33,943,FootLeft,-1.557557,-0.8765861,2.798957
57,33,944,HipRight,-1.584476,-0.1988933,3.052935
57,33,944,KneeRight,-1.581357,-0.5338576,3.064071
57,33,944,AnkleRight,-1.726351,-0.85986,3.008229
57,33,944,FootRight,-1.6163,-0.8978326,2.952511
57,33,944,SpineShoulder,-1.622514,0.3580198,3.064001
57,33,944,HandTipLeft,-1.640654,-0.292469,2.755243
57,33,944,ThumbLeft,-1.604879,-0.2356653,2.790846
57,33,944,HandTipRight,-1.491641,-0.3804573,3.195721
57,33,944,ThumbRight,-1.470766,-0.3159814,3.185
57,33,977,SpineBase,-1.612233,-0.1893875,3.025021
57,33,977,SpineMid,-1.613628,0.1259672,3.050367
57,33,977,Neck,-1.608407,0.434808,3.064621
57,33,977,Head,-1.564168,0.5525963,3.08651
57,33,977,ShoulderLeft,-1.655299,0.3199777,2.937792
57,33,977,ElbowLeft,-1.70724,0.1298933,2.855927
57,33,977,WristLeft,-1.663046,-0.1167517,2.793903
57,33,977,HandLeft,-1.64624,-0.1696824,2.789013
57,33,977,ShoulderRight,-1.570136,0.2510777,3.244465
57,33,977,ElbowRight,-1.569404,-0.005201613,3.237065
57,33,977,WristRight,-1.520674,-0.2472648,3.222705
57,33,977,HandRight,-1.490304,-0.3252297,3.209025
57,33,977,HipLeft,-1.612757,-0.17511,2.941519
57,33,977,KneeLeft,-1.598048,-0.476719,2.828392
57,33,978,AnkleLeft,-1.621227,-0.8116002,2.829993
57,33,978,FootLeft,-1.510283,-0.8497218,2.778107
57,33,978,HipRight,-1.577815,-0.1998295,3.045511
57,33,978,KneeRight,-1.573614,-0.5262874,3.06228
57,33,978,AnkleRight,-1.71771,-0.8489382,3.00594
57,33,978,FootRight,-1.606784,-0.8871751,2.954011
57,33,978,SpineShoulder,-1.610853,0.3584487,3.063042
57,33,978,HandTipLeft,-1.639964,-0.2391177,2.752896
57,33,978,ThumbLeft,-1.603027,-0.1792993,2.789231
57,33,978,HandTipRight,-1.486233,-0.3899989,3.20298
57,33,978,ThumbRight,-1.478156,-0.3101339,3.164875
57,34,008,SpineBase,-1.598925,-0.1897077,3.011342
57,34,008,SpineMid,-1.598991,0.1268954,3.041562
57,34,009,Neck,-1.592756,0.4368809,3.060089
57,34,009,Head,-1.548866,0.5503445,3.09295
57,34,009,ShoulderLeft,-1.633122,0.316369,2.931204
57,34,009,ElbowLeft,-1.699709,0.1223985,2.849653
57,34,009,WristLeft,-1.656044,-0.1234507,2.783759
57,34,009,HandLeft,-1.639761,-0.1755715,2.774849
57,34,009,ShoulderRight,-1.561313,0.2539119,3.242614
57,34,009,ElbowRight,-1.558827,-0.002313927,3.238183
57,34,009,WristRight,-1.51036,-0.2428043,3.221426
57,34,009,HandRight,-1.479707,-0.3290079,3.20547
57,34,009,HipLeft,-1.598389,-0.1765471,2.929379
57,34,009,KneeLeft,-1.576942,-0.4758871,2.818135
57,34,009,AnkleLeft,-1.585095,-0.8231653,2.816073
57,34,009,FootLeft,-1.473601,-0.8612372,2.768041
57,34,009,HipRight,-1.56606,-0.1989378,3.030506
57,34,009,KneeRight,-1.54781,-0.5294889,3.037372
57,34,009,AnkleRight,-1.753882,-0.8302108,3.029018
57,34,009,FootRight,-1.641963,-0.8688397,2.98107
57,34,009,SpineShoulder,-1.595432,0.3602616,3.057501
57,34,009,HandTipLeft,-1.632951,-0.2454964,2.733294
57,34,009,ThumbLeft,-1.59796,-0.1742547,2.779941
57,34,009,HandTipRight,-1.479747,-0.3890686,3.209844
57,34,009,ThumbRight,-1.461438,-0.3270771,3.152125
57,34,044,SpineBase,-1.588207,-0.1899711,2.993722
57,34,044,SpineMid,-1.584593,0.1259804,3.03106
57,34,044,Neck,-1.573686,0.4352374,3.055597
57,34,044,Head,-1.536403,0.5500149,3.095446
57,34,044,ShoulderLeft,-1.616831,0.3138794,2.923527
57,34,044,ElbowLeft,-1.683753,0.1220937,2.839103
57,34,045,WristLeft,-1.65097,-0.1256841,2.775318
57,34,045,HandLeft,-1.637648,-0.1800791,2.765205
57,34,045,ShoulderRight,-1.546573,0.2486732,3.232889
57,34,045,ElbowRight,-1.546783,-0.007394462,3.230147
57,34,045,WristRight,-1.49798,-0.2262929,3.219277
57,34,045,HandRight,-1.46958,-0.3156905,3.199573
57,34,045,HipLeft,-1.586995,-0.1775741,2.912524
57,34,045,KneeLeft,-1.547918,-0.4796551,2.810004
57,34,045,AnkleLeft,-1.539609,-0.8393831,2.79893
57,34,045,FootLeft,-1.428515,-0.8774572,2.751024
57,34,045,HipRight,-1.556121,-0.1983814,3.012138
57,34,045,KneeRight,-1.54447,-0.5327386,3.043182
57,34,045,AnkleRight,-1.744324,-0.8246326,3.021183
57,34,045,FootRight,-1.63252,-0.8635427,2.973436
57,34,045,SpineShoulder,-1.57769,0.3588354,3.051515
57,34,045,HandTipLeft,-1.627491,-0.2479499,2.71575
57,34,045,ThumbLeft,-1.59155,-0.1846396,2.765143
57,34,045,HandTipRight,-1.457797,-0.371043,3.194214
57,34,045,ThumbRight,-1.452736,-0.3198493,3.155
57,34,076,SpineBase,-1.583894,-0.1866742,2.969502
57,34,076,SpineMid,-1.574765,0.1289122,3.019893
57,34,076,Neck,-1.558385,0.4385864,3.053035
57,34,076,Head,-1.52474,0.5503501,3.09963
57,34,076,ShoulderLeft,-1.596639,0.3136277,2.919101
57,34,076,ElbowLeft,-1.669294,0.1220137,2.829547
57,34,076,WristLeft,-1.640616,-0.1223293,2.750468
57,34,076,HandLeft,-1.630615,-0.2023208,2.74541
57,34,076,ShoulderRight,-1.533001,0.2505611,3.228504
57,34,076,ElbowRight,-1.528628,-0.005724936,3.223599
57,34,076,WristRight,-1.481559,-0.2379922,3.209337
57,34,076,HandRight,-1.459232,-0.3304155,3.195854
57,34,076,HipLeft,-1.580405,-0.172583,2.884823
57,34,076,KneeLeft,-1.534922,-0.4781223,2.80351
57,34,076,AnkleLeft,-1.490505,-0.809907,2.775696
57,34,076,FootLeft,-1.379568,-0.8485518,2.729268
57,34,076,HipRight,-1.553681,-0.196597,2.99117
57,34,076,KneeRight,-1.534512,-0.5284689,3.037152
57,34,076,AnkleRight,-1.73967,-0.8014247,3.024105
57,34,076,FootRight,-1.627768,-0.8409399,2.977971
57,34,076,SpineShoulder,-1.56404,0.3619747,3.046919
57,34,076,HandTipLeft,-1.62114,-0.2722432,2.703178
57,34,077,ThumbLeft,-1.611125,-0.2109107,2.76775
57,34,077,HandTipRight,-1.454749,-0.3895608,3.19588
57,34,077,ThumbRight,-1.453359,-0.3182365,3.156
57,34,113,SpineBase,-1.57548,-0.1894459,2.944929
57,34,113,SpineMid,-1.557971,0.1281068,3.001752
57,34,113,Neck,-1.534508,0.4390706,3.044777
57,34,113,Head,-1.501759,0.5513878,3.096051
57,34,113,ShoulderLeft,-1.571744,0.3130025,2.908778
57,34,113,ElbowLeft,-1.651738,0.1009878,2.815126
57,34,113,WristLeft,-1.633107,-0.1443107,2.736963
57,34,113,HandLeft,-1.628728,-0.2244696,2.723941
57,34,113,ShoulderRight,-1.50894,0.2503333,3.21882
57,34,113,ElbowRight,-1.501927,-0.006208021,3.205241
57,34,113,WristRight,-1.462087,-0.2421095,3.201022
57,34,113,HandRight,-1.445408,-0.3251888,3.182927
57,34,113,HipLeft,-1.574421,-0.1749067,2.874972
57,34,113,KneeLeft,-1.517157,-0.4752541,2.79378
57,34,113,AnkleLeft,-1.428496,-0.8198796,2.762219
57,34,113,FootLeft,-1.318378,-0.8589335,2.71555
57,34,113,HipRight,-1.543234,-0.1994916,2.945249
57,34,113,KneeRight,-1.519342,-0.522275,3.00697
57,34,113,AnkleRight,-1.73403,-0.8028327,3.028306
57,34,113,FootRight,-1.735834,-0.8843374,3.004083
57,34,113,SpineShoulder,-1.541638,0.3622108,3.036165
57,34,113,HandTipLeft,-1.627053,-0.2905633,2.691587
57,34,113,ThumbLeft,-1.612527,-0.2145,2.756091
57,34,113,HandTipRight,-1.443967,-0.3869897,3.182775
57,34,113,ThumbRight,-1.441815,-0.3289314,3.136572
57,34,142,SpineBase,-1.568648,-0.1900182,2.934907
57,34,142,SpineMid,-1.544808,0.127057,2.992768
57,34,142,Neck,-1.513849,0.437274,3.038801
57,34,142,Head,-1.483348,0.5506266,3.093885
57,34,142,ShoulderLeft,-1.547063,0.3103937,2.903439
57,34,142,ElbowLeft,-1.63177,0.1029023,2.799033
57,34,142,WristLeft,-1.622167,-0.1436273,2.724576
57,34,142,HandLeft,-1.621604,-0.2282974,2.707447
57,34,142,ShoulderRight,-1.488688,0.2483533,3.212611
57,34,142,ElbowRight,-1.480974,-0.008091945,3.189574
57,34,142,WristRight,-1.44319,-0.2519267,3.188358
57,34,142,HandRight,-1.432984,-0.3429098,3.17229
57,34,142,HipLeft,-1.563233,-0.1759031,2.859404
57,34,142,KneeLeft,-1.520379,-0.4753021,2.785784
57,34,142,AnkleLeft,-1.383092,-0.8182079,2.747955
57,34,142,FootLeft,-1.273557,-0.8579693,2.702012
57,34,142,HipRight,-1.540681,-0.1997833,2.943019
57,34,142,KneeRight,-1.511335,-0.5221722,2.993726
57,34,142,AnkleRight,-1.722384,-0.8160765,3.025361
57,34,142,FootRight,-1.611211,-0.856837,2.980012
57,34,142,SpineShoulder,-1.522744,0.3606358,3.029266
57,34,142,HandTipLeft,-1.619863,-0.2895963,2.67549
57,34,142,ThumbLeft,-1.610999,-0.2342083,2.727266
57,34,142,HandTipRight,-1.442008,-0.4037342,3.178436
57,34,143,ThumbRight,-1.423126,-0.3206715,3.131154
57,34,178,SpineBase,-1.548323,-0.2005591,2.943836
57,34,178,SpineMid,-1.518717,0.1195671,2.99054
57,34,178,Neck,-1.479275,0.4328023,3.022497
57,34,178,Head,-1.461306,0.5502996,3.088025
57,34,178,ShoulderLeft,-1.523569,0.3060941,2.893551
57,34,178,ElbowLeft,-1.614744,0.1017888,2.790316
57,34,178,WristLeft,-1.611336,-0.1437948,2.711811
57,34,178,HandLeft,-1.612529,-0.2261535,2.691883
57,34,178,ShoulderRight,-1.454069,0.2437498,3.19609
57,34,178,ElbowRight,-1.460034,-0.01247522,3.179343
57,34,178,WristRight,-1.421106,-0.2533836,3.171244
57,34,178,HandRight,-1.411671,-0.3413838,3.155867
57,34,179,HipLeft,-1.54593,-0.1854415,2.867058
57,34,179,KneeLeft,-1.518762,-0.4769892,2.781739
57,34,179,AnkleLeft,-1.34076,-0.8009257,2.738935
57,34,179,FootLeft,-1.232741,-0.8416029,2.688782
57,34,179,HipRight,-1.516153,-0.2120084,2.957369
57,34,179,KneeRight,-1.432837,-0.5130868,2.773279
57,34,179,AnkleRight,-1.652874,-0.7088929,2.974705
57,34,179,FootRight,-1.697604,-0.8054899,2.97288
57,34,179,SpineShoulder,-1.490447,0.3553217,3.017083
57,34,179,HandTipLeft,-1.614769,-0.28896,2.665604
57,34,179,ThumbLeft,-1.610327,-0.2146797,2.731667
57,34,179,HandTipRight,-1.419069,-0.4009862,3.156332
57,34,179,ThumbRight,-1.402906,-0.3359353,3.106
57,34,212,SpineBase,-1.50953,-0.2137308,2.929412
57,34,212,SpineMid,-1.486612,0.1121127,2.977625
57,34,212,Neck,-1.460338,0.4305167,3.014852
57,34,212,Head,-1.444786,0.5490846,3.079609
57,34,212,ShoulderLeft,-1.500554,0.303368,2.885459
57,34,212,ElbowLeft,-1.591857,0.102833,2.781118
57,34,212,WristLeft,-1.595078,-0.1402529,2.694667
57,34,212,HandLeft,-1.598302,-0.2234615,2.678285
57,34,212,ShoulderRight,-1.435241,0.2414536,3.188455
57,34,212,ElbowRight,-1.434709,-0.01497247,3.167259
57,34,212,WristRight,-1.39424,-0.2622774,3.149997
57,34,212,HandRight,-1.390169,-0.3507853,3.137179
57,34,212,HipLeft,-1.512269,-0.1897699,2.855033
57,34,212,KneeLeft,-1.499215,-0.4815526,2.768713
57,34,212,AnkleLeft,-1.303632,-0.7962784,2.734195
57,34,212,FootLeft,-1.195031,-0.8359072,2.685609
57,34,212,HipRight,-1.474309,-0.2343439,2.940566
57,34,212,KneeRight,-1.406386,-0.5069653,2.764194
57,34,212,AnkleRight,-1.272906,-0.8388937,2.731466
57,34,212,FootRight,-1.176758,-0.8989258,2.673828
57,34,212,SpineShoulder,-1.46793,0.3519683,3.007771
57,34,212,HandTipLeft,-1.60483,-0.2845104,2.637836
57,34,212,ThumbLeft,-1.589977,-0.2044805,2.748643
57,34,212,HandTipRight,-1.402367,-0.4155149,3.138364
57,34,212,ThumbRight,-1.385403,-0.3334827,3.0991
57,34,245,SpineBase,-1.501437,-0.2132797,2.92738
57,34,245,SpineMid,-1.471301,0.1069243,2.97287
57,34,245,Neck,-1.432497,0.4156401,3.005165
57,34,245,Head,-1.392591,0.5242801,3.058589
57,34,245,ShoulderLeft,-1.475166,0.2963173,2.874057
57,34,245,ElbowLeft,-1.572232,0.09795333,2.769872
57,34,245,WristLeft,-1.580316,-0.1439472,2.685268
57,34,245,HandLeft,-1.584806,-0.2325868,2.658466
57,34,245,ShoulderRight,-1.407399,0.2265705,3.178717
57,34,245,ElbowRight,-1.411892,-0.02942686,3.151396
57,34,245,WristRight,-1.373667,-0.2528424,3.133943
57,34,245,HandRight,-1.360794,-0.3419801,3.113315
57,34,245,HipLeft,-1.500667,-0.189693,2.849367
57,34,245,KneeLeft,-1.497141,-0.4791418,2.770281
57,34,245,AnkleLeft,-1.279104,-0.7787896,2.731197
57,34,245,FootLeft,-1.171515,-0.8196929,2.681345
57,34,245,HipRight,-1.468679,-0.2332233,2.940941
57,34,245,KneeRight,-1.388262,-0.5007099,2.757533
57,34,245,AnkleRight,-1.247792,-0.8378833,2.728794
57,34,245,FootRight,-1.135911,-0.8946408,2.662294
57,34,245,SpineShoulder,-1.443387,0.3397804,2.99935
57,34,245,HandTipLeft,-1.595817,-0.2918308,2.632001
57,34,245,ThumbLeft,-1.58436,-0.2027952,2.74425
57,34,245,HandTipRight,-1.368223,-0.4057306,3.116078
57,34,245,ThumbRight,-1.35852,-0.3299577,3.070375
57,34,280,SpineBase,-1.47158,-0.2218131,2.90432
57,34,280,SpineMid,-1.434458,0.09583507,2.950504
57,34,280,Neck,-1.396103,0.407332,2.987308
57,34,280,Head,-1.366048,0.520716,3.048376
57,34,280,ShoulderLeft,-1.446407,0.2877432,2.861812
57,34,280,ElbowLeft,-1.508737,0.1049312,2.764298
57,34,281,WristLeft,-1.537125,-0.1347035,2.673628
57,34,281,HandLeft,-1.555926,-0.2226007,2.630591
57,34,281,ShoulderRight,-1.353975,0.2002445,3.069011
57,34,281,ElbowRight,-1.382175,-0.04139926,3.130711
57,34,281,WristRight,-1.333765,-0.2665222,3.109267
57,34,281,HandRight,-1.330614,-0.3521319,3.088221
57,34,281,HipLeft,-1.481922,-0.1966783,2.820179
57,34,281,KneeLeft,-1.48298,-0.4537229,2.784857
57,34,281,AnkleLeft,-1.272972,-0.7574967,2.733509
57,34,281,FootLeft,-1.170271,-0.797516,2.666032
57,34,281,HipRight,-1.426195,-0.2427419,2.924817
57,34,281,KneeRight,-1.316593,-0.5028928,2.746206
57,34,281,AnkleRight,-1.195624,-0.8523141,2.724612
57,34,281,FootRight,-1.114623,-0.8976781,2.658045
57,34,281,SpineShoulder,-1.406272,0.3303517,2.980089
57,34,281,HandTipLeft,-1.559813,-0.2808326,2.599831
57,34,281,ThumbLeft,-1.549714,-0.2445292,2.6568
57,34,281,HandTipRight,-1.330554,-0.4137509,3.065969
57,34,281,ThumbRight,-1.3309,-0.3353136,3.051929
57,34,311,SpineBase,-1.449528,-0.2301326,2.902474
57,34,311,SpineMid,-1.413983,0.08840214,2.945254
57,34,311,Neck,-1.372053,0.3993555,2.975909
57,34,311,Head,-1.325757,0.504354,3.025111
57,34,311,ShoulderLeft,-1.421283,0.2821263,2.850937
57,34,311,ElbowLeft,-1.489033,0.1025499,2.755481
57,34,311,WristLeft,-1.516957,-0.1361557,2.661761
57,34,311,HandLeft,-1.526508,-0.2165496,2.614983
57,34,311,ShoulderRight,-1.319645,0.1753739,3.018317
57,34,311,ElbowRight,-1.347146,-0.05165934,3.115285
57,34,311,WristRight,-1.300326,-0.2888861,3.086512
57,34,311,HandRight,-1.297524,-0.3556659,3.065058
57,34,311,HipLeft,-1.46675,-0.2060598,2.816586
57,34,311,KneeLeft,-1.454362,-0.458493,2.783343
57,34,311,AnkleLeft,-1.245332,-0.7631829,2.734261
57,34,311,FootLeft,-1.147565,-0.8026922,2.656612
57,34,311,HipRight,-1.400023,-0.2484764,2.925266
57,34,311,KneeRight,-1.30215,-0.5039884,2.743103
57,34,311,AnkleRight,-1.185509,-0.8530946,2.726533
57,34,311,FootRight,-1.093797,-0.9007515,2.663296
57,34,311,SpineShoulder,-1.383596,0.3226119,2.970537
57,34,311,HandTipLeft,-1.529899,-0.2791467,2.585384
57,34,311,ThumbLeft,-1.517336,-0.2492202,2.628
57,34,311,HandTipRight,-1.294102,-0.4262659,3.039205
57,34,311,ThumbRight,-1.302092,-0.3407292,3.031308
57,34,344,SpineBase,-1.406731,-0.2354081,2.907954
57,34,344,SpineMid,-1.372994,0.08306865,2.938951
57,34,345,Neck,-1.333368,0.3945687,2.958008
57,34,345,Head,-1.300818,0.507988,3.007016
57,34,345,ShoulderLeft,-1.383083,0.2718551,2.833136
57,34,345,ElbowLeft,-1.476478,0.08598386,2.725806
57,34,345,WristLeft,-1.488735,-0.1534393,2.629559
57,34,345,HandLeft,-1.508237,-0.2923933,2.581017
57,34,345,ShoulderRight,-1.285223,0.1812884,3.03379
57,34,345,ElbowRight,-1.305747,-0.06217324,3.092984
57,34,345,WristRight,-1.277552,-0.2659478,3.065105
57,34,345,HandRight,-1.262439,-0.3470698,3.042353
57,34,345,HipLeft,-1.421417,-0.217241,2.818287
57,34,345,KneeLeft,-1.371175,-0.4674612,2.774118
57,34,345,AnkleLeft,-1.214411,-0.8018535,2.732355
57,34,345,FootLeft,-1.114022,-0.8418004,2.661426
57,34,345,HipRight,-1.360637,-0.2487844,2.933548
57,34,345,KneeRight,-1.265121,-0.5039722,2.735904
57,34,345,AnkleRight,-1.177575,-0.8399351,2.730632
57,34,345,FootRight,-1.083482,-0.9041629,2.671932
57,34,345,SpineShoulder,-1.34418,0.317627,2.955427
57,34,345,HandTipLeft,-1.510892,-0.3459591,2.575601
57,34,345,ThumbLeft,-1.490271,-0.3189654,2.594714
57,34,345,HandTipRight,-1.248078,-0.4095801,3.027935
57,34,345,ThumbRight,-1.264161,-0.3566698,2.99775
57,34,380,SpineBase,-1.370875,-0.2406712,2.889875
57,34,380,SpineMid,-1.332638,0.07782104,2.919454
57,34,380,Neck,-1.291063,0.3896874,2.937877
57,34,380,Head,-1.254793,0.5013317,2.980372
57,34,380,ShoulderLeft,-1.350077,0.2617929,2.814868
57,34,380,ElbowLeft,-1.416258,0.081852,2.721265
57,34,380,WristLeft,-1.445279,-0.1560353,2.625615
57,34,380,HandLeft,-1.46317,-0.2446823,2.581624
57,34,380,ShoulderRight,-1.238615,0.183981,2.99332
57,34,380,ElbowRight,-1.274045,-0.04845366,3.076187
57,34,380,WristRight,-1.236889,-0.2781852,3.044306
57,34,380,HandRight,-1.228369,-0.3540202,3.016616
57,34,380,HipLeft,-1.397165,-0.2216972,2.806721
57,34,380,KneeLeft,-1.432512,-0.5448698,2.861062
57,34,380,AnkleLeft,-1.198713,-0.8143476,2.747942
57,34,380,FootLeft,-1.103081,-0.8539917,2.66816
57,34,380,HipRight,-1.314488,-0.2539218,2.908759
57,34,380,KneeRight,-1.232653,-0.5063907,2.733572
57,34,380,AnkleRight,-1.168921,-0.8050349,2.738463
57,34,380,FootRight,-1.073528,-0.8447182,2.658567
57,34,380,SpineShoulder,-1.302222,0.3126419,2.935362
57,34,380,HandTipLeft,-1.474101,-0.296847,2.546097
57,34,380,ThumbLeft,-1.44365,-0.2842265,2.591182
57,34,380,HandTipRight,-1.216265,-0.4220705,2.994152
57,34,380,ThumbRight,-1.230892,-0.3435035,2.978692
57,34,411,SpineBase,-1.336214,-0.2392681,2.876527
57,34,411,SpineMid,-1.292972,0.07664368,2.899362
57,34,411,Neck,-1.246171,0.385388,2.910053
57,34,411,Head,-1.220424,0.5023504,2.962298
57,34,411,ShoulderLeft,-1.305266,0.2565249,2.793129
57,34,411,ElbowLeft,-1.404695,0.06791333,2.696777
57,34,411,WristLeft,-1.413215,-0.1707561,2.597775
57,34,411,HandLeft,-1.4216,-0.2655509,2.564804
57,34,411,ShoulderRight,-1.191309,0.193189,2.993577
57,34,411,ElbowRight,-1.22421,-0.04863445,3.052941
57,34,411,WristRight,-1.204196,-0.2795243,3.021076
57,34,411,HandRight,-1.19272,-0.3549183,2.990974
57,34,411,HipLeft,-1.354077,-0.22166,2.792681
57,34,411,KneeLeft,-1.327232,-0.4733821,2.771464
57,34,411,AnkleLeft,-1.187824,-0.8163768,2.7536
57,34,412,FootLeft,-1.091333,-0.857143,2.676662
57,34,412,HipRight,-1.287307,-0.2516977,2.896014
57,34,412,KneeRight,-1.210184,-0.5071376,2.731977
57,34,412,AnkleRight,-1.160905,-0.8294924,2.75293
57,34,412,FootRight,-1.064684,-0.8700904,2.675927
57,34,412,SpineShoulder,-1.258019,0.3091143,2.909175
57,34,412,HandTipLeft,-1.427826,-0.3163005,2.536579
57,34,412,ThumbLeft,-1.39493,-0.2913924,2.567177
57,34,412,HandTipRight,-1.175207,-0.4162597,2.964392
57,34,412,ThumbRight,-1.195195,-0.3665149,2.9462
57,34,446,SpineBase,-1.292197,-0.2430225,2.851125
57,34,446,SpineMid,-1.248486,0.07357313,2.878126
57,34,446,Neck,-1.200411,0.3832611,2.893003
57,34,446,Head,-1.172468,0.4996215,2.936162
57,34,446,ShoulderLeft,-1.265729,0.255868,2.775139
57,34,446,ElbowLeft,-1.365633,0.07438055,2.686363
57,34,446,WristLeft,-1.37177,-0.16591,2.59128
57,34,446,HandLeft,-1.381026,-0.3117056,2.546911
57,34,446,ShoulderRight,-1.143632,0.1912258,2.976223
57,34,446,ElbowRight,-1.178459,-0.04839561,3.041301
57,34,446,WristRight,-1.176786,-0.2728704,3.009897
57,34,446,HandRight,-1.159777,-0.3418922,2.98457
57,34,446,HipLeft,-1.316106,-0.2271295,2.770843
57,34,446,KneeLeft,-1.356699,-0.5356433,2.814481
57,34,446,AnkleLeft,-1.159296,-0.8460088,2.756
57,34,446,FootLeft,-1.064229,-0.8861387,2.676745
57,34,446,HipRight,-1.24167,-0.2530228,2.868304
57,34,446,KneeRight,-1.17976,-0.5305504,2.731343
57,34,446,AnkleRight,-1.157191,-0.8304124,2.755461
57,34,446,FootRight,-1.062124,-0.8707001,2.676157
57,34,446,SpineShoulder,-1.213893,0.306819,2.891703
57,34,446,HandTipLeft,-1.391719,-0.3692793,2.555488
57,34,446,ThumbLeft,-1.386161,-0.3796994,2.565
57,34,446,HandTipRight,-1.136592,-0.4069074,2.958712
57,34,446,ThumbRight,-1.157773,-0.3537424,2.94
57,34,476,SpineBase,-1.242858,-0.2431139,2.869011
57,34,476,SpineMid,-1.202503,0.07399216,2.874404
57,34,477,Neck,-1.153191,0.3843141,2.867556
57,34,477,Head,-1.131852,0.5037357,2.913923
57,34,477,ShoulderLeft,-1.216241,0.2613329,2.756416
57,34,477,ElbowLeft,-1.316128,0.0533874,2.667826
57,34,477,WristLeft,-1.321137,-0.1887263,2.577964
57,34,477,HandLeft,-1.327802,-0.2797034,2.545517
57,34,477,ShoulderRight,-1.09431,0.2067969,2.935374
57,34,477,ElbowRight,-1.128042,-0.03327049,3.0002
57,34,477,WristRight,-1.129683,-0.2679125,2.987243
57,34,477,HandRight,-1.124631,-0.3454697,2.964315
57,34,477,HipLeft,-1.269115,-0.2323085,2.786994
57,34,477,KneeLeft,-1.259191,-0.5378829,2.748408
57,34,477,AnkleLeft,-1.151229,-0.8510678,2.75788
57,34,477,FootLeft,-1.059765,-0.892194,2.674085
57,34,477,HipRight,-1.189118,-0.2483252,2.885692
57,34,477,KneeRight,-1.167731,-0.5283737,2.72942
57,34,477,AnkleRight,-1.147212,-0.8348649,2.756382
57,34,477,FootRight,-1.055763,-0.8761503,2.672532
57,34,477,SpineShoulder,-1.16567,0.3076904,2.871362
57,34,477,HandTipLeft,-1.332679,-0.3332947,2.524718
57,34,477,ThumbLeft,-1.297877,-0.3074356,2.54455
57,34,477,HandTipRight,-1.110994,-0.3976459,2.942853
57,34,477,ThumbRight,-1.113116,-0.3859006,2.91125
57,34,512,SpineBase,-1.204243,-0.2395947,2.831118
57,34,512,SpineMid,-1.157338,0.08191837,2.844684
57,34,512,Neck,-1.106665,0.3963392,2.846278
57,34,512,Head,-1.083138,0.5154557,2.890977
57,34,512,ShoulderLeft,-1.170785,0.2705824,2.735143
57,34,512,ElbowLeft,-1.254103,0.03952116,2.650892
57,34,512,WristLeft,-1.267283,-0.2038697,2.566447
57,34,512,HandLeft,-1.274068,-0.2895249,2.536188
57,34,512,ShoulderRight,-1.050327,0.2122205,2.926354
57,34,512,ElbowRight,-1.084272,-0.02790711,2.991113
57,34,512,WristRight,-1.093208,-0.2817624,2.964638
57,34,512,HandRight,-1.092865,-0.3532514,2.951617
57,34,512,HipLeft,-1.227586,-0.2245141,2.751565
57,34,512,KneeLeft,-1.229637,-0.4983006,2.734951
57,34,512,AnkleLeft,-1.146198,-0.8557426,2.763888
57,34,512,FootLeft,-1.052943,-0.8968421,2.682958
57,34,512,HipRight,-1.153163,-0.2491457,2.845388
57,34,512,KneeRight,-1.161916,-0.5246322,2.724616
57,34,512,AnkleRight,-1.142246,-0.8312741,2.753156
57,34,512,FootRight,-1.048963,-0.8725935,2.67217
57,34,512,SpineShoulder,-1.12006,0.3187177,2.848036
57,34,512,HandTipLeft,-1.280378,-0.3462607,2.525398
57,34,512,ThumbLeft,-1.240264,-0.3104159,2.530762
57,34,512,HandTipRight,-1.093989,-0.413226,2.939977
57,34,512,ThumbRight,-1.09257,-0.3481359,2.908154
57,34,545,SpineBase,-1.145212,-0.229158,2.86565
57,34,545,SpineMid,-1.104584,0.0950271,2.853225
57,34,545,Neck,-1.060092,0.4120922,2.828904
57,34,545,Head,-1.036931,0.5318099,2.87056
57,34,545,ShoulderLeft,-1.132199,0.2798701,2.717169
57,34,545,ElbowLeft,-1.210504,0.04510876,2.638634
57,34,545,WristLeft,-1.214279,-0.2007835,2.560821
57,34,545,HandLeft,-1.219213,-0.2837819,2.545422
57,34,545,ShoulderRight,-1.008245,0.2400169,2.900567
57,34,545,ElbowRight,-1.042377,-0.0003211781,2.965302
57,34,545,WristRight,-1.05676,-0.2544322,2.954116
57,34,545,HandRight,-1.061989,-0.3240635,2.951194
57,34,545,HipLeft,-1.169086,-0.2208266,2.786819
57,34,545,KneeLeft,-1.226143,-0.4948725,2.733084
57,34,545,AnkleLeft,-1.147293,-0.8531664,2.763113
57,34,545,FootLeft,-1.056292,-0.8953525,2.679744
57,34,545,HipRight,-1.095034,-0.2322189,2.878587
57,34,545,KneeRight,-1.137298,-0.5202848,2.712272
57,34,545,AnkleRight,-1.137055,-0.831728,2.750643
57,34,545,FootRight,-1.046083,-0.8740911,2.667208
57,34,545,SpineShoulder,-1.071945,0.3338304,2.837135
57,34,545,HandTipLeft,-1.224939,-0.3460888,2.530143
57,34,545,ThumbLeft,-1.204887,-0.3328418,2.557
57,34,545,HandTipRight,-1.058527,-0.3811209,2.934814
57,34,545,ThumbRight,-1.060652,-0.361413,2.900143
57,34,577,SpineBase,-1.099873,-0.2216429,2.837464
57,34,577,SpineMid,-1.063841,0.1032761,2.832361
57,34,577,Neck,-1.025935,0.4203017,2.815593
57,34,577,Head,-0.9858639,0.5324453,2.853563
57,34,578,ShoulderLeft,-1.086736,0.2952978,2.696457
57,34,578,ElbowLeft,-1.165994,0.05940074,2.622737
57,34,578,WristLeft,-1.155588,-0.1910459,2.563554
57,34,578,HandLeft,-1.152435,-0.2726944,2.563919
57,34,578,ShoulderRight,-0.9701027,0.2393835,2.886735
57,34,578,ElbowRight,-1.004415,-0.0009850052,2.951412
57,34,578,WristRight,-1.014446,-0.2553886,2.938734
57,34,578,HandRight,-1.02543,-0.3243491,2.931064
57,34,578,HipLeft,-1.124782,-0.2088061,2.757228
57,34,578,KneeLeft,-1.189771,-0.4747611,2.718627
57,34,578,AnkleLeft,-1.284298,-0.6683088,2.888437
57,34,578,FootLeft,-1.189472,-0.7118676,2.808323
57,34,578,HipRight,-1.049347,-0.2293069,2.851527
57,34,578,KneeRight,-1.130415,-0.5151746,2.706879
57,34,578,AnkleRight,-1.132135,-0.8368752,2.750265
57,34,578,FootRight,-1.038387,-0.8782131,2.670285
57,34,578,SpineShoulder,-1.036218,0.3420748,2.822073
57,34,578,HandTipLeft,-1.163742,-0.3388501,2.534968
57,34,578,ThumbLeft,-1.121397,-0.2834623,2.6125
57,34,578,HandTipRight,-1.032082,-0.3849745,2.909567
57,34,578,ThumbRight,-1.025465,-0.3303365,2.874
57,34,611,SpineBase,-1.071299,-0.2166664,2.82051
57,34,612,SpineMid,-1.027988,0.1127762,2.814324
57,34,612,Neck,-0.9798087,0.4356365,2.79604
57,34,612,Head,-0.9415126,0.5496095,2.835709
57,34,612,ShoulderLeft,-1.042734,0.2982394,2.679685
57,34,612,ElbowLeft,-1.121071,0.06262866,2.602926
57,34,612,WristLeft,-1.093895,-0.1883119,2.551569
57,34,612,HandLeft,-1.087004,-0.2800635,2.568056
57,34,612,ShoulderRight,-0.9251001,0.2532598,2.867711
57,34,612,ElbowRight,-0.9596311,0.01276535,2.932341
57,34,612,WristRight,-0.9733368,-0.2414967,2.921054
57,34,612,HandRight,-0.973359,-0.3056916,2.903361
57,34,612,HipLeft,-1.09519,-0.2084705,2.740443
57,34,612,KneeLeft,-1.094215,-0.5128824,2.706273
57,34,612,AnkleLeft,-1.31301,-0.7421156,2.874132
57,34,612,FootLeft,-1.218991,-0.7858894,2.793592
57,34,612,HipRight,-1.021697,-0.2196581,2.833899
57,34,612,KneeRight,-1.033568,-0.5177757,2.755519
57,34,612,AnkleRight,-1.129243,-0.8438399,2.753134
57,34,612,FootRight,-1.036592,-0.886081,2.672434
57,34,612,SpineShoulder,-0.9915403,0.3562396,2.802277
57,34,612,HandTipLeft,-1.098932,-0.3450493,2.559086
57,34,612,ThumbLeft,-1.059325,-0.2936976,2.611938
57,34,612,HandTipRight,-0.9675936,-0.3635955,2.868906
57,34,612,ThumbRight,-0.964896,-0.2911186,2.845334
57,34,645,SpineBase,-1.041558,-0.2110106,2.80871
57,34,645,SpineMid,-0.994702,0.1190648,2.801574
57,34,645,Neck,-0.9452422,0.4414875,2.782745
57,34,645,Head,-0.9024399,0.5529484,2.817984
57,34,645,ShoulderLeft,-1.005285,0.3088869,2.667032
57,34,645,ElbowLeft,-1.074831,0.07137936,2.586714
57,34,645,WristLeft,-1.038579,-0.1804439,2.548597
57,34,645,HandLeft,-1.027282,-0.2716793,2.559297
57,34,645,ShoulderRight,-0.8905812,0.2590666,2.854403
57,34,645,ElbowRight,-0.9252838,0.01850479,2.918992
57,34,645,WristRight,-0.9363235,-0.2359673,2.906509
57,34,645,HandRight,-0.9208137,-0.2388589,2.851302
57,34,645,HipLeft,-1.066417,-0.2037441,2.73086
57,34,645,KneeLeft,-1.089843,-0.5181721,2.706283
57,34,645,AnkleLeft,-1.304254,-0.7520068,2.873575
57,34,645,FootLeft,-1.212284,-0.8331407,2.807623
57,34,645,HipRight,-0.9923005,-0.2132933,2.820007
57,34,645,KneeRight,-0.9616166,-0.5301538,2.787151
57,34,645,AnkleRight,-1.122046,-0.8336022,2.749404
57,34,645,FootRight,-1.029282,-0.8762885,2.669277
57,34,645,SpineShoulder,-0.958976,0.3618428,2.789881
57,34,645,HandTipLeft,-1.034291,-0.3386196,2.565077
57,34,645,ThumbLeft,-1.003998,-0.2648344,2.6134
57,34,645,HandTipRight,-0.9159619,-0.2491816,2.836337
57,34,645,ThumbRight,-0.9137728,-0.2370325,2.8295
57,34,678,SpineBase,-0.9969673,-0.2126417,2.789774
57,34,679,SpineMid,-0.9513487,0.119996,2.784053
57,34,679,Neck,-0.9016767,0.4448714,2.765815
57,34,679,Head,-0.858381,0.5565979,2.801293
57,34,679,ShoulderLeft,-0.9575396,0.3123818,2.646291
57,34,679,ElbowLeft,-1.03837,0.09606201,2.575732
57,34,679,WristLeft,-0.9797568,-0.152607,2.543738
57,34,679,HandLeft,-0.983824,-0.2096459,2.561007
57,34,679,ShoulderRight,-0.8470754,0.2624012,2.83745
57,34,679,ElbowRight,-0.8819968,0.02177739,2.901983
57,34,679,WristRight,-0.8955222,-0.2325826,2.89039
57,34,679,HandRight,-0.8935236,-0.294041,2.870397
57,34,679,HipLeft,-1.017216,-0.2066501,2.716774
57,34,679,KneeLeft,-1.077814,-0.5333615,2.703879
57,34,679,AnkleLeft,-1.283069,-0.7712456,2.876559
57,34,679,FootLeft,-1.170064,-0.8272605,2.809788
57,34,679,HipRight,-0.9520046,-0.2136126,2.795833
57,34,679,KneeRight,-0.8874243,-0.5139025,2.769915
57,34,679,AnkleRight,-1.081365,-0.8176898,2.808587
57,34,679,FootRight,-1.055402,-0.8974215,2.7936
57,34,679,SpineShoulder,-0.9140425,0.3647822,2.772291
57,34,679,HandTipLeft,-0.9469986,-0.2787657,2.523116
57,34,679,ThumbLeft,-1.03699,-0.2142214,2.571782
57,34,679,HandTipRight,-0.8887763,-0.3041854,2.855414
57,34,679,ThumbRight,-0.8867247,-0.2918037,2.848556
57,34,710,SpineBase,-0.9534986,-0.2105568,2.763291
57,34,710,SpineMid,-0.9108201,0.1218677,2.76169
57,34,710,Neck,-0.8656319,0.4464046,2.747938
57,34,710,Head,-0.8091303,0.5507461,2.777059
57,34,710,ShoulderLeft,-0.9239465,0.3130516,2.635014
57,34,710,ElbowLeft,-0.9957479,0.1016338,2.564317
57,34,710,WristLeft,-0.9241499,-0.1222596,2.525468
57,34,710,HandLeft,-0.9202303,-0.204275,2.553339
57,34,710,ShoulderRight,-0.8110775,0.2638904,2.819556
57,34,710,ElbowRight,-0.8461772,0.02321691,2.884045
57,34,710,WristRight,-0.857838,-0.2312898,2.871528
57,34,710,HandRight,-0.8519466,-0.2919628,2.849982
57,34,710,HipLeft,-0.9810095,-0.2025106,2.695916
57,34,710,KneeLeft,-1.061264,-0.5299496,2.695276
57,34,710,AnkleLeft,-1.117013,-0.8533148,2.757471
57,34,710,FootLeft,-1.070747,-0.9211168,2.761554
57,34,710,HipRight,-0.9064062,-0.2138949,2.765624
57,34,710,KneeRight,-0.8102692,-0.4706309,2.746877
57,34,710,AnkleRight,-0.9161189,-0.8191818,2.779862
57,34,710,FootRight,-0.824917,-0.8611346,2.699106
57,34,710,SpineShoulder,-0.8780542,0.3663499,2.753868
57,34,710,HandTipLeft,-0.8713923,-0.2728703,2.520365
57,34,710,ThumbLeft,-0.9618902,-0.2200991,2.566625
57,34,710,HandTipRight,-0.8473065,-0.3021043,2.834966
57,34,710,ThumbRight,-0.8453953,-0.2897176,2.828066
57,34,744,SpineBase,-0.9063252,-0.2132095,2.741474
57,34,744,SpineMid,-0.8644493,0.1160726,2.740098
57,34,744,Neck,-0.8196347,0.4374707,2.726469
57,34,744,Head,-0.7728219,0.5472758,2.758032
57,34,744,ShoulderLeft,-0.8833775,0.3120621,2.616599
57,34,744,ElbowLeft,-0.9521092,0.1016381,2.546757
57,34,744,WristLeft,-0.8749725,-0.1095255,2.516808
57,34,744,HandLeft,-0.8629636,-0.1898163,2.546123
57,34,744,ShoulderRight,-0.7651384,0.2549219,2.79805
57,34,744,ElbowRight,-0.800469,0.01425302,2.862467
57,34,744,WristRight,-0.8132923,-0.24018,2.850422
57,34,744,HandRight,-0.8108119,-0.3015652,2.830242
57,34,744,HipLeft,-0.9320776,-0.2033929,2.669102
57,34,744,KneeLeft,-1.028574,-0.5217012,2.682539
57,34,744,AnkleLeft,-1.113223,-0.8503142,2.755607
57,34,744,FootLeft,-1.021414,-0.8919359,2.673236
57,34,744,HipRight,-0.8583273,-0.2177842,2.746474
57,34,744,KneeRight,-0.735998,-0.474205,2.72761
57,34,744,AnkleRight,-0.7727432,-0.795965,2.739187
57,34,744,FootRight,-0.6843563,-0.8377858,2.655586
57,34,744,SpineShoulder,-0.8314023,0.3582245,2.732066
57,34,744,HandTipLeft,-0.801668,-0.2578252,2.508262
57,34,744,ThumbLeft,-0.9006377,-0.2134154,2.56225
57,34,744,HandTipRight,-0.8062819,-0.3116653,2.815198
57,34,744,ThumbRight,-0.804515,-0.2992232,2.808262
57,34,779,SpineBase,-0.8563598,-0.2164229,2.724749
57,34,779,SpineMid,-0.8158045,0.1136893,2.723088
57,34,779,Neck,-0.7728097,0.435832,2.709237
57,34,779,Head,-0.7302675,0.5478918,2.737316
57,34,779,ShoulderLeft,-0.8437626,0.3049926,2.603188
57,34,779,ElbowLeft,-0.9057244,0.09511454,2.534863
57,34,779,WristLeft,-0.8156904,-0.1131672,2.51012
57,34,779,HandLeft,-0.7989043,-0.1930534,2.534556
57,34,779,ShoulderRight,-0.7183827,0.2532404,2.780787
57,34,779,ElbowRight,-0.7539646,0.01253793,2.845142
57,34,779,WristRight,-0.7666357,-0.2419272,2.832923
57,34,779,HandRight,-0.7621904,-0.3029715,2.812063
57,34,779,HipLeft,-0.8839199,-0.2052721,2.654089
57,34,779,KneeLeft,-0.9906399,-0.5214235,2.672096
57,34,779,AnkleLeft,-1.111114,-0.8509525,2.755185
57,34,779,FootLeft,-1.021049,-0.8923157,2.670009
57,34,780,HipRight,-0.8078098,-0.2221848,2.727803
57,34,780,KneeRight,-0.6740655,-0.5157246,2.708175
57,34,780,AnkleRight,-0.6459464,-0.8164526,2.692514
57,34,780,FootRight,-0.5825195,-0.9067383,2.625
57,34,780,SpineShoulder,-0.7839816,0.356409,2.714857
57,34,780,HandTipLeft,-0.730391,-0.2578075,2.50668
57,34,780,ThumbLeft,-0.8399418,-0.2054412,2.554308
57,34,780,HandTipRight,-0.7577974,-0.3130569,2.796983
57,34,780,ThumbRight,-0.75621,-0.3005943,2.789999
57,34,810,SpineBase,-0.8003308,-0.2303377,2.712876
57,34,810,SpineMid,-0.7659392,0.09993342,2.706547
57,34,810,Neck,-0.7287902,0.4222198,2.68785
57,34,810,Head,-0.6810395,0.5318615,2.717547
57,34,810,ShoulderLeft,-0.8031926,0.2992464,2.583676
57,34,810,ElbowLeft,-0.8547742,0.050678,2.52775
57,34,810,WristLeft,-0.7542104,-0.1370116,2.490717
57,34,810,HandLeft,-0.7219254,-0.2164715,2.503918
57,34,811,ShoulderRight,-0.6744209,0.2396034,2.759356
57,34,811,ElbowRight,-0.7102333,-0.001062718,2.823639
57,34,811,WristRight,-0.7232032,-0.2554848,2.811432
57,34,811,HandRight,-0.7192658,-0.3166265,2.790733
57,34,811,HipLeft,-0.8345909,-0.219289,2.643847
57,34,811,KneeLeft,-0.9375187,-0.5141712,2.65225
57,34,811,AnkleLeft,-1.094753,-0.8274637,2.744733
57,34,811,FootLeft,-1.005629,-0.8687615,2.658029
57,34,811,HipRight,-0.7460293,-0.2356082,2.713881
57,34,811,KneeRight,-0.6012074,-0.5302143,2.690788
57,34,811,AnkleRight,-0.531388,-0.7918333,2.649586
57,34,811,FootRight,-0.4538163,-0.8737166,2.57405
57,34,811,SpineShoulder,-0.7385994,0.3427656,2.69473
57,34,811,HandTipLeft,-0.664714,-0.2767121,2.501752
57,34,811,ThumbLeft,-0.7638915,-0.2234651,2.542556
57,34,811,HandTipRight,-0.7149933,-0.3266548,2.775627
57,34,811,ThumbRight,-0.7135639,-0.3141164,2.768609
57,34,845,SpineBase,-0.7483777,-0.2395228,2.691667
57,34,845,SpineMid,-0.7167798,0.09030184,2.688283
57,34,845,Neck,-0.6834467,0.4122783,2.672748
57,34,845,Head,-0.6286638,0.5255376,2.696523
57,34,845,ShoulderLeft,-0.7538351,0.2880407,2.567222
57,34,845,ElbowLeft,-0.8108562,0.04027498,2.514075
57,34,845,WristLeft,-0.7172192,-0.1327245,2.47408
57,34,845,HandLeft,-0.6821101,-0.210582,2.484547
57,34,845,ShoulderRight,-0.6291476,0.2296394,2.74421
57,34,845,ElbowRight,-0.6652145,-0.01100294,2.808423
57,34,845,WristRight,-0.6783429,-0.2654015,2.79617
57,34,845,HandRight,-0.6739764,-0.3264773,2.77535
57,34,845,HipLeft,-0.782583,-0.2277876,2.620804
57,34,845,KneeLeft,-0.9023755,-0.5167432,2.644141
57,34,845,AnkleLeft,-1.081285,-0.8181131,2.736252
57,34,845,FootLeft,-0.9908519,-0.8590356,2.651101
57,34,845,HipRight,-0.6952108,-0.2451765,2.694224
57,34,845,KneeRight,-0.5655904,-0.4992986,2.665574
57,34,845,AnkleRight,-0.4289673,-0.8262874,2.602978
57,34,845,FootRight,-0.3386461,-0.8927112,2.523771
57,34,845,SpineShoulder,-0.6917959,0.332799,2.678689
57,34,845,HandTipLeft,-0.6147772,-0.2720042,2.45978
57,34,845,ThumbLeft,-0.7110312,-0.209082,2.535
57,34,846,HandTipRight,-0.6698394,-0.3364626,2.760214
57,34,846,ThumbRight,-0.6685876,-0.323867,2.75316
57,34,878,SpineBase,-0.6932174,-0.2507473,2.671175
57,34,878,SpineMid,-0.6672754,0.08130013,2.671341
57,34,878,Neck,-0.6419122,0.4056742,2.659945
57,34,878,Head,-0.5906107,0.5181211,2.683794
57,34,878,ShoulderLeft,-0.7109916,0.2804565,2.550562
57,34,878,ElbowLeft,-0.7764288,0.07262009,2.492094
57,34,878,WristLeft,-0.6928347,-0.09578428,2.451549
57,34,878,HandLeft,-0.6741105,-0.1728626,2.478109
57,34,878,ShoulderRight,-0.5876819,0.2230117,2.73137
57,34,878,ElbowRight,-0.6239892,-0.01762198,2.795525
57,34,878,WristRight,-0.637267,-0.272008,2.783233
57,34,878,HandRight,-0.6333066,-0.3331433,2.762501
57,34,878,HipLeft,-0.7255481,-0.2421063,2.603765
57,34,878,KneeLeft,-0.8998601,-0.5217884,2.633106
57,34,878,AnkleLeft,-1.079702,-0.836943,2.740772
57,34,878,FootLeft,-0.9878441,-0.8768757,2.657119
57,34,878,HipRight,-0.6431127,-0.2529486,2.669996
57,34,878,KneeRight,-0.5233288,-0.4923344,2.642719
57,34,879,AnkleRight,-0.3773417,-0.8268878,2.581552
57,34,879,FootRight,-0.288458,-0.8951486,2.504099
57,34,879,SpineShoulder,-0.6488192,0.3257408,2.665067
57,34,879,HandTipLeft,-0.6032284,-0.2393086,2.444574
57,34,879,ThumbLeft,-0.7165052,-0.2046058,2.482512
57,34,879,HandTipRight,-0.6292943,-0.3430974,2.74734
57,34,879,ThumbRight,-0.6282058,-0.3304601,2.740252
57,34,914,SpineBase,-0.638377,-0.2602088,2.647891
57,34,914,SpineMid,-0.616418,0.07178825,2.651054
57,34,914,Neck,-0.5920714,0.3955456,2.641626
57,34,914,Head,-0.5470792,0.5091374,2.667621
57,34,914,ShoulderLeft,-0.6600175,0.2707317,2.534467
57,34,914,ElbowLeft,-0.7236294,0.06384965,2.466873
57,34,914,WristLeft,-0.652931,-0.1109273,2.431809
57,34,914,HandLeft,-0.6303813,-0.1844816,2.459165
57,34,914,ShoulderRight,-0.5379232,0.2128554,2.713004
57,34,914,ElbowRight,-0.5745212,-0.02775678,2.777091
57,34,914,WristRight,-0.5879794,-0.2821197,2.764753
57,34,914,HandRight,-0.5838261,-0.3432294,2.743979
57,34,914,HipLeft,-0.6686798,-0.2497734,2.580011
57,34,914,KneeLeft,-0.7801682,-0.5052968,2.596257
57,34,914,AnkleLeft,-0.99757,-0.7756782,2.699394
57,34,914,FootLeft,-0.9061123,-0.8157276,2.615388
57,34,914,HipRight,-0.5915014,-0.2638756,2.646916
57,34,914,KneeRight,-0.4346886,-0.5320588,2.611112
57,34,914,AnkleRight,-0.3592921,-0.825034,2.571557
57,34,914,FootRight,-0.2810903,-0.9038832,2.500586
57,34,914,SpineShoulder,-0.5986032,0.3157443,2.646215
57,34,914,HandTipLeft,-0.5644397,-0.2566595,2.430375
57,34,915,ThumbLeft,-0.6838148,-0.2162423,2.445591
57,34,915,HandTipRight,-0.5799666,-0.3531373,2.72879
57,34,915,ThumbRight,-0.5790784,-0.3404383,2.721665
57,34,943,SpineBase,-0.5571926,-0.2549343,2.632693
57,34,944,SpineMid,-0.5509694,0.07348756,2.6367
57,34,944,Neck,-0.5422937,0.3936244,2.628154
57,34,944,Head,-0.4921733,0.5057777,2.650692
57,34,944,ShoulderLeft,-0.6130586,0.2668248,2.517176
57,34,944,ElbowLeft,-0.6867107,0.06608921,2.449388
57,34,944,WristLeft,-0.5975085,-0.1734552,2.416128
57,34,944,HandLeft,-0.5678758,-0.2532682,2.417767
57,34,944,ShoulderRight,-0.4882383,0.210898,2.699495
57,34,944,ElbowRight,-0.5251414,-0.02973709,2.763528
57,34,944,WristRight,-0.5387887,-0.2841075,2.751152
57,34,944,HandRight,-0.5346333,-0.3452195,2.730377
57,34,944,HipLeft,-0.5886135,-0.245585,2.561714
57,34,944,KneeLeft,-0.7417486,-0.5427741,2.573612
57,34,944,AnkleLeft,-1.001604,-0.8145503,2.699814
57,34,944,FootLeft,-0.9090775,-0.8528715,2.616357
57,34,944,HipRight,-0.5111373,-0.2575714,2.634372
57,34,944,KneeRight,-0.3739018,-0.5386173,2.589736
57,34,944,AnkleRight,-0.3234002,-0.8351017,2.557934
57,34,944,FootRight,-0.2383451,-0.8721757,2.473031
57,34,944,SpineShoulder,-0.5449054,0.3147299,2.63252
57,34,944,HandTipLeft,-0.5251753,-0.3197761,2.411144
57,34,944,ThumbLeft,-0.567614,-0.2631705,2.372316
57,34,945,HandTipRight,-0.5309317,-0.3551109,2.715158
57,34,945,ThumbRight,-0.5302504,-0.3423893,2.707994
57,34,978,SpineBase,-0.4847271,-0.2550537,2.618661
57,34,978,SpineMid,-0.4921328,0.07630326,2.619998
57,34,978,Neck,-0.4980595,0.3990684,2.609215
57,34,978,Head,-0.4413542,0.5106736,2.633371
57,34,978,ShoulderLeft,-0.5626411,0.2723502,2.497747
57,34,978,ElbowLeft,-0.6347288,0.05514269,2.433952
57,34,978,WristLeft,-0.5786306,-0.1939558,2.402584
57,34,978,HandLeft,-0.5551664,-0.2642065,2.397893
57,34,978,ShoulderRight,-0.4440859,0.2162842,2.680539
57,34,978,ElbowRight,-0.4812603,-0.02442876,2.744542
57,34,978,WristRight,-0.4950749,-0.278841,2.732138
57,34,978,HandRight,-0.4909178,-0.3399579,2.711364
57,34,978,HipLeft,-0.5135174,-0.2450996,2.547579
57,34,978,KneeLeft,-0.6073857,-0.4836222,2.505093
57,34,978,AnkleLeft,-0.856564,-0.7176124,2.62355
57,34,978,FootLeft,-0.7631895,-0.7558008,2.541962
57,34,978,HipRight,-0.4430779,-0.2582228,2.620105
57,34,978,KneeRight,-0.3232653,-0.5322324,2.576184
57,34,978,AnkleRight,-0.3118327,-0.8419741,2.554969
57,34,978,FootRight,-0.2248843,-0.8781069,2.472569
57,34,978,SpineShoulder,-0.4962271,0.3196388,2.6138
57,34,978,HandTipLeft,-0.5344809,-0.3344405,2.384527
57,34,978,ThumbLeft,-0.5330598,-0.2588865,2.347429
57,34,978,HandTipRight,-0.4873543,-0.3498567,2.696117
57,34,978,ThumbRight,-0.4868538,-0.3371436,2.688918
57,35,013,SpineBase,-0.4242724,-0.2410619,2.600291
57,35,013,SpineMid,-0.4395968,0.09104932,2.602069
57,35,013,Neck,-0.452426,0.4144951,2.59128
57,35,013,Head,-0.4002372,0.5237204,2.616771
57,35,013,ShoulderLeft,-0.5226373,0.2852193,2.483253
57,35,013,ElbowLeft,-0.592908,0.05571762,2.425103
57,35,013,WristLeft,-0.5532197,-0.1957281,2.387269
57,35,013,HandLeft,-0.5350436,-0.2789511,2.380262
57,35,013,ShoulderRight,-0.3985443,0.2316336,2.662604
57,35,013,ElbowRight,-0.4360084,-0.009222569,2.726595
57,35,013,WristRight,-0.4500013,-0.2637195,2.714173
57,35,013,HandRight,-0.4458428,-0.3248413,2.693401
57,35,013,HipLeft,-0.4536662,-0.2321423,2.526742
57,35,013,KneeLeft,-0.5374757,-0.4877555,2.47209
57,35,013,AnkleLeft,-0.7852799,-0.7212175,2.594615
57,35,013,FootLeft,-0.6937533,-0.7587459,2.510578
57,35,013,HipRight,-0.3835047,-0.2434972,2.603914
57,35,013,KneeRight,-0.30042,-0.5188403,2.570563
57,35,013,AnkleRight,-0.3102827,-0.8432523,2.554416
57,35,013,FootRight,-0.2747298,-0.9148369,2.498031
57,35,013,SpineShoulder,-0.4496449,0.3348249,2.596202
57,35,013,HandTipLeft,-0.523393,-0.3450617,2.366201
57,35,013,ThumbLeft,-0.5016161,-0.3228939,2.353312
57,35,013,HandTipRight,-0.4424251,-0.3347834,2.678123
57,35,013,ThumbRight,-0.4421156,-0.3221257,2.670884
57,35,043,SpineBase,-0.3804984,-0.2259314,2.571228
57,35,043,SpineMid,-0.3951807,0.1054985,2.57782
57,35,043,Neck,-0.4077116,0.4280201,2.571889
57,35,043,Head,-0.3520689,0.5373951,2.593549
57,35,043,ShoulderLeft,-0.4852422,0.2991382,2.464168
57,35,043,ElbowLeft,-0.5536138,0.05304562,2.414848
57,35,044,WristLeft,-0.5352817,-0.1992185,2.365981
57,35,044,HandLeft,-0.522938,-0.2905745,2.354568
57,35,044,ShoulderRight,-0.3539202,0.2450831,2.643212
57,35,044,ElbowRight,-0.3916717,0.004093077,2.707195
57,35,044,WristRight,-0.4058414,-0.2504823,2.694756
57,35,044,HandRight,-0.4016812,-0.3116091,2.673985
57,35,044,HipLeft,-0.4132513,-0.217279,2.501791
57,35,044,KneeLeft,-0.4625786,-0.4782465,2.433263
57,35,044,AnkleLeft,-0.6979934,-0.7253159,2.554602
57,35,044,FootLeft,-0.6086838,-0.7624409,2.468212
57,35,044,HipRight,-0.3378869,-0.2285986,2.570848
57,35,044,KneeRight,-0.284605,-0.5174252,2.563651
57,35,044,AnkleRight,-0.3073017,-0.8425252,2.55338
57,35,044,FootRight,-0.2756742,-0.9153401,2.49643
57,35,044,SpineShoulder,-0.4048751,0.3486328,2.575556
57,35,044,HandTipLeft,-0.5198395,-0.3603845,2.364734
57,35,044,ThumbLeft,-0.4910913,-0.2685865,2.376667
57,35,044,HandTipRight,-0.3984087,-0.3215882,2.658681
57,35,044,ThumbRight,-0.3982894,-0.3089778,2.651406
57,35,077,SpineBase,-0.3526874,-0.2083187,2.553085
57,35,077,SpineMid,-0.3602021,0.1219271,2.557196
57,35,077,Neck,-0.3647427,0.442884,2.548455
57,35,077,Head,-0.3157907,0.5557747,2.574251
57,35,077,ShoulderLeft,-0.450588,0.3175025,2.446836
57,35,077,ElbowLeft,-0.5150725,0.06921481,2.404674
57,35,077,WristLeft,-0.5148965,-0.1833139,2.353728
57,35,077,HandLeft,-0.5141308,-0.2832315,2.334537
57,35,077,ShoulderRight,-0.3110374,0.2598619,2.619786
57,35,077,ElbowRight,-0.3490674,0.01872117,2.683771
57,35,077,WristRight,-0.363408,-0.2359424,2.67132
57,35,077,HandRight,-0.3592462,-0.2970749,2.650552
57,35,077,HipLeft,-0.3883927,-0.1987617,2.482704
57,35,077,KneeLeft,-0.3699457,-0.4689628,2.402284
57,35,077,AnkleLeft,-0.5911499,-0.7338927,2.514622
57,35,077,FootLeft,-0.506091,-0.771268,2.42417
57,35,077,HipRight,-0.3067465,-0.2118805,2.552943
57,35,077,KneeRight,-0.2589515,-0.5276851,2.543535
57,35,077,AnkleRight,-0.2986056,-0.8335744,2.551893
57,35,077,FootRight,-0.2762093,-0.9129639,2.496645
57,35,077,SpineShoulder,-0.3639279,0.3639543,2.552827
57,35,077,HandTipLeft,-0.5076728,-0.3530012,2.351673
57,35,077,ThumbLeft,-0.4785346,-0.2955334,2.330539
57,35,077,HandTipRight,-0.3561139,-0.3070955,2.635223
57,35,077,ThumbRight,-0.3561781,-0.2945378,2.627916
57,35,110,SpineBase,-0.3070873,-0.1849216,2.539037
57,35,110,SpineMid,-0.3170518,0.1403614,2.538487
57,35,110,Neck,-0.3260165,0.4563936,2.52601
57,35,110,Head,-0.2791028,0.5710913,2.548683
57,35,110,ShoulderLeft,-0.4103721,0.3314877,2.428674
57,35,110,ElbowLeft,-0.4775731,0.083161,2.392906
57,35,110,WristLeft,-0.4906385,-0.1693012,2.343937
57,35,110,HandLeft,-0.4975946,-0.2685995,2.323227
57,35,110,ShoulderRight,-0.2723899,0.2732918,2.59735
57,35,110,ElbowRight,-0.3106737,0.03201965,2.66134
57,35,110,WristRight,-0.3251711,-0.2227166,2.648883
57,35,110,HandRight,-0.3210076,-0.2838545,2.628116
57,35,110,HipLeft,-0.3456378,-0.1797954,2.469553
57,35,110,KneeLeft,-0.3078136,-0.4909589,2.378899
57,35,110,AnkleLeft,-0.4988177,-0.7825906,2.481719
57,35,110,FootLeft,-0.5146484,-0.8662109,2.439453
57,35,110,HipRight,-0.26129,-0.1854647,2.538448
57,35,110,KneeRight,-0.2007168,-0.4513953,2.54929
57,35,110,AnkleRight,-0.2896661,-0.8085945,2.550675
57,35,110,FootRight,-0.2088472,-0.8450106,2.45937
57,35,110,SpineShoulder,-0.3242107,0.3785701,2.531377
57,35,110,HandTipLeft,-0.4999076,-0.3394031,2.346599
57,35,110,ThumbLeft,-0.4607821,-0.2533698,2.33125
57,35,110,HandTipRight,-0.318004,-0.2939134,2.612767
57,35,110,ThumbRight,-0.3182369,-0.2814044,2.605432
57,35,144,SpineBase,-0.2745738,-0.1678338,2.50816
57,35,144,SpineMid,-0.2832374,0.1548288,2.514526
57,35,144,Neck,-0.2890307,0.4689981,2.507116
57,35,144,Head,-0.237726,0.5809822,2.528547
57,35,144,ShoulderLeft,-0.3748318,0.3388365,2.410509
57,35,144,ElbowLeft,-0.44977,0.09256583,2.376099
57,35,144,WristLeft,-0.4588654,-0.1610264,2.333288
57,35,144,HandLeft,-0.46841,-0.248669,2.312084
57,35,144,ShoulderRight,-0.235483,0.2858254,2.578466
57,35,144,ElbowRight,-0.1769433,0.03962394,2.613642
57,35,144,WristRight,-0.1262253,-0.1795478,2.62056
57,35,144,HandRight,-0.10124,-0.2668447,2.61325
57,35,144,HipLeft,-0.3119542,-0.163531,2.433039
57,35,144,KneeLeft,-0.2504517,-0.5017056,2.362242
57,35,144,AnkleLeft,-0.3738422,-0.8387327,2.456324
57,35,144,FootLeft,-0.3442017,-0.9078284,2.387715
57,35,144,HipRight,-0.2295987,-0.1675452,2.512481
57,35,144,KneeRight,-0.3228166,-0.4889073,2.545246
57,35,144,AnkleRight,-0.3066379,-0.858546,2.525072
57,35,144,FootRight,-0.3290133,-0.9012277,2.423455
57,35,144,SpineShoulder,-0.2878383,0.3917253,2.511174
57,35,144,HandTipLeft,-0.4700428,-0.3134647,2.308175
57,35,144,ThumbLeft,-0.4335272,-0.2434092,2.312959
57,35,144,HandTipRight,-0.09399882,-0.3307731,2.619444
57,35,144,ThumbRight,-0.1123386,-0.2494574,2.5685
57,35,180,SpineBase,-0.2339941,-0.1614525,2.486304
57,35,180,SpineMid,-0.2371611,0.1599128,2.489909
57,35,180,Neck,-0.2411989,0.4716555,2.482187
57,35,180,Head,-0.1920515,0.584834,2.501353
57,35,180,ShoulderLeft,-0.3391168,0.3420965,2.393104
57,35,180,ElbowLeft,-0.4238505,0.09849194,2.36809
57,35,180,WristLeft,-0.4281369,-0.1530157,2.31592
57,35,180,HandLeft,-0.4377609,-0.2335598,2.301662
57,35,180,ShoulderRight,-0.1877519,0.2884178,2.553526
57,35,180,ElbowRight,-0.1258879,0.04577898,2.599949
57,35,180,WristRight,-0.05446948,-0.1911512,2.579556
57,35,180,HandRight,-0.0300489,-0.2580077,2.568976
57,35,180,HipLeft,-0.2811807,-0.160635,2.41749
57,35,180,KneeLeft,-0.1507927,-0.4241123,2.307091
57,35,180,AnkleLeft,-0.2613452,-0.7679957,2.366772
57,35,180,FootLeft,-0.2273262,-0.87624,2.319251
57,35,180,HipRight,-0.1825484,-0.1576284,2.485425
57,35,180,KneeRight,-0.2742829,-0.4817101,2.509857
57,35,180,AnkleRight,-0.255902,-0.8538317,2.405578
57,35,180,FootRight,-0.1799299,-0.889231,2.309103
57,35,180,SpineShoulder,-0.2404178,0.3949967,2.486333
57,35,180,HandTipLeft,-0.4440001,-0.3006122,2.288351
57,35,180,ThumbLeft,-0.4041795,-0.2456378,2.291072
57,35,180,HandTipRight,-0.02323835,-0.3170436,2.560729
57,35,180,ThumbRight,-0.04644878,-0.2418553,2.524067
57,35,212,SpineBase,-0.205134,-0.1643771,2.463362
57,35,213,SpineMid,-0.206304,0.1571064,2.468881
57,35,213,Neck,-0.2045556,0.4690193,2.460803
57,35,213,Head,-0.1513791,0.5812132,2.482358
57,35,213,ShoulderLeft,-0.2996798,0.3402084,2.370751
57,35,213,ElbowLeft,-0.3931378,0.0996441,2.351975
57,35,213,WristLeft,-0.4008978,-0.153077,2.30197
57,35,213,HandLeft,-0.4066048,-0.2468186,2.285043
57,35,213,ShoulderRight,-0.1511859,0.2857369,2.532126
57,35,213,ElbowRight,-0.07672752,0.04788491,2.582807
57,35,213,WristRight,0.01148626,-0.1723247,2.552228
57,35,213,HandRight,0.03998017,-0.2445265,2.524909
57,35,213,HipLeft,-0.2475924,-0.1631347,2.391075
57,35,213,KneeLeft,-0.0914713,-0.4645447,2.282211
57,35,213,AnkleLeft,-0.122814,-0.8291631,2.31243
57,35,213,FootLeft,-0.05977451,-0.9165623,2.238614
57,35,213,HipRight,-0.1553418,-0.1609979,2.463603
57,35,213,KneeRight,-0.2448142,-0.4822957,2.50312
57,35,213,AnkleRight,-0.300744,-0.8705747,2.534559
57,35,213,FootRight,-0.2237571,-0.9065585,2.438881
57,35,213,SpineShoulder,-0.2052447,0.392327,2.465041
57,35,213,HandTipLeft,-0.4099789,-0.3109647,2.277261
57,35,213,ThumbLeft,-0.3719722,-0.2425679,2.270947
57,35,213,HandTipRight,0.05274083,-0.3046152,2.515731
57,35,213,ThumbRight,0.03506821,-0.306426,2.5025
57,35,245,SpineBase,-0.1761477,-0.1729825,2.435518
57,35,245,SpineMid,-0.1677019,0.148623,2.442125
57,35,245,Neck,-0.1592117,0.4611391,2.437414
57,35,245,Head,-0.1051634,0.5724546,2.456096
57,35,245,ShoulderLeft,-0.2530779,0.3267051,2.35008
57,35,245,ElbowLeft,-0.3565904,0.09033634,2.329048
57,35,245,WristLeft,-0.3702906,-0.1632717,2.28765
57,35,245,HandLeft,-0.370988,-0.2562943,2.273695
57,35,245,ShoulderRight,-0.1059421,0.2778175,2.508708
57,35,245,ElbowRight,-0.02866155,0.04346742,2.567309
57,35,245,WristRight,0.05632737,-0.1331654,2.530759
57,35,246,HandRight,0.09628303,-0.2100365,2.494035
57,35,246,HipLeft,-0.2255969,-0.1677122,2.371941
57,35,246,KneeLeft,-0.06623016,-0.4670268,2.261951
57,35,246,AnkleLeft,0.001577525,-0.8296242,2.246878
57,35,246,FootLeft,0.0816203,-0.9013691,2.171331
57,35,246,HipRight,-0.1219872,-0.1737078,2.427948
57,35,246,KneeRight,-0.2240082,-0.4864641,2.483644
57,35,246,AnkleRight,-0.3000961,-0.8686306,2.533281
57,35,246,FootRight,-0.2674303,-0.943944,2.506516
57,35,246,SpineShoulder,-0.1611171,0.3842346,2.440581
57,35,246,HandTipLeft,-0.3705209,-0.3210879,2.27108
57,35,246,ThumbLeft,-0.3373775,-0.2583863,2.259393
57,35,246,HandTipRight,0.1268636,-0.2663464,2.466517
57,35,246,ThumbRight,0.08205213,-0.2120221,2.477334
57,35,280,SpineBase,-0.1175611,-0.1892362,2.409772
57,35,280,SpineMid,-0.1192682,0.1332658,2.419264
57,35,280,Neck,-0.1233751,0.447426,2.417707
57,35,280,Head,-0.07137228,0.5595667,2.434776
57,35,280,ShoulderLeft,-0.2144673,0.3148893,2.327839
57,35,280,ElbowLeft,-0.3176154,0.07828327,2.305183
57,35,280,WristLeft,-0.3303293,-0.1755868,2.265624
57,35,280,HandLeft,-0.3317365,-0.2761629,2.25401
57,35,280,ShoulderRight,-0.07018556,0.2640874,2.488966
57,35,280,ElbowRight,0.02500556,0.03542563,2.544088
57,35,280,WristRight,0.1331849,-0.1673128,2.48579
57,35,280,HandRight,0.172338,-0.2295001,2.449286
57,35,280,HipLeft,-0.1644874,-0.1824162,2.342405
57,35,280,KneeLeft,-0.05651303,-0.4678515,2.253003
57,35,280,AnkleLeft,0.101045,-0.7971872,2.18429
57,35,280,FootLeft,0.1738398,-0.8320935,2.089757
57,35,280,HipRight,-0.06722478,-0.1904904,2.40628
57,35,281,KneeRight,-0.2150306,-0.4688636,2.449533
57,35,281,AnkleRight,-0.2880143,-0.8196148,2.520678
57,35,281,FootRight,-0.2099657,-0.8557391,2.425905
57,35,281,SpineShoulder,-0.1221111,0.3700169,2.42009
57,35,281,HandTipLeft,-0.3305726,-0.3368059,2.259099
57,35,281,ThumbLeft,-0.2987247,-0.2838852,2.243107
57,35,281,HandTipRight,0.1942283,-0.2830556,2.425948
57,35,281,ThumbRight,0.1664935,-0.2671872,2.4275
57,35,313,SpineBase,-0.07752661,-0.1978927,2.387975
57,35,314,SpineMid,-0.07914829,0.1227861,2.396038
57,35,314,Neck,-0.07939839,0.4336278,2.390704
57,35,314,Head,-0.02986028,0.5488952,2.412705
57,35,314,ShoulderLeft,-0.1714398,0.297179,2.299516
57,35,314,ElbowLeft,-0.2727751,0.05971785,2.275367
57,35,314,WristLeft,-0.2931588,-0.1945121,2.246161
57,35,314,HandLeft,-0.2934038,-0.2851419,2.238964
57,35,314,ShoulderRight,-0.02631008,0.2502575,2.461925
57,35,314,ElbowRight,0.0772791,0.02300138,2.509109
57,35,314,WristRight,0.1688505,-0.1389605,2.466833
57,35,314,HandRight,0.2192533,-0.208237,2.426179
57,35,314,HipLeft,-0.1241532,-0.1913112,2.317124
57,35,314,KneeLeft,-0.01356654,-0.4539932,2.233097
57,35,314,AnkleLeft,0.1734185,-0.7601997,2.132082
57,35,314,FootLeft,0.2447908,-0.7956525,2.037405
57,35,314,HipRight,-0.02853657,-0.1986348,2.387727
57,35,314,KneeRight,-0.1787913,-0.4722283,2.423902
57,35,314,AnkleRight,-0.2778648,-0.8113627,2.513478
57,35,314,FootRight,-0.2002125,-0.8478339,2.41855
57,35,314,SpineShoulder,-0.07901068,0.3571104,2.394045
57,35,314,HandTipLeft,-0.2942898,-0.3488277,2.246499
57,35,314,ThumbLeft,-0.2637949,-0.2687916,2.23879
57,35,314,HandTipRight,0.255878,-0.2696866,2.396156
57,35,314,ThumbRight,0.218694,-0.2331561,2.41
57,35,344,SpineBase,-0.0200919,-0.2132801,2.356915
57,35,344,SpineMid,-0.03048619,0.1096624,2.369539
57,35,344,Neck,-0.04436914,0.424054,2.371438
57,35,344,Head,0.008318521,0.5371941,2.390588
57,35,344,ShoulderLeft,-0.132088,0.2860879,2.270433
57,35,344,ElbowLeft,-0.2342654,0.04895442,2.243775
57,35,344,WristLeft,-0.2401915,-0.205784,2.210477
57,35,344,HandLeft,-0.2505433,-0.2949753,2.211344
57,35,344,ShoulderRight,0.008633802,0.2406609,2.442632
57,35,344,ElbowRight,0.1215971,0.01598032,2.482224
57,35,344,WristRight,0.2210343,-0.1402595,2.435897
57,35,344,HandRight,0.2822679,-0.2156208,2.390685
57,35,344,HipLeft,-0.06677345,-0.2038196,2.286423
57,35,344,KneeLeft,-0.0127244,-0.4781197,2.244101
57,35,344,AnkleLeft,0.2072745,-0.7508145,2.114142
57,35,344,FootLeft,0.3000382,-0.7849694,2.018515
57,35,344,HipRight,0.02713937,-0.2163246,2.356543
57,35,344,KneeRight,-0.1322682,-0.4587218,2.412662
57,35,344,AnkleRight,-0.2600661,-0.7882931,2.502263
57,35,344,FootRight,-0.1792365,-0.8241419,2.410835
57,35,344,SpineShoulder,-0.0404293,0.3466169,2.372911
57,35,344,HandTipLeft,-0.2520584,-0.3571671,2.219014
57,35,344,ThumbLeft,-0.2244101,-0.3141025,2.199764
57,35,344,HandTipRight,0.3259178,-0.2659261,2.358346
57,35,344,ThumbRight,0.2951944,-0.2593209,2.37125
57,35,380,SpineBase,0.02129968,-0.2152328,2.315259
57,35,380,SpineMid,0.009714927,0.1035225,2.335069
57,35,380,Neck,-0.001589219,0.4125949,2.341958
57,35,380,Head,0.04821745,0.5289855,2.366191
57,35,380,ShoulderLeft,-0.08921265,0.2758845,2.241062
57,35,380,ElbowLeft,-0.1867582,0.04238022,2.210344
57,35,380,WristLeft,-0.18554,-0.2089792,2.173187
57,35,380,HandLeft,-0.1995908,-0.3008543,2.176839
57,35,380,ShoulderRight,0.0513084,0.2291618,2.413122
57,35,380,ElbowRight,0.1650753,0.003942243,2.448197
57,35,380,WristRight,0.2714009,-0.1486874,2.407544
57,35,380,HandRight,0.3337699,-0.2193449,2.364683
57,35,380,HipLeft,-0.02564845,-0.2069202,2.241437
57,35,380,KneeLeft,0.02871528,-0.496828,2.211115
57,35,380,AnkleLeft,0.2377838,-0.7829502,2.094494
57,35,380,FootLeft,0.3117974,-0.8168705,2.00387
57,35,380,HipRight,0.06753451,-0.2169574,2.318236
57,35,380,KneeRight,-0.0528866,-0.5121912,2.373302
57,35,380,AnkleRight,-0.24029,-0.800224,2.492012
57,35,380,FootRight,-0.1594362,-0.8356612,2.400808
57,35,380,SpineShoulder,0.001201829,0.336635,2.342487
57,35,380,HandTipLeft,-0.2096184,-0.3589008,2.186085
57,35,380,ThumbLeft,-0.1836443,-0.2734334,2.1975
57,35,380,HandTipRight,0.3773287,-0.2739261,2.332891
57,35,380,ThumbRight,0.3199063,-0.2297648,2.339222
57,35,412,SpineBase,0.07539967,-0.2126925,2.280109
57,35,413,SpineMid,0.05471618,0.1033892,2.306756
57,35,413,Neck,0.02803884,0.410196,2.324238
57,35,413,Head,0.0905899,0.5190452,2.34018
57,35,413,ShoulderLeft,-0.04124559,0.2674714,2.213763
57,35,413,ElbowLeft,-0.1330981,0.02936718,2.177203
57,35,413,WristLeft,-0.1299302,-0.207913,2.134162
57,35,413,HandLeft,-0.1436839,-0.2988815,2.13594
57,35,413,ShoulderRight,0.08085933,0.2267287,2.395393
57,35,413,ElbowRight,0.2078061,0.005268929,2.413054
57,35,413,WristRight,0.3394302,-0.1825331,2.370342
57,35,413,HandRight,0.3943464,-0.2475348,2.333094
57,35,413,HipLeft,0.03171533,-0.2037641,2.205172
57,35,413,KneeLeft,0.05164211,-0.5238129,2.285165
57,35,413,AnkleLeft,0.2604892,-0.8097225,2.168579
57,35,413,FootLeft,0.329349,-0.858055,2.056673
57,35,413,HipRight,0.1166832,-0.2150137,2.284245
57,35,413,KneeRight,0.1738682,-0.4747075,2.111363
57,35,413,AnkleRight,-0.05026347,-0.6718119,2.315754
57,35,413,FootRight,0.03377602,-0.7073947,2.231829
57,35,413,SpineShoulder,0.0346636,0.3346991,2.322171
57,35,413,HandTipLeft,-0.1538477,-0.3575528,2.139764
57,35,413,ThumbLeft,-0.1246969,-0.2744844,2.154111
57,35,413,HandTipRight,0.4264603,-0.30355,2.316151
57,35,413,ThumbRight,0.3913749,-0.2735931,2.340084
57,35,445,SpineBase,0.1158772,-0.2118944,2.22294
57,35,445,SpineMid,0.09628979,0.1026109,2.262545
57,35,445,Neck,0.07679406,0.4070648,2.289176
57,35,445,Head,0.1132758,0.5305548,2.318625
57,35,445,ShoulderLeft,-0.0008063826,0.2610746,2.178622
57,35,445,ElbowLeft,-0.07755123,0.03613887,2.13818
57,35,445,WristLeft,-0.06806615,-0.1977189,2.091229
57,35,445,HandLeft,-0.08025638,-0.2846925,2.083851
57,35,445,ShoulderRight,0.1294858,0.2235268,2.360324
57,35,445,ElbowRight,0.2537698,0.0001222219,2.374234
57,35,445,WristRight,0.3933357,-0.2074535,2.331171
57,35,445,HandRight,0.440724,-0.27039,2.302798
57,35,445,HipLeft,0.07142012,-0.2025605,2.152495
57,35,445,KneeLeft,0.1073365,-0.5158443,2.245266
57,35,445,AnkleLeft,0.2920468,-0.7893555,2.068179
57,35,445,FootLeft,0.3692693,-0.8222118,1.982824
57,35,445,HipRight,0.1565906,-0.2144826,2.222656
57,35,445,KneeRight,0.2258425,-0.4689038,2.068268
57,35,445,AnkleRight,0.1528474,-0.830231,2.075173
57,35,445,FootRight,0.2322404,-0.862495,1.989816
57,35,445,SpineShoulder,0.0816801,0.3322822,2.284767
57,35,445,HandTipLeft,-0.08989652,-0.3420246,2.077751
57,35,445,ThumbLeft,-0.06526288,-0.2822335,2.102334
57,35,445,HandTipRight,0.4639539,-0.3259198,2.289746
57,35,445,ThumbRight,0.4309125,-0.2894205,2.321857
57,35,479,SpineBase,0.1710433,-0.204967,2.185144
57,35,479,SpineMid,0.1437297,0.108226,2.228966
57,35,479,Neck,0.1154695,0.411083,2.260566
57,35,479,Head,0.1631899,0.5292014,2.281532
57,35,479,ShoulderLeft,0.04499448,0.2706547,2.15123
57,35,479,ElbowLeft,-0.02488586,0.04887187,2.101087
57,35,480,WristLeft,-0.007535624,-0.201798,2.040747
57,35,480,HandLeft,-0.01478108,-0.2924139,2.038113
57,35,480,ShoulderRight,0.1680557,0.2274718,2.331723
57,35,480,ElbowRight,0.2940252,0.005333852,2.347132
57,35,480,WristRight,0.4278122,-0.2094531,2.307127
57,35,480,HandRight,0.475462,-0.2871706,2.279357
57,35,480,HipLeft,0.1269436,-0.1981778,2.118587
57,35,480,KneeLeft,0.1446266,-0.4931439,2.250093
57,35,480,AnkleLeft,0.30638,-0.7476232,2.025822
57,35,480,FootLeft,0.3614969,-0.8423218,1.975751
57,35,480,HipRight,0.2095641,-0.2051316,2.181083
57,35,480,KneeRight,0.2766193,-0.460616,2.022217
57,35,480,AnkleRight,0.177559,-0.8133851,2.056037
57,35,480,FootRight,0.2583985,-0.8454977,1.97337
57,35,480,SpineShoulder,0.1233383,0.3367988,2.254335
57,35,480,HandTipLeft,-0.02141169,-0.3509217,2.030967
57,35,480,ThumbLeft,-0.01048475,-0.2861529,2.055
57,35,480,HandTipRight,0.4905822,-0.3380153,2.262206
57,35,480,ThumbRight,0.4697146,-0.3421739,2.271667
57,35,513,SpineBase,0.2148774,-0.202795,2.136689
57,35,513,SpineMid,0.1858519,0.1168898,2.192979
57,35,513,Neck,0.1560436,0.4255343,2.236655
57,35,513,Head,0.2015694,0.5449047,2.255878
57,35,513,ShoulderLeft,0.08620059,0.280496,2.121861
57,35,513,ElbowLeft,0.03047831,0.06666742,2.07178
57,35,513,WristLeft,0.0509348,-0.1387896,2.010226
57,35,513,HandLeft,0.05999428,-0.2162355,2.007584
57,35,513,ShoulderRight,0.2085151,0.2418366,2.307847
57,35,513,ElbowRight,0.3294364,0.01555507,2.312922
57,35,513,WristRight,0.4474669,-0.2099497,2.29237
57,35,513,HandRight,0.4995302,-0.2963411,2.263007
57,35,513,HipLeft,0.1742162,-0.1957375,2.071281
57,35,513,KneeLeft,0.2068487,-0.5110471,2.160167
57,35,513,AnkleLeft,0.3362884,-0.8332951,2.02379
57,35,513,FootLeft,0.4154449,-0.8649496,1.942799
57,35,513,HipRight,0.2484062,-0.2031634,2.13163
57,35,513,KneeRight,0.2951429,-0.4658543,2.007245
57,35,513,AnkleRight,0.1840171,-0.8139443,2.048947
57,35,513,FootRight,0.2655568,-0.8458908,1.967534
57,35,513,SpineShoulder,0.1634865,0.3497749,2.228051
57,35,513,HandTipLeft,0.0566845,-0.2883473,1.979317
57,35,513,ThumbLeft,0.08450144,-0.226881,2.015111
57,35,514,HandTipRight,0.5148461,-0.3503108,2.2481
57,35,514,ThumbRight,0.477327,-0.2965328,2.287
57,35,545,SpineBase,0.2773364,-0.1804504,2.117157
57,35,545,SpineMid,0.2369755,0.1361604,2.169423
57,35,545,Neck,0.1966671,0.4419374,2.208685
57,35,545,Head,0.2490369,0.5581714,2.223847
57,35,545,ShoulderLeft,0.122171,0.2922159,2.095802
57,35,545,ElbowLeft,0.07382298,0.07897631,2.042457
57,35,546,WristLeft,0.1107258,-0.1627848,1.963299
57,35,546,HandLeft,0.1336407,-0.2398275,1.957617
57,35,546,ShoulderRight,0.2490231,0.2581397,2.279922
57,35,546,ElbowRight,0.3673505,0.03072315,2.287548
57,35,546,WristRight,0.4750692,-0.1996002,2.260012
57,35,546,HandRight,0.5126516,-0.2837233,2.23988
57,35,546,HipLeft,0.2324023,-0.1758099,2.04807
57,35,546,KneeLeft,0.2589931,-0.4931392,2.134541
57,35,546,AnkleLeft,0.3412437,-0.8432716,2.04079
57,35,546,FootLeft,0.4192899,-0.8748599,1.957951
57,35,546,HipRight,0.3130074,-0.1791023,2.11596
57,35,546,KneeRight,0.300315,-0.4695183,1.997459
57,35,546,AnkleRight,0.2172572,-0.8252779,2.037908
57,35,546,FootRight,0.2971905,-0.8570008,1.954756
57,35,546,SpineShoulder,0.2067995,0.366913,2.201098
57,35,546,HandTipLeft,0.1312392,-0.3064372,1.921929
57,35,546,ThumbLeft,0.1546751,-0.2555638,1.9656
57,35,546,HandTipRight,0.5249491,-0.340636,2.220977
57,35,546,ThumbRight,0.4962038,-0.3201034,2.246308
57,35,581,SpineBase,0.2921398,-0.1803919,2.1065
57,35,582,SpineMid,0.2615152,0.1423742,2.151843
57,35,582,Neck,0.2336717,0.4571137,2.181954
57,35,582,Head,0.2876928,0.5742438,2.199206
57,35,582,ShoulderLeft,0.1627271,0.3101828,2.068887
57,35,582,ElbowLeft,0.1176176,0.1016579,2.017012
57,35,582,WristLeft,0.1687363,-0.1298257,1.938862
57,35,582,HandLeft,0.2007632,-0.2047451,1.924701
57,35,582,ShoulderRight,0.2859209,0.2732222,2.253238
57,35,582,ElbowRight,0.4039598,0.0456402,2.260909
57,35,582,WristRight,0.4988159,-0.1906084,2.237011
57,35,582,HandRight,0.5283128,-0.2782639,2.207593
57,35,582,HipLeft,0.2478808,-0.1727259,2.039845
57,35,582,KneeLeft,0.2901987,-0.490536,2.120419
57,35,582,AnkleLeft,0.3459609,-0.8477329,2.035197
57,35,582,FootLeft,0.4242676,-0.8794813,1.953153
57,35,582,HipRight,0.3272295,-0.182231,2.102298
57,35,582,KneeRight,0.343572,-0.5104135,1.960246
57,35,582,AnkleRight,0.213036,-0.8421335,2.043603
57,35,582,FootRight,0.2933925,-0.8739033,1.96127
57,35,582,SpineShoulder,0.2404678,0.3796007,2.17685
57,35,582,HandTipLeft,0.2136074,-0.2740645,1.880238
57,35,582,ThumbLeft,0.2355055,-0.1926645,1.918769
57,35,582,HandTipRight,0.5324789,-0.3373794,2.195338
57,35,582,ThumbRight,0.504949,-0.3334523,2.208333
57,35,613,SpineBase,0.3401703,-0.1838887,2.108935
57,35,613,SpineMid,0.3040349,0.1503565,2.141644
57,35,613,Neck,0.2697363,0.4735754,2.160857
57,35,613,Head,0.3256226,0.5895692,2.17441
57,35,613,ShoulderLeft,0.1887634,0.3285395,2.045545
57,35,613,ElbowLeft,0.171709,0.08889854,1.97105
57,35,613,WristLeft,0.2582765,-0.1441787,1.898736
57,35,613,HandLeft,0.2904949,-0.2333528,1.873309
57,35,613,ShoulderRight,0.3218796,0.289602,2.232191
57,35,613,ElbowRight,0.4396289,0.0618679,2.239915
57,35,613,WristRight,0.5167615,-0.1779245,2.188325
57,35,613,HandRight,0.5357497,-0.2418399,2.176577
57,35,613,HipLeft,0.2984257,-0.177658,2.04534
57,35,613,KneeLeft,0.3169246,-0.5077921,2.097138
57,35,613,AnkleLeft,0.3527252,-0.8870776,2.035387
57,35,613,FootLeft,0.4099643,-0.939702,1.969156
57,35,613,HipRight,0.3703598,-0.1841138,2.102713
57,35,613,KneeRight,0.3285185,-0.5097699,1.956652
57,35,613,AnkleRight,0.2135063,-0.8464193,2.041781
57,35,613,FootRight,0.2442404,-0.8720067,2.122239
57,35,613,SpineShoulder,0.2783969,0.3942234,2.158344
57,35,613,HandTipLeft,0.3140795,-0.2944624,1.864462
57,35,613,ThumbLeft,0.3203943,-0.2136091,1.878
57,35,613,HandTipRight,0.5502518,-0.3027089,2.164313
57,35,614,ThumbRight,0.5174252,-0.2374337,2.136786
57,35,647,SpineBase,0.4112961,-0.1783939,2.118876
57,35,647,SpineMid,0.3587009,0.1609195,2.132927
57,35,647,Neck,0.3029851,0.487725,2.135765
57,35,647,Head,0.3643,0.6027564,2.151646
57,35,647,ShoulderLeft,0.2234751,0.3378753,2.020798
57,35,648,ElbowLeft,0.203931,0.1174996,1.943621
57,35,648,WristLeft,0.2975563,-0.08673063,1.868377
57,35,648,HandLeft,0.3266615,-0.1678916,1.872931
57,35,648,ShoulderRight,0.3550307,0.3036654,2.207149
57,35,648,ElbowRight,0.4725123,0.07577492,2.214929
57,35,648,WristRight,0.546111,-0.165565,2.165647
57,35,648,HandRight,0.5455886,-0.213857,2.134546
57,35,648,HipLeft,0.3692372,-0.1781693,2.055237
57,35,648,KneeLeft,0.3281365,-0.5112879,2.093466
57,35,648,AnkleLeft,0.3530941,-0.8863205,2.0363
57,35,648,FootLeft,0.4069386,-0.9397662,1.967214
57,35,648,HipRight,0.4398065,-0.1727667,2.112926
57,35,648,KneeRight,0.3316385,-0.4827484,1.961382
57,35,648,AnkleRight,0.2223395,-0.8209363,2.048222
57,35,648,FootRight,0.3029737,-0.8686628,2.08365
57,35,648,SpineShoulder,0.3167046,0.4076053,2.137077
57,35,648,HandTipLeft,0.3782487,-0.2235246,1.808946
57,35,648,ThumbLeft,0.2852105,-0.2026346,1.891333
57,35,648,HandTipRight,0.5587379,-0.2727351,2.11406
57,35,648,ThumbRight,0.5024223,-0.1995589,2.086
57,35,680,SpineBase,0.4412358,-0.1741513,2.104491
57,35,680,SpineMid,0.3879637,0.1645197,2.116982
57,35,680,Neck,0.336036,0.4918433,2.115075
57,35,680,Head,0.3994536,0.6046264,2.125807
57,35,680,ShoulderLeft,0.2544001,0.3438837,1.993142
57,35,680,ElbowLeft,0.2362306,0.1269897,1.911751
57,35,680,WristLeft,0.3403692,-0.05466964,1.836066
57,35,680,HandLeft,0.3835813,-0.1320968,1.836782
57,35,680,ShoulderRight,0.3879794,0.3077319,2.186483
57,35,680,ElbowRight,0.5051889,0.07977077,2.194297
57,35,680,WristRight,0.5098117,-0.1577208,2.088605
57,35,680,HandRight,0.537654,-0.2739672,2.021687
57,35,680,HipLeft,0.3987627,-0.1757709,2.039459
57,35,680,KneeLeft,0.3848273,-0.5198027,2.014337
57,35,680,AnkleLeft,0.3985663,-0.7864807,2.049939
57,35,681,FootLeft,0.4019264,-0.8920681,1.981687
57,35,681,HipRight,0.4692574,-0.1668045,2.100049
57,35,681,KneeRight,0.5494086,-0.4665731,2.025975
57,35,681,AnkleRight,0.3864205,-0.7886786,2.097073
57,35,681,FootRight,0.4543124,-0.872053,2.037729
57,35,681,SpineShoulder,0.3492524,0.4115951,2.117708
57,35,681,HandTipLeft,0.4382176,-0.1874188,1.768133
57,35,681,ThumbLeft,0.3799549,-0.1347833,1.882733
57,35,681,HandTipRight,0.5282403,-0.2955231,2.000452
57,35,681,ThumbRight,0.500551,-0.2812632,1.992889
57,35,711,SpineBase,0.4424848,-0.1747755,2.05345
57,35,711,SpineMid,0.407525,0.1658085,2.080474
57,35,711,Neck,0.3735935,0.494661,2.087857
57,35,711,Head,0.4348507,0.6112918,2.104047
57,35,711,ShoulderLeft,0.2896282,0.3426956,1.971086
57,35,711,ElbowLeft,0.2585887,0.1434096,1.890159
57,35,711,WristLeft,0.3685983,-0.0206734,1.810606
57,35,711,HandLeft,0.4264795,-0.08834938,1.791508
57,35,711,ShoulderRight,0.4254183,0.3104862,2.159294
57,35,711,ElbowRight,0.5423107,0.08244996,2.16715
57,35,711,WristRight,0.5767736,-0.1511819,2.058835
57,35,711,HandRight,0.6248359,-0.2541047,2.032686
57,35,711,HipLeft,0.4016484,-0.1647317,1.984929
57,35,711,KneeLeft,0.3663055,-0.5084517,1.936661
57,35,711,AnkleLeft,0.3701715,-0.8591352,2.034566
57,35,711,FootLeft,0.4067905,-0.9375294,1.967868
57,35,711,HipRight,0.4683716,-0.1785808,2.053988
57,35,711,KneeRight,0.5835057,-0.4479866,1.991606
57,35,711,AnkleRight,0.5585268,-0.8145064,2.014984
57,35,711,FootRight,0.5927734,-0.9106445,1.967773
57,35,711,SpineShoulder,0.3814868,0.4139814,2.088701
57,35,711,HandTipLeft,0.475359,-0.1448166,1.735896
57,35,712,ThumbLeft,0.4231836,-0.1007539,1.8558
57,35,712,HandTipRight,0.6157319,-0.2739561,2.003331
57,35,712,ThumbRight,0.5962911,-0.2529462,1.980667
57,35,746,SpineBase,0.4782806,-0.1714071,2.034487
57,35,746,SpineMid,0.4422077,0.1673574,2.05758
57,35,746,Neck,0.4012331,0.4942405,2.069297
57,35,747,Head,0.4731587,0.6014646,2.07538
57,35,747,ShoulderLeft,0.3127835,0.3428465,1.952832
57,35,747,ElbowLeft,0.2862038,0.1582386,1.868553
57,35,747,WristLeft,0.3825735,0.01000042,1.790505
57,35,747,HandLeft,0.4438057,-0.04411918,1.763434
57,35,747,ShoulderRight,0.4529679,0.3100293,2.140751
57,35,747,ElbowRight,0.5696228,0.08196115,2.148635
57,35,747,WristRight,0.6026752,-0.1521937,2.041095
57,35,747,HandRight,0.6354529,-0.2341677,2.004134
57,35,747,HipLeft,0.4343817,-0.1623729,1.965449
57,35,747,KneeLeft,0.3739405,-0.5034026,1.931417
57,35,747,AnkleLeft,0.3695284,-0.853488,2.031499
57,35,747,FootLeft,0.4047253,-0.9371986,1.969144
57,35,747,HipRight,0.5065221,-0.1744884,2.034433
57,35,747,KneeRight,0.62403,-0.4572892,1.96195
57,35,747,AnkleRight,0.65729,-0.8243465,1.949461
57,35,747,FootRight,0.7026367,-0.894043,1.878906
57,35,747,SpineShoulder,0.4122434,0.4140761,2.068215
57,35,747,HandTipLeft,0.4965734,-0.1068975,1.718245
57,35,747,ThumbLeft,0.4402505,-0.05554174,1.83975
57,35,747,HandTipRight,0.6582205,-0.2742873,1.999345
57,35,747,ThumbRight,0.621927,-0.2490331,1.9613
57,35,777,SpineBase,0.5130259,-0.1745069,2.015019
57,35,777,SpineMid,0.4774776,0.163214,2.037265
57,35,777,Neck,0.4430358,0.4885941,2.04474
57,35,777,Head,0.5045748,0.6031459,2.052381
57,35,777,ShoulderLeft,0.3426839,0.338605,1.929081
57,35,777,ElbowLeft,0.3123536,0.1576029,1.84846
57,35,777,WristLeft,0.4389122,-0.0002069475,1.759605
57,35,777,HandLeft,0.5019487,-0.05190688,1.718846
57,35,777,ShoulderRight,0.4946299,0.3043503,2.116204
57,35,777,ElbowRight,0.6109206,0.07628348,2.124122
57,35,777,WristRight,0.6446514,-0.157538,2.016185
57,35,777,HandRight,0.6677464,-0.2151997,1.995846
57,35,777,HipLeft,0.4662119,-0.1663568,1.944991
57,35,777,KneeLeft,0.3904077,-0.5047379,1.914652
57,35,777,AnkleLeft,0.3708581,-0.8502758,2.026667
57,35,777,FootLeft,0.4042452,-0.9370828,1.969105
57,35,777,HipRight,0.5421191,-0.1766388,2.016557
57,35,777,KneeRight,0.6574126,-0.4947556,1.934534
57,35,777,AnkleRight,0.7452096,-0.811693,1.891304
57,35,777,FootRight,0.7915039,-0.8774414,1.813477
57,35,777,SpineShoulder,0.4514732,0.408933,2.045352
57,35,777,HandTipLeft,0.5476611,-0.1041702,1.675883
57,35,777,ThumbLeft,0.5494469,-0.0648755,1.699429
57,35,777,HandTipRight,0.6872386,-0.2740444,1.977785
57,35,777,ThumbRight,0.6213744,-0.2004752,1.948923
57,35,813,SpineBase,0.537896,-0.1848799,1.989339
57,35,813,SpineMid,0.5061951,0.1528265,2.013322
57,35,813,Neck,0.4710653,0.4791874,2.025437
57,35,813,Head,0.5483861,0.5815319,2.026424
57,35,813,ShoulderLeft,0.371814,0.3305463,1.909546
57,35,813,ElbowLeft,0.3465573,0.1413682,1.824595
57,35,813,WristLeft,0.4625723,0.0001373933,1.73964
57,35,813,HandLeft,0.5179572,-0.03745009,1.699458
57,35,813,ShoulderRight,0.5225592,0.2949283,2.096897
57,35,813,ElbowRight,0.6385956,0.06690003,2.10483
57,35,813,WristRight,0.639366,-0.164989,1.986313
57,35,813,HandRight,0.675664,-0.2110622,1.958763
57,35,813,HipLeft,0.4885215,-0.1751853,1.92102
57,35,813,KneeLeft,0.4096672,-0.5119023,1.895067
57,35,813,AnkleLeft,0.3739752,-0.8502929,2.022238
57,35,813,FootLeft,0.4041387,-0.9369695,1.969085
57,35,813,HipRight,0.5689621,-0.1883569,1.989079
57,35,814,KneeRight,0.6928301,-0.5023408,1.906032
57,35,814,AnkleRight,0.808369,-0.8093615,1.837067
57,35,814,FootRight,0.8735693,-0.8418121,1.749392
57,35,814,SpineShoulder,0.4805243,0.3990949,2.024391
57,35,814,HandTipLeft,0.5663314,-0.0887749,1.653818
57,35,814,ThumbLeft,0.5650062,-0.04511495,1.6892
57,35,814,HandTipRight,0.6864404,-0.278512,1.926143
57,35,814,ThumbRight,0.6293452,-0.2014686,1.909095
57,35,848,SpineBase,0.5703993,-0.1974752,1.965262
57,35,849,SpineMid,0.5402572,0.1395331,1.98995
57,35,849,Neck,0.5092306,0.4640702,2.000663
57,35,849,Head,0.5745265,0.5775067,2.00845
57,35,849,ShoulderLeft,0.3952092,0.3198927,1.892967
57,35,849,ElbowLeft,0.3924083,0.1060647,1.794578
57,35,849,WristLeft,0.5049059,-0.02434989,1.707482
57,35,849,HandLeft,0.555355,-0.04981031,1.675084
57,35,849,ShoulderRight,0.5605839,0.2798022,2.072114
57,35,849,ElbowRight,0.6762683,0.05185203,2.080066
57,35,849,WristRight,0.6978065,-0.1764043,1.956865
57,35,849,HandRight,0.7253422,-0.2310775,1.936306
57,35,849,HipLeft,0.5227518,-0.189024,1.898728
57,35,849,KneeLeft,0.4402515,-0.5242256,1.868203
57,35,849,AnkleLeft,0.3785938,-0.84892,2.017434
57,35,849,FootLeft,0.4044707,-0.9366313,1.968212
57,35,849,HipRight,0.5982773,-0.1991227,1.963907
57,35,849,KneeRight,0.7238861,-0.5026158,1.880799
57,35,849,AnkleRight,0.8330142,-0.7449431,1.819126
57,35,850,FootRight,0.8935769,-0.7783694,1.726331
57,35,850,SpineShoulder,0.5171255,0.3846563,2.00034
57,35,850,HandTipLeft,0.5973523,-0.09625996,1.628827
57,35,850,ThumbLeft,0.5909635,-0.05017541,1.690857
57,35,850,HandTipRight,0.745928,-0.2962791,1.912204
57,35,850,ThumbRight,0.6762986,-0.2170041,1.888435
57,35,879,SpineBase,0.606628,-0.2056143,1.938616
57,35,879,SpineMid,0.5750189,0.1296234,1.966805
57,35,879,Neck,0.5399795,0.4534211,1.982258
57,35,880,Head,0.6122866,0.5582613,1.979384
57,35,880,ShoulderLeft,0.4239341,0.3094061,1.874989
57,35,880,ElbowLeft,0.4040173,0.09681571,1.788505
57,35,880,WristLeft,0.5593885,-0.04330028,1.678537
57,35,880,HandLeft,0.6268684,-0.09163861,1.620683
57,35,880,ShoulderRight,0.5912178,0.2691489,2.053705
57,35,880,ElbowRight,0.7066174,0.04125692,2.061682
57,35,880,WristRight,0.7285044,-0.183002,1.931025
57,35,880,HandRight,0.7255095,-0.2570177,1.878475
57,35,880,HipLeft,0.5565603,-0.1976706,1.872346
57,35,880,KneeLeft,0.4807454,-0.5329949,1.837983
57,35,880,AnkleLeft,0.3893863,-0.8405777,2.006345
57,35,880,FootLeft,0.4048334,-0.9342989,1.966724
57,35,880,HipRight,0.6356117,-0.2063872,1.937324
57,35,880,KneeRight,0.7617549,-0.5002607,1.843197
57,35,880,AnkleRight,0.8591865,-0.7693467,1.794811
57,35,880,FootRight,0.9190813,-0.8021701,1.701977
57,35,880,SpineShoulder,0.5493901,0.3739839,1.980482
57,35,880,HandTipLeft,0.6663656,-0.1426176,1.58499
57,35,880,ThumbLeft,0.5957482,-0.09472412,1.664091
57,35,880,HandTipRight,0.7082852,-0.3193613,1.841061
57,35,880,ThumbRight,0.6827627,-0.221255,1.851111
57,35,915,SpineBase,0.6485105,-0.2257264,1.910823
57,35,915,SpineMid,0.6143303,0.1126033,1.941903
57,35,915,Neck,0.57744,0.4389124,1.959605
57,35,915,Head,0.6492633,0.5487576,1.957332
57,35,915,ShoulderLeft,0.4529013,0.3002757,1.858208
57,35,915,ElbowLeft,0.4304161,0.07615831,1.774519
57,35,915,WristLeft,0.56839,-0.05135202,1.666588
57,35,915,HandLeft,0.6751398,-0.1264995,1.584836
57,35,915,ShoulderRight,0.6285341,0.254641,2.031047
57,35,915,ElbowRight,0.7435805,0.02683527,2.039058
57,35,915,WristRight,0.748717,-0.1908727,1.895129
57,35,915,HandRight,0.7416494,-0.2672263,1.842832
57,35,915,HipLeft,0.5996356,-0.2194148,1.851535
57,35,915,KneeLeft,0.5161576,-0.5336629,1.80055
57,35,915,AnkleLeft,0.4149213,-0.8279546,1.985466
57,35,915,FootLeft,0.4078512,-0.92617,1.96198
57,35,915,HipRight,0.6746228,-0.2241326,1.903181
57,35,915,KneeRight,0.7858511,-0.4936248,1.823721
57,35,915,AnkleRight,0.8736387,-0.7690675,1.776869
57,35,915,FootRight,0.9309185,-0.801747,1.681542
57,35,915,SpineShoulder,0.5869907,0.3590115,1.957476
57,35,915,HandTipLeft,0.7259287,-0.1611048,1.578531
57,35,915,ThumbLeft,0.7059838,-0.1810432,1.587667
57,35,915,HandTipRight,0.724602,-0.3274544,1.82101
57,35,915,ThumbRight,0.7030553,-0.2359924,1.81675
57,35,944,SpineBase,0.671347,-0.2331143,1.881698
57,35,944,SpineMid,0.6408719,0.1039432,1.916113
57,35,944,Neck,0.6079509,0.4288399,1.936889
57,35,944,Head,0.6869913,0.5368652,1.931144
57,35,944,ShoulderLeft,0.4894555,0.2833654,1.840199
57,35,944,ElbowLeft,0.4592442,0.06314305,1.758383
57,35,944,WristLeft,0.5743517,-0.06057518,1.65853
57,35,944,HandLeft,0.6318128,-0.1175188,1.599318
57,35,944,ShoulderRight,0.6589243,0.2445555,2.008338
57,35,945,ElbowRight,0.7736733,0.01679812,2.01639
57,35,945,WristRight,0.7896609,-0.2017806,1.875116
57,35,945,HandRight,0.7779737,-0.2876886,1.889207
57,35,945,HipLeft,0.6209352,-0.2267153,1.822832
57,35,945,KneeLeft,0.5547835,-0.5477799,1.766903
57,35,945,AnkleLeft,0.4361894,-0.8215413,1.971414
57,35,945,FootLeft,0.4296988,-0.9098299,1.948183
57,35,945,HipRight,0.6979972,-0.2312723,1.87402
57,35,945,KneeRight,0.8245295,-0.4762283,1.781983
57,35,945,AnkleRight,0.9182786,-0.8170198,1.739269
57,35,945,FootRight,0.8686689,-0.8881239,1.716449
57,35,945,SpineShoulder,0.6167759,0.3492012,1.933801
57,35,945,HandTipLeft,0.6685725,-0.1662976,1.542263
57,35,945,ThumbLeft,0.6597307,-0.1060848,1.6094
57,35,945,HandTipRight,0.7608576,-0.3478439,1.867422
57,35,945,ThumbRight,0.7392176,-0.2563143,1.863212
57,35,981,SpineBase,0.6860386,-0.2220516,1.844413
57,35,981,SpineMid,0.6631963,0.1088853,1.886289
57,35,981,Neck,0.6386223,0.4283275,1.912432
57,35,981,Head,0.7162626,0.5356359,1.905294
57,35,981,ShoulderLeft,0.518328,0.2895634,1.825523
57,35,981,ElbowLeft,0.4817601,0.04962203,1.753157
57,35,981,WristLeft,0.5834997,-0.0767987,1.647662
57,35,981,HandLeft,0.6347563,-0.141655,1.591566
57,35,981,ShoulderRight,0.6894795,0.2440027,1.983918
57,35,981,ElbowRight,0.8039304,0.01621315,1.992042
57,35,981,WristRight,0.8224225,-0.2146726,1.874212
57,35,982,HandRight,0.8286551,-0.2978582,1.846605
57,35,982,HipLeft,0.6378308,-0.2059559,1.775041
57,35,982,KneeLeft,0.6005794,-0.5494376,1.731318
57,35,982,AnkleLeft,0.4807688,-0.8127795,1.948134
57,35,982,FootLeft,0.4868716,-0.920691,1.895001
57,35,982,HipRight,0.7089441,-0.2286347,1.848208
57,35,982,KneeRight,0.83877,-0.5365777,1.758253
57,35,982,AnkleRight,0.8995408,-0.7999457,1.743926
57,35,982,FootRight,0.9543665,-0.8321313,1.646977
57,35,982,SpineShoulder,0.6450362,0.3500775,1.908281
57,35,982,HandTipLeft,0.668896,-0.1882179,1.529273
57,35,982,ThumbLeft,0.6650081,-0.1413191,1.5999
57,35,982,HandTipRight,0.8112601,-0.3579555,1.824947
57,35,982,ThumbRight,0.7892557,-0.2663423,1.820909
57,36,014,SpineBase,0.7037678,-0.215484,1.827703
57,36,014,SpineMid,0.6861782,0.1145604,1.867071
57,36,014,Neck,0.6642631,0.4320637,1.894049
57,36,014,Head,0.738596,0.5385474,1.880311
57,36,014,ShoulderLeft,0.5300549,0.2890518,1.815378
57,36,014,ElbowLeft,0.5323174,0.03750401,1.734574
57,36,014,WristLeft,0.6031938,-0.1205522,1.625011
57,36,014,HandLeft,0.6476018,-0.1927748,1.578327
57,36,014,ShoulderRight,0.7150269,0.2477015,1.965578
57,36,015,ElbowRight,0.8384933,0.02458133,1.926973
57,36,015,WristRight,0.8453584,-0.2037508,1.802128
57,36,015,HandRight,0.8614284,-0.2798781,1.762369
57,36,015,HipLeft,0.6508503,-0.1985528,1.760947
57,36,015,KneeLeft,0.6543301,-0.5246657,1.675125
57,36,015,AnkleLeft,0.5430579,-0.7887977,1.895759
57,36,015,FootLeft,0.5336914,-0.8979492,1.869141
57,36,015,HipRight,0.732246,-0.2244259,1.827915
57,36,015,KneeRight,0.8491923,-0.539452,1.749518
57,36,015,AnkleRight,0.9085266,-0.8031133,1.732839
57,36,015,FootRight,0.9582756,-0.8352967,1.631388
57,36,015,SpineShoulder,0.6705155,0.3543393,1.889321
57,36,015,HandTipLeft,0.6793943,-0.2429431,1.532879
57,36,015,ThumbLeft,0.6379241,-0.1977698,1.6619
57,36,015,HandTipRight,0.8423398,-0.3403971,1.71439
57,36,015,ThumbRight,0.8057026,-0.2239289,1.746
57,36,045,SpineBase,0.7587074,-0.1919837,1.831962
57,36,045,SpineMid,0.7221881,0.1297851,1.858264
57,36,045,Neck,0.6858935,0.4413802,1.874949
57,36,045,Head,0.763845,0.5511146,1.856453
57,36,045,ShoulderLeft,0.5540181,0.2978588,1.800804
57,36,045,ElbowLeft,0.5332952,0.04656857,1.732653
57,36,045,WristLeft,0.6179665,-0.1701729,1.61694
57,36,045,HandLeft,0.6365498,-0.2353955,1.57541
57,36,045,ShoulderRight,0.7365822,0.2569616,1.946537
57,36,045,ElbowRight,0.8525248,0.0292255,1.912368
57,36,045,WristRight,0.9113654,-0.1910704,1.788529
57,36,045,HandRight,0.9202776,-0.3126018,1.745181
57,36,045,HipLeft,0.7010401,-0.1830766,1.756554
57,36,045,KneeLeft,0.7016506,-0.5092222,1.689567
57,36,045,AnkleLeft,0.6095089,-0.8115174,1.868339
57,36,045,FootLeft,0.6040039,-0.894043,1.827148
57,36,045,HipRight,0.7892236,-0.1940355,1.841979
57,36,045,KneeRight,0.8705835,-0.4517933,1.702163
57,36,045,AnkleRight,0.9262791,-0.773111,1.718058
57,36,045,FootRight,0.9751554,-0.8056066,1.616158
57,36,045,SpineShoulder,0.6947167,0.3646935,1.873039
57,36,045,HandTipLeft,0.6708152,-0.2911128,1.555479
57,36,045,ThumbLeft,0.6108623,-0.2537853,1.594375
57,36,045,HandTipRight,0.9022341,-0.3659489,1.713979
57,36,045,ThumbRight,0.9056299,-0.2824223,1.7085
57,36,081,SpineBase,0.7719336,-0.1826948,1.827253
57,36,081,SpineMid,0.74144,0.1400223,1.848837
57,36,081,Neck,0.708627,0.4508676,1.857568
57,36,081,Head,0.7786521,0.5628825,1.834262
57,36,081,ShoulderLeft,0.5714784,0.3111679,1.792178
57,36,081,ElbowLeft,0.5501769,0.05538651,1.731505
57,36,081,WristLeft,0.6139058,-0.1732247,1.625932
57,36,081,HandLeft,0.6126304,-0.2472242,1.602002
57,36,081,ShoulderRight,0.7592382,0.2663992,1.929215
57,36,081,ElbowRight,0.8734387,0.03881798,1.88447
57,36,081,WristRight,0.9135216,-0.1855874,1.759795
57,36,081,HandRight,0.9278009,-0.1947368,1.761622
57,36,081,HipLeft,0.7119097,-0.1748533,1.752974
57,36,081,KneeLeft,0.7133933,-0.5032126,1.687502
57,36,081,AnkleLeft,0.6808062,-0.8369833,1.82744
57,36,081,FootLeft,0.701103,-0.907372,1.78004
57,36,081,HipRight,0.8045393,-0.1839646,1.836183
57,36,081,KneeRight,0.8711495,-0.4521332,1.702157
57,36,081,AnkleRight,0.9251024,-0.7682747,1.718022
57,36,081,FootRight,0.9705083,-0.8011689,1.613381
57,36,081,SpineShoulder,0.717664,0.3748813,1.857402
57,36,081,HandTipLeft,0.6256473,-0.3119831,1.581193
57,36,081,ThumbLeft,0.5819089,-0.2604948,1.57555
57,36,081,HandTipRight,0.9284393,-0.2505346,1.707899
57,36,081,ThumbRight,0.870751,-0.2037836,1.763445
57,36,113,SpineBase,0.7848179,-0.1710602,1.814347
57,36,113,SpineMid,0.7554494,0.1513047,1.833911
57,36,113,Neck,0.7223725,0.4614781,1.84106
57,36,113,Head,0.7907093,0.571899,1.81502
57,36,113,ShoulderLeft,0.5856063,0.3263077,1.78352
57,36,114,ElbowLeft,0.5654098,0.06920683,1.729468
57,36,114,WristLeft,0.5832939,-0.1610366,1.654398
57,36,114,HandLeft,0.5862319,-0.240206,1.636518
57,36,114,ShoulderRight,0.7729383,0.2769511,1.912765
57,36,114,ElbowRight,0.8824503,0.04725388,1.865229
57,36,114,WristRight,0.9434204,-0.1600357,1.764344
57,36,114,HandRight,0.9404399,-0.1911407,1.731329
57,36,114,HipLeft,0.7189229,-0.1671792,1.746601
57,36,114,KneeLeft,0.7308815,-0.4927695,1.687443
57,36,114,AnkleLeft,0.7498379,-0.8438136,1.782953
57,36,114,FootLeft,0.7896243,-0.9022046,1.733026
57,36,114,HipRight,0.8241996,-0.1681463,1.814873
57,36,114,KneeRight,0.8719819,-0.5057222,1.747794
57,36,114,AnkleRight,0.9291941,-0.7699202,1.724015
57,36,114,FootRight,0.8500977,-0.8535156,1.703125
57,36,114,SpineShoulder,0.7312996,0.3855206,1.841445
57,36,114,HandTipLeft,0.5809425,-0.3075296,1.624757
57,36,114,ThumbLeft,0.5554269,-0.2606947,1.617311
57,36,114,HandTipRight,0.9699048,-0.270491,1.675401
57,36,114,ThumbRight,0.9151441,-0.2161618,1.67925
57,36,148,SpineBase,0.7864016,-0.1570684,1.808843
57,36,148,SpineMid,0.7626923,0.1613677,1.824651
57,36,148,Neck,0.7379856,0.4691025,1.825092
57,36,148,Head,0.8025033,0.5822595,1.793102
57,36,148,ShoulderLeft,0.5954549,0.3364387,1.776654
57,36,148,ElbowLeft,0.5722887,0.07809948,1.732446
57,36,148,WristLeft,0.5767691,-0.1680741,1.661557
57,36,148,HandLeft,0.5668145,-0.2384268,1.664245
57,36,148,ShoulderRight,0.9282492,0.3317678,1.90854
57,36,148,ElbowRight,0.9282832,0.07583348,1.850731
57,36,148,WristRight,0.9434558,-0.1364663,1.758944
57,36,148,HandRight,0.939728,-0.1759343,1.716447
57,36,148,HipLeft,0.7174144,-0.1513263,1.745645
57,36,148,KneeLeft,0.7340572,-0.4821184,1.689794
57,36,148,AnkleLeft,0.7916102,-0.8040257,1.731213
57,36,148,FootLeft,0.8520508,-0.859375,1.696289
57,36,148,HipRight,0.8278667,-0.1560494,1.805742
57,36,148,KneeRight,0.8708793,-0.4953121,1.746576
57,36,148,AnkleRight,0.9284278,-0.7596818,1.728912
57,36,148,FootRight,0.8570672,-0.8526957,1.697795
57,36,148,SpineShoulder,0.7445077,0.3938634,1.827382
57,36,148,HandTipLeft,0.5606291,-0.3053315,1.662684
57,36,148,ThumbLeft,0.5313869,-0.2443674,1.651655
57,36,148,HandTipRight,0.9589337,-0.2578788,1.667607
57,36,148,ThumbRight,0.9173626,-0.1953818,1.668773
57,36,180,SpineBase,0.7888703,-0.1498072,1.806556
57,36,180,SpineMid,0.7693007,0.1673826,1.817768
57,36,180,Neck,0.7482241,0.4725146,1.81379
57,36,180,Head,0.8092256,0.5853352,1.778899
57,36,180,ShoulderLeft,0.6016524,0.3421963,1.772571
57,36,180,ElbowLeft,0.5751971,0.08315565,1.737563
57,36,180,WristLeft,0.5624133,-0.1474264,1.682684
57,36,180,HandLeft,0.5503666,-0.2268597,1.688418
57,36,180,ShoulderRight,0.9486603,0.3423284,1.910295
57,36,180,ElbowRight,0.943154,0.08775906,1.844723
57,36,180,WristRight,0.950795,-0.1177165,1.752946
57,36,180,HandRight,0.941705,-0.1638215,1.706752
57,36,180,HipLeft,0.7193404,-0.1411243,1.74667
57,36,180,KneeLeft,0.6805664,-0.4321096,1.727437
57,36,180,AnkleLeft,0.7895386,-0.7418384,1.687397
57,36,180,FootLeft,0.8126144,-0.7753541,1.56835
57,36,180,HipRight,0.8306038,-0.1512327,1.80095
57,36,180,KneeRight,0.7685156,-0.4735677,1.693136
57,36,180,AnkleRight,0.9082671,-0.8000818,1.724276
57,36,180,FootRight,0.8581933,-0.8710884,1.689515
57,36,180,SpineShoulder,0.7540735,0.3980188,1.817009
57,36,180,HandTipLeft,0.5523954,-0.2996167,1.688955
57,36,180,ThumbLeft,0.5167148,-0.214224,1.699214
57,36,180,HandTipRight,0.9564223,-0.2526587,1.663324
57,36,180,ThumbRight,0.9156255,-0.1807611,1.664
57,36,214,SpineBase,0.7900718,-0.1462792,1.805631
57,36,214,SpineMid,0.7744126,0.1701674,1.812363
57,36,214,Neck,0.7583161,0.4733691,1.802272
57,36,214,Head,0.8146126,0.5864401,1.762524
57,36,214,ShoulderLeft,0.6099449,0.3484655,1.76861
57,36,214,ElbowLeft,0.5795648,0.08909164,1.744555
57,36,214,WristLeft,0.5568882,-0.1500124,1.696906
57,36,214,HandLeft,0.5411829,-0.2262181,1.710277
57,36,214,ShoulderRight,0.9701893,0.3422481,1.903563
57,36,214,ElbowRight,0.9558989,0.08864921,1.834121
57,36,214,WristRight,0.9603653,-0.08922939,1.75264
57,36,214,HandRight,0.9525113,-0.1315277,1.713946
57,36,214,HipLeft,0.7199582,-0.1370795,1.748162
57,36,214,KneeLeft,0.6833472,-0.4346189,1.728778
57,36,214,AnkleLeft,0.7923026,-0.744325,1.688743
57,36,214,FootLeft,0.8136342,-0.7782933,1.56928
57,36,214,HipRight,0.8324787,-0.148089,1.797312
57,36,214,KneeRight,0.7683938,-0.4731814,1.693719
57,36,214,AnkleRight,0.9062878,-0.7975732,1.723132
57,36,214,FootRight,0.8641387,-0.8695229,1.675275
57,36,214,SpineShoulder,0.7629068,0.3994275,1.807106
57,36,214,HandTipLeft,0.5435531,-0.297158,1.715001
57,36,214,ThumbLeft,0.5001076,-0.2263919,1.702455
57,36,214,HandTipRight,0.9876,-0.2211149,1.6556
57,36,214,ThumbRight,0.9182848,-0.167771,1.66025
57,36,248,SpineBase,0.7921456,-0.1447811,1.803405
57,36,248,SpineMid,0.7800612,0.1704962,1.804943
57,36,248,Neck,0.765355,0.4719858,1.791523
57,36,248,Head,0.8164263,0.5846174,1.744452
57,36,248,ShoulderLeft,0.6141894,0.3505659,1.766866
57,36,248,ElbowLeft,0.5768514,0.09180158,1.754527
57,36,248,WristLeft,0.5528761,-0.1543339,1.712499
57,36,248,HandLeft,0.538063,-0.2270659,1.724424
57,36,248,ShoulderRight,0.9801819,0.3366052,1.871974
57,36,248,ElbowRight,0.9653879,0.08039126,1.815819
57,36,248,WristRight,0.9800866,-0.1369602,1.723055
57,36,248,HandRight,0.9473545,-0.1815902,1.667174
57,36,248,HipLeft,0.7205268,-0.1360327,1.748495
57,36,248,KneeLeft,0.6924811,-0.445923,1.728438
57,36,248,AnkleLeft,0.8013693,-0.755532,1.68842
57,36,248,FootLeft,0.8153496,-0.7896827,1.566752
57,36,249,HipRight,0.8374143,-0.1469203,1.789234
57,36,249,KneeRight,0.7702608,-0.4721642,1.694867
57,36,249,AnkleRight,0.9052429,-0.7988359,1.721861
57,36,249,FootRight,0.8712488,-0.8716023,1.668746
57,36,249,SpineShoulder,0.7698144,0.398386,1.796968
57,36,249,HandTipLeft,0.5402723,-0.2938974,1.730821
57,36,249,ThumbLeft,0.4899442,-0.2360059,1.711957
57,36,249,HandTipRight,0.9557207,-0.2609068,1.616759
57,36,249,ThumbRight,0.9123859,-0.1862642,1.653889
57,36,279,SpineBase,0.7957006,-0.1442996,1.801226
57,36,279,SpineMid,0.7857559,0.1692925,1.798302
57,36,279,Neck,0.7716357,0.4693269,1.780823
57,36,279,Head,0.8163062,0.5808635,1.728709
57,36,279,ShoulderLeft,0.6162915,0.3519466,1.766118
57,36,279,ElbowLeft,0.5729858,0.09455509,1.7681
57,36,279,WristLeft,0.5477635,-0.1528521,1.723447
57,36,279,HandLeft,0.5322661,-0.229648,1.733226
57,36,279,ShoulderRight,0.9802497,0.3351672,1.843828
57,36,279,ElbowRight,0.9710547,0.07749202,1.796245
57,36,279,WristRight,0.9796795,-0.1034218,1.731736
57,36,279,HandRight,0.9550552,-0.1406058,1.686605
57,36,279,HipLeft,0.7219304,-0.135824,1.749523
57,36,279,KneeLeft,0.7062311,-0.4447941,1.72296
57,36,279,AnkleLeft,0.7759421,-0.704764,1.677906
57,36,279,FootLeft,0.7834802,-0.7398898,1.554302
57,36,279,HipRight,0.8438944,-0.1465466,1.781977
57,36,279,KneeRight,0.7784848,-0.4706781,1.699134
57,36,280,AnkleRight,0.9056104,-0.7983404,1.721963
57,36,280,FootRight,0.8742687,-0.8717691,1.669227
57,36,280,SpineShoulder,0.7760161,0.3960427,1.787315
57,36,280,HandTipLeft,0.5329962,-0.2972332,1.737016
57,36,280,ThumbLeft,0.4909898,-0.2218316,1.724267
57,36,280,HandTipRight,0.9774684,-0.2235174,1.622735
57,36,280,ThumbRight,0.9166768,-0.1721578,1.6478
57,36,313,SpineBase,0.7999024,-0.143384,1.801207
57,36,313,SpineMid,0.7904327,0.1686959,1.794904
57,36,313,Neck,0.7769907,0.467318,1.773191
57,36,313,Head,0.8141321,0.5793476,1.715192
57,36,313,ShoulderLeft,0.6184406,0.3537553,1.766199
57,36,313,ElbowLeft,0.5718359,0.09864706,1.78533
57,36,313,WristLeft,0.5419136,-0.1519619,1.734453
57,36,313,HandLeft,0.5285063,-0.2299885,1.738581
57,36,313,ShoulderRight,0.9792696,0.3359763,1.835188
57,36,313,ElbowRight,0.9729291,0.07854641,1.785548
57,36,313,WristRight,0.9822222,-0.1613157,1.68875
57,36,313,HandRight,0.9550486,-0.2166854,1.625826
57,36,313,HipLeft,0.725759,-0.1355141,1.754908
57,36,313,KneeLeft,0.7241557,-0.4549474,1.724202
57,36,313,AnkleLeft,0.7799171,-0.718132,1.677114
57,36,313,FootLeft,0.8366079,-0.8057514,1.665696
57,36,313,HipRight,0.8491923,-0.1450133,1.778926
57,36,313,KneeRight,0.8320428,-0.4627738,1.723089
57,36,313,AnkleRight,0.9101603,-0.7908556,1.72354
57,36,313,FootRight,0.8765109,-0.8642986,1.671332
57,36,313,SpineShoulder,0.7812194,0.3943922,1.780863
57,36,313,HandTipLeft,0.5327063,-0.2981321,1.739979
57,36,313,ThumbLeft,0.4849881,-0.2328643,1.72944
57,36,313,HandTipRight,0.942932,-0.2726719,1.591361
57,36,313,ThumbRight,0.9381813,-0.2021751,1.587636
