58,40,047,SpineBase,-1.600794,-0.2137069,2.911508
58,40,047,SpineMid,-1.568443,0.110517,2.913379
58,40,047,Neck,-1.530454,0.4279883,2.903995
58,40,048,Head,-1.47349,0.5370039,2.93927
58,40,048,ShoulderLeft,-1.565929,0.3026129,2.7801
58,40,048,ElbowLeft,-1.614723,0.1230801,2.703809
58,40,048,WristLeft,-1.466328,-0.08981888,2.70079
58,40,048,HandLeft,-1.415112,-0.1684772,2.711836
58,40,048,ShoulderRight,-1.479665,0.2566065,3.006231
58,40,048,ElbowRight,-1.472428,0.005169905,3.048166
58,40,048,WristRight,-1.433764,-0.2104061,3.061634
58,40,048,HandRight,-1.410881,-0.2815629,3.041525
58,40,048,HipLeft,-1.604708,-0.1983707,2.829547
58,40,048,KneeLeft,-1.626288,-0.5145515,2.76599
58,40,048,AnkleLeft,-1.727504,-0.8275129,2.852735
58,40,048,FootLeft,-1.734025,-0.8757852,2.892284
58,40,048,HipRight,-1.562142,-0.224326,2.930273
58,40,048,KneeRight,-1.579854,-0.5429132,2.995342
58,40,048,AnkleRight,-1.729489,-0.8029431,3.019242
58,40,048,FootRight,-1.622791,-0.8458464,2.956523
58,40,048,SpineShoulder,-1.540989,0.3495552,2.90839
58,40,048,HandTipLeft,-1.357535,-0.2183462,2.710867
58,40,048,ThumbLeft,-1.411066,-0.160421,2.670727
58,40,048,HandTipRight,-1.388819,-0.3523106,3.028826
58,40,048,ThumbRight,-1.386027,-0.2868441,3.005091
58,40,077,SpineBase,-1.589767,-0.2215973,2.901541
58,40,077,SpineMid,-1.551368,0.1037539,2.89987
58,40,077,Neck,-1.505992,0.4229304,2.886071
58,40,077,Head,-1.45704,0.531219,2.927129
58,40,077,ShoulderLeft,-1.553173,0.2985609,2.769744
58,40,077,ElbowLeft,-1.606388,0.1189508,2.693508
58,40,077,WristLeft,-1.472023,-0.1026992,2.691379
58,40,077,HandLeft,-1.373191,-0.2312742,2.722095
58,40,077,ShoulderRight,-1.457263,0.2443906,2.990979
58,40,077,ElbowRight,-1.461197,-0.003818866,3.044098
58,40,077,WristRight,-1.41109,-0.2377165,3.053595
58,40,077,HandRight,-1.382849,-0.3069579,3.044762
58,40,077,HipLeft,-1.597551,-0.2032928,2.822977
58,40,077,KneeLeft,-1.61951,-0.519982,2.756035
58,40,079,AnkleLeft,-1.730045,-0.8478559,2.860753
58,40,079,FootLeft,-1.738798,-0.8862862,2.906555
58,40,079,HipRight,-1.547028,-0.2355486,2.916811
58,40,079,KneeRight,-1.556887,-0.5458649,2.971896
58,40,079,AnkleRight,-1.712016,-0.802273,3.014917
58,40,079,FootRight,-1.607646,-0.8459918,2.947799
58,40,079,SpineShoulder,-1.518484,0.3440187,2.891649
58,40,079,HandTipLeft,-1.341465,-0.2739981,2.747891
58,40,079,ThumbLeft,-1.368024,-0.2447325,2.687385
58,40,079,HandTipRight,-1.3701,-0.3713123,3.046525
58,40,079,ThumbRight,-1.355776,-0.3044368,3.009462
58,40,113,SpineBase,-1.573459,-0.2286724,2.892163
58,40,113,SpineMid,-1.536021,0.09913087,2.891364
58,40,113,Neck,-1.493244,0.4203076,2.879207
58,40,113,Head,-1.439173,0.5236688,2.914148
58,40,113,ShoulderLeft,-1.537095,0.2936542,2.757417
58,40,113,ElbowLeft,-1.597488,0.110176,2.687084
58,40,113,WristLeft,-1.481529,-0.1212887,2.676467
58,40,113,HandLeft,-1.451021,-0.1941674,2.70132
58,40,113,ShoulderRight,-1.448123,0.2409457,2.988984
58,40,113,ElbowRight,-1.450318,-0.007385399,3.041896
58,40,113,WristRight,-1.400296,-0.2414668,3.053877
58,40,113,HandRight,-1.365787,-0.3074227,3.052075
58,40,113,HipLeft,-1.579115,-0.2121836,2.809366
58,40,113,KneeLeft,-1.613253,-0.5214912,2.746987
58,40,113,AnkleLeft,-1.724782,-0.8289165,2.901576
58,40,113,FootLeft,-1.618235,-0.8720292,2.838755
58,40,113,HipRight,-1.533614,-0.2405097,2.91145
58,40,113,KneeRight,-1.530508,-0.5552703,2.944709
58,40,113,AnkleRight,-1.688043,-0.8000305,3.005146
58,40,113,FootRight,-1.582163,-0.8435754,2.941818
58,40,113,SpineShoulder,-1.504953,0.3409553,2.884316
58,40,113,HandTipLeft,-1.369516,-0.2469865,2.689396
58,40,113,ThumbLeft,-1.454719,-0.1346913,2.66175
58,40,113,HandTipRight,-1.345599,-0.3710633,3.062204
58,40,113,ThumbRight,-1.337533,-0.3031181,3.017583
58,40,144,SpineBase,-1.552884,-0.2318021,2.877512
58,40,144,SpineMid,-1.512724,0.09537877,2.876491
58,40,144,Neck,-1.467149,0.4157107,2.86411
58,40,144,Head,-1.407672,0.5205455,2.894928
58,40,144,ShoulderLeft,-1.51378,0.2885579,2.743814
58,40,144,ElbowLeft,-1.585024,0.1028822,2.677411
58,40,144,WristLeft,-1.487547,-0.1168904,2.66413
58,40,144,HandLeft,-1.467444,-0.1925322,2.693584
58,40,144,ShoulderRight,-1.428703,0.2386693,2.97826
58,40,144,ElbowRight,-1.438975,-0.006902971,3.038803
58,40,144,WristRight,-1.391293,-0.2439522,3.055722
58,40,144,HandRight,-1.353817,-0.3085751,3.06028
58,40,145,HipLeft,-1.557708,-0.2160377,2.792293
58,40,145,KneeLeft,-1.606179,-0.5201331,2.741937
58,40,145,AnkleLeft,-1.722371,-0.8332326,2.882021
58,40,145,FootLeft,-1.615398,-0.8766696,2.820896
58,40,145,HipRight,-1.514421,-0.2426266,2.899678
58,40,145,KneeRight,-1.487697,-0.5388197,2.906061
58,40,145,AnkleRight,-1.660927,-0.8012344,2.98116
58,40,145,FootRight,-1.554794,-0.8451003,2.91943
58,40,145,SpineShoulder,-1.479531,0.3365878,2.869262
58,40,145,HandTipLeft,-1.382951,-0.2558596,2.688147
58,40,145,ThumbLeft,-1.503826,-0.2231852,2.689
58,40,145,HandTipRight,-1.33129,-0.3743562,3.072041
58,40,145,ThumbRight,-1.321617,-0.302893,3.024556
58,40,178,SpineBase,-1.534351,-0.2289792,2.871101
58,40,178,SpineMid,-1.493022,0.09602999,2.867276
58,40,178,Neck,-1.446148,0.4139695,2.851656
58,40,178,Head,-1.388524,0.5204465,2.884641
58,40,178,ShoulderLeft,-1.495171,0.287741,2.734516
58,40,178,ElbowLeft,-1.571579,0.09407371,2.671204
58,40,178,WristLeft,-1.484572,-0.1480393,2.650059
58,40,178,HandLeft,-1.468545,-0.2218333,2.679849
58,40,178,ShoulderRight,-1.412157,0.2420373,2.976342
58,40,178,ElbowRight,-1.426756,-0.002833748,3.038011
58,40,178,WristRight,-1.377187,-0.2482605,3.060319
58,40,178,HandRight,-1.342295,-0.316574,3.071541
58,40,178,HipLeft,-1.540177,-0.2152611,2.786788
58,40,178,KneeLeft,-1.596669,-0.5156363,2.736686
58,40,178,AnkleLeft,-1.725468,-0.8298159,2.86333
58,40,178,FootLeft,-1.618042,-0.8736191,2.803879
58,40,178,HipRight,-1.494707,-0.2375086,2.892223
58,40,178,KneeRight,-1.448608,-0.537502,2.884056
58,40,178,AnkleRight,-1.618163,-0.7932029,2.957693
58,40,178,FootRight,-1.511913,-0.8374209,2.89745
58,40,178,SpineShoulder,-1.458872,0.335472,2.857674
58,40,178,HandTipLeft,-1.398476,-0.2895698,2.660415
58,40,178,ThumbLeft,-1.508469,-0.2556612,2.674667
58,40,178,HandTipRight,-1.327101,-0.380296,3.081272
58,40,178,ThumbRight,-1.308129,-0.3182006,3.0405
58,40,211,SpineBase,-1.513852,-0.2248324,2.865234
58,40,211,SpineMid,-1.467972,0.09890748,2.857676
58,40,211,Neck,-1.416578,0.4154059,2.838011
58,40,211,Head,-1.357083,0.5187943,2.864159
58,40,211,ShoulderLeft,-1.465389,0.2843119,2.717394
58,40,211,ElbowLeft,-1.554009,0.09030087,2.66364
58,40,211,WristLeft,-1.488558,-0.1585725,2.63945
58,40,211,HandLeft,-1.484097,-0.241545,2.656875
58,40,211,ShoulderRight,-1.379169,0.2449747,2.956354
58,40,211,ElbowRight,-1.402501,0.005238477,3.029944
58,40,211,WristRight,-1.370088,-0.2448691,3.065314
58,40,211,HandRight,-1.337669,-0.3249077,3.081418
58,40,211,HipLeft,-1.520386,-0.2129153,2.780231
58,40,211,KneeLeft,-1.555025,-0.4774592,2.721542
58,40,211,AnkleLeft,-1.706223,-0.7880466,2.832211
58,40,211,FootLeft,-1.684525,-0.8611336,2.859888
58,40,211,HipRight,-1.473967,-0.2317019,2.887074
58,40,211,KneeRight,-1.398018,-0.5384994,2.867373
58,40,211,AnkleRight,-1.57762,-0.7986764,2.926343
58,40,211,FootRight,-1.472484,-0.843475,2.864665
58,40,211,SpineShoulder,-1.430405,0.3372807,2.845056
58,40,211,HandTipLeft,-1.441663,-0.314329,2.631961
58,40,211,ThumbLeft,-1.533539,-0.2586218,2.638572
58,40,211,HandTipRight,-1.330119,-0.3873891,3.0844
58,40,211,ThumbRight,-1.307185,-0.3198552,3.054429
58,40,245,SpineBase,-1.483562,-0.2317844,2.857776
58,40,245,SpineMid,-1.439021,0.09509463,2.846331
58,40,245,Neck,-1.389178,0.4149477,2.823218
58,40,245,Head,-1.336594,0.516151,2.854267
58,40,245,ShoulderLeft,-1.441867,0.2848994,2.706552
58,40,245,ElbowLeft,-1.52995,0.08266037,2.65616
58,40,245,WristLeft,-1.491146,-0.1707594,2.62659
58,40,245,HandLeft,-1.489364,-0.2546403,2.626235
58,40,245,ShoulderRight,-1.344122,0.2336579,2.914581
58,40,245,ElbowRight,-1.377794,0.005037153,3.009772
58,40,245,WristRight,-1.366245,-0.2406895,3.069492
58,40,245,HandRight,-1.338311,-0.3255464,3.091387
58,40,245,HipLeft,-1.496204,-0.2220938,2.776217
58,40,245,KneeLeft,-1.553378,-0.4923306,2.723664
58,40,245,AnkleLeft,-1.712301,-0.7980667,2.836128
58,40,245,FootLeft,-1.609152,-0.842602,2.766653
58,40,245,HipRight,-1.436761,-0.2357889,2.875187
58,40,245,KneeRight,-1.363105,-0.5284808,2.851971
58,40,245,AnkleRight,-1.482265,-0.7865278,2.891501
58,40,245,FootRight,-1.381177,-0.8310257,2.820888
58,40,245,SpineShoulder,-1.402615,0.335969,2.831102
58,40,245,HandTipLeft,-1.47523,-0.3253046,2.613426
58,40,245,ThumbLeft,-1.521652,-0.2496744,2.630333
58,40,245,HandTipRight,-1.335656,-0.3809959,3.09352
58,40,245,ThumbRight,-1.300774,-0.3347584,3.0575
58,40,281,SpineBase,-1.448341,-0.2332076,2.854381
58,40,281,SpineMid,-1.405949,0.0934075,2.838226
58,40,281,Neck,-1.358067,0.413065,2.810512
58,40,281,Head,-1.304399,0.5168983,2.837124
58,40,281,ShoulderLeft,-1.403046,0.2837961,2.692236
58,40,281,ElbowLeft,-1.499686,0.07880807,2.645334
58,40,281,WristLeft,-1.487629,-0.1768668,2.618433
58,40,281,HandLeft,-1.491727,-0.2586857,2.616472
58,40,281,ShoulderRight,-1.317283,0.2478103,2.886228
58,40,281,ElbowRight,-1.342282,0.01574077,2.977492
58,40,281,WristRight,-1.358537,-0.2168694,3.070434
58,40,281,HandRight,-1.337874,-0.2994337,3.090184
58,40,281,HipLeft,-1.460026,-0.2284143,2.774505
58,40,281,KneeLeft,-1.526357,-0.4953093,2.732522
58,40,281,AnkleLeft,-1.707129,-0.7946557,2.828734
58,40,281,FootLeft,-1.602975,-0.8393047,2.761604
58,40,281,HipRight,-1.404588,-0.2329524,2.870618
58,40,281,KneeRight,-1.30537,-0.5052485,2.826814
58,40,281,AnkleRight,-1.380984,-0.767981,2.852783
58,40,281,FootRight,-1.279582,-0.8125727,2.784175
58,40,282,SpineShoulder,-1.371008,0.3341345,2.819539
58,40,282,HandTipLeft,-1.493577,-0.3313297,2.594894
58,40,282,ThumbLeft,-1.468911,-0.2549973,2.644211
58,40,282,HandTipRight,-1.337666,-0.3631546,3.114202
58,40,282,ThumbRight,-1.318104,-0.310424,3.048833
58,40,312,SpineBase,-1.425088,-0.2387828,2.848297
58,40,312,SpineMid,-1.375098,0.08805833,2.825605
58,40,312,Neck,-1.31899,0.4082972,2.789629
58,40,312,Head,-1.277354,0.5151705,2.824512
58,40,312,ShoulderLeft,-1.37619,0.2739089,2.682142
58,40,312,ElbowLeft,-1.454331,0.03203698,2.636555
58,40,312,WristLeft,-1.487178,-0.190423,2.604794
58,40,312,HandLeft,-1.502797,-0.278516,2.610968
58,40,312,ShoulderRight,-1.285129,0.2449887,2.867049
58,40,312,ElbowRight,-1.313344,0.01423219,2.960069
58,40,312,WristRight,-1.350071,-0.2069106,3.070112
58,40,312,HandRight,-1.330688,-0.2771984,3.089488
58,40,312,HipLeft,-1.43994,-0.232321,2.771202
58,40,312,KneeLeft,-1.510883,-0.5014666,2.742939
58,40,312,AnkleLeft,-1.705828,-0.7957272,2.827244
58,40,312,FootLeft,-1.604129,-0.8417284,2.756693
58,40,312,HipRight,-1.377875,-0.2402212,2.861054
58,40,312,KneeRight,-1.255984,-0.5159745,2.815308
58,40,312,AnkleRight,-1.297323,-0.785404,2.823703
58,40,312,FootRight,-1.199025,-0.8310297,2.751457
58,40,312,SpineShoulder,-1.334031,0.3291923,2.80088
58,40,312,HandTipLeft,-1.528092,-0.3443093,2.583914
58,40,312,ThumbLeft,-1.457998,-0.2900244,2.638667
58,40,312,HandTipRight,-1.303049,-0.352658,3.093323
58,40,312,ThumbRight,-1.311317,-0.2994022,3.053889
58,40,345,SpineBase,-1.392529,-0.2472659,2.837254
58,40,345,SpineMid,-1.34497,0.08116743,2.816126
58,40,345,Neck,-1.293296,0.4028388,2.783116
58,40,345,Head,-1.244474,0.5135552,2.806306
58,40,345,ShoulderLeft,-1.33653,0.2676939,2.668938
58,40,345,ElbowLeft,-1.439245,0.03500967,2.632878
58,40,345,WristLeft,-1.483116,-0.1969073,2.589475
58,40,345,HandLeft,-1.505912,-0.2829217,2.593654
58,40,345,ShoulderRight,-1.255361,0.238972,2.858645
58,40,345,ElbowRight,-1.281241,0.00745414,2.950748
58,40,345,WristRight,-1.319675,-0.2096171,3.067225
58,40,345,HandRight,-1.298926,-0.2945244,3.074761
58,40,345,HipLeft,-1.402188,-0.2411357,2.76065
58,40,345,KneeLeft,-1.508616,-0.5065172,2.745834
58,40,345,AnkleLeft,-1.699398,-0.8006967,2.82345
58,40,345,FootLeft,-1.595303,-0.8461507,2.757533
58,40,345,HipRight,-1.351307,-0.2477724,2.850029
58,40,345,KneeRight,-1.210335,-0.5048375,2.80209
58,40,345,AnkleRight,-1.214624,-0.8319679,2.784747
58,40,345,FootRight,-1.114559,-0.8764446,2.717034
58,40,345,SpineShoulder,-1.307086,0.3233993,2.793528
58,40,346,HandTipLeft,-1.534977,-0.3476554,2.561737
58,40,346,ThumbLeft,-1.502622,-0.274737,2.653091
58,40,346,HandTipRight,-1.271351,-0.3699278,3.078571
58,40,346,ThumbRight,-1.279708,-0.3165949,3.039109
58,40,378,SpineBase,-1.35271,-0.2552852,2.822138
58,40,378,SpineMid,-1.302118,0.07239036,2.800666
58,40,378,Neck,-1.246275,0.392945,2.767288
58,40,378,Head,-1.20835,0.5062785,2.793892
58,40,378,ShoulderLeft,-1.307282,0.261423,2.660481
58,40,378,ElbowLeft,-1.412002,0.03212637,2.605277
58,40,378,WristLeft,-1.462626,-0.1673811,2.56481
58,40,378,HandLeft,-1.496347,-0.2506139,2.565173
58,40,378,ShoulderRight,-1.211169,0.2297294,2.843382
58,40,378,ElbowRight,-1.239098,-0.001257432,2.935883
58,40,378,WristRight,-1.276444,-0.2178205,3.05352
58,40,378,HandRight,-1.257213,-0.3030345,3.061641
58,40,378,HipLeft,-1.369969,-0.2449668,2.747464
58,40,378,KneeLeft,-1.475538,-0.5052764,2.750375
58,40,379,AnkleLeft,-1.688916,-0.7909527,2.819584
58,40,379,FootLeft,-1.588419,-0.8368532,2.746658
58,40,379,HipRight,-1.304473,-0.26035,2.832589
58,40,379,KneeRight,-1.184266,-0.5052952,2.793389
58,40,379,AnkleRight,-1.132896,-0.8163369,2.759644
58,40,379,FootRight,-1.037049,-0.8611917,2.684687
58,40,379,SpineShoulder,-1.261074,0.313795,2.777733
58,40,379,HandTipLeft,-1.541274,-0.3097233,2.523187
58,40,379,ThumbLeft,-1.46934,-0.2341067,2.613572
58,40,379,HandTipRight,-1.229731,-0.378407,3.065413
58,40,379,ThumbRight,-1.238211,-0.3250292,3.025906
58,40,411,SpineBase,-1.321953,-0.260646,2.8105
58,40,411,SpineMid,-1.273633,0.06973384,2.789817
58,40,411,Neck,-1.220773,0.39281,2.757366
58,40,411,Head,-1.177285,0.4970027,2.782293
58,40,411,ShoulderLeft,-1.262283,0.2574017,2.647141
58,40,411,ElbowLeft,-1.388305,0.03974175,2.592187
58,40,411,WristLeft,-1.458768,-0.2020029,2.544321
58,40,411,HandLeft,-1.495751,-0.28765,2.537113
58,40,411,ShoulderRight,-1.183789,0.2293607,2.832743
58,40,411,ElbowRight,-1.210506,-0.002031769,2.924793
58,40,411,WristRight,-1.248512,-0.2183462,3.042602
58,40,411,HandRight,-1.228329,-0.3033812,3.050329
58,40,411,HipLeft,-1.334266,-0.2513625,2.739195
58,40,411,KneeLeft,-1.45115,-0.5044049,2.742863
58,40,411,AnkleLeft,-1.672951,-0.7822316,2.816187
58,40,411,FootLeft,-1.56893,-0.8279493,2.750518
58,40,411,HipRight,-1.278441,-0.2642376,2.817502
58,40,411,KneeRight,-1.129556,-0.5270931,2.776784
58,40,411,AnkleRight,-1.069869,-0.8308035,2.728513
58,40,411,FootRight,-0.9709259,-0.8751098,2.660769
58,40,411,SpineShoulder,-1.234894,0.3130699,2.767621
58,40,412,HandTipLeft,-1.524607,-0.3424803,2.520426
58,40,412,ThumbLeft,-1.468454,-0.2423238,2.6038
58,40,412,HandTipRight,-1.20091,-0.3787485,3.054075
58,40,412,ThumbRight,-1.209474,-0.3253599,3.014537
58,40,445,SpineBase,-1.280291,-0.2615458,2.795448
58,40,445,SpineMid,-1.232985,0.06819124,2.776449
58,40,445,Neck,-1.181107,0.3907898,2.745498
58,40,445,Head,-1.138126,0.4956601,2.771694
58,40,445,ShoulderLeft,-1.230455,0.2553007,2.637416
58,40,445,ElbowLeft,-1.357781,0.03854053,2.581303
58,40,445,WristLeft,-1.440124,-0.1995893,2.536139
58,40,445,HandLeft,-1.469919,-0.2880288,2.522863
58,40,445,ShoulderRight,-1.145314,0.2272898,2.82125
58,40,445,ElbowRight,-1.173032,-0.003901983,2.913425
58,40,445,WristRight,-1.210777,-0.2203405,3.03111
58,40,445,HandRight,-1.19121,-0.3055008,3.039079
58,40,445,HipLeft,-1.290178,-0.2505437,2.724478
58,40,445,KneeLeft,-1.460782,-0.5368988,2.72444
58,40,445,AnkleLeft,-1.670793,-0.8073043,2.813227
58,40,446,FootLeft,-1.567935,-0.8525334,2.744714
58,40,446,HipRight,-1.241085,-0.2663905,2.80189
58,40,446,KneeRight,-1.085664,-0.5353104,2.761863
58,40,446,AnkleRight,-1.044446,-0.8235741,2.721408
58,40,446,FootRight,-0.9468549,-0.867675,2.650674
58,40,446,SpineShoulder,-1.194878,0.3111514,2.755365
58,40,446,HandTipLeft,-1.503377,-0.3422692,2.515153
58,40,446,ThumbLeft,-1.449715,-0.2519774,2.56075
58,40,446,HandTipRight,-1.163876,-0.3808569,3.042791
58,40,446,ThumbRight,-1.172553,-0.3274491,3.00321
58,40,478,SpineBase,-1.228881,-0.2598724,2.776654
58,40,478,SpineMid,-1.185883,0.06799461,2.760879
58,40,478,Neck,-1.141612,0.3888629,2.734022
58,40,478,Head,-1.098635,0.4943416,2.761256
58,40,478,ShoulderLeft,-1.191501,0.2530961,2.623158
58,40,478,ElbowLeft,-1.318063,0.03658743,2.562616
58,40,478,WristLeft,-1.394925,-0.2026663,2.511809
58,40,478,HandLeft,-1.435451,-0.2904015,2.509476
58,40,478,ShoulderRight,-1.104938,0.2252776,2.809474
58,40,478,ElbowRight,-1.132162,-0.006094805,2.901425
58,40,478,WristRight,-1.170334,-0.2224276,3.01911
58,40,478,HandRight,-1.150274,-0.3074935,3.026913
58,40,478,HipLeft,-1.244471,-0.2516393,2.703663
58,40,478,KneeLeft,-1.424573,-0.5313606,2.706845
58,40,478,AnkleLeft,-1.644897,-0.8076209,2.806974
58,40,478,FootLeft,-1.541685,-0.8519179,2.738337
58,40,478,HipRight,-1.18464,-0.2619999,2.784541
58,40,478,KneeRight,-1.071985,-0.5329919,2.753906
58,40,478,AnkleRight,-1.030677,-0.8216215,2.714604
58,40,478,FootRight,-0.9326677,-0.8648251,2.643797
58,40,478,SpineShoulder,-1.1536,0.3096344,2.742942
58,40,478,HandTipLeft,-1.474796,-0.3495101,2.5183
58,40,478,ThumbLeft,-1.407746,-0.2765428,2.524572
58,40,478,HandTipRight,-1.123036,-0.3828382,3.030587
58,40,478,ThumbRight,-1.131841,-0.3294106,2.990961
58,40,512,SpineBase,-1.181943,-0.2580231,2.760452
58,40,512,SpineMid,-1.145933,0.0699283,2.749899
58,40,512,Neck,-1.10269,0.3907118,2.726214
58,40,512,Head,-1.053753,0.5010344,2.747299
58,40,512,ShoulderLeft,-1.156299,0.2591943,2.610203
58,40,512,ElbowLeft,-1.280367,0.04125259,2.548287
58,40,512,WristLeft,-1.350563,-0.1989707,2.490305
58,40,512,HandLeft,-1.387355,-0.2838785,2.489968
58,40,512,ShoulderRight,-1.066817,0.2270941,2.801821
58,40,512,ElbowRight,-1.094771,-0.004192674,2.893783
58,40,512,WristRight,-1.132823,-0.22061,3.011383
58,40,512,HandRight,-1.113161,-0.3057602,3.019297
58,40,512,HipLeft,-1.195973,-0.2501626,2.689831
58,40,512,KneeLeft,-1.36495,-0.5386233,2.686385
58,40,512,AnkleLeft,-1.543082,-0.7058588,2.786491
58,40,512,FootLeft,-1.440166,-0.7503257,2.717061
58,40,512,HipRight,-1.139509,-0.2597491,2.76546
58,40,512,KneeRight,-1.024838,-0.524324,2.736207
58,40,512,AnkleRight,-1.019387,-0.8295817,2.709539
58,40,512,FootRight,-0.9211625,-0.8719862,2.638517
58,40,512,SpineShoulder,-1.11423,0.3115456,2.734286
58,40,512,HandTipLeft,-1.421159,-0.3440414,2.504832
58,40,512,ThumbLeft,-1.370386,-0.281873,2.502572
58,40,512,HandTipRight,-1.086016,-0.3811061,3.022935
58,40,512,ThumbRight,-1.094942,-0.327676,2.983265
58,40,546,SpineBase,-1.128524,-0.2421792,2.745225
58,40,546,SpineMid,-1.097339,0.08311268,2.735416
58,40,546,Neck,-1.067441,0.3995904,2.715353
58,40,546,Head,-1.024367,0.5125743,2.735227
58,40,546,ShoulderLeft,-1.12418,0.2709335,2.598774
58,40,546,ElbowLeft,-1.235969,0.04912978,2.539175
58,40,546,WristLeft,-1.293892,-0.1853693,2.473559
58,40,546,HandLeft,-1.328288,-0.2728585,2.471209
58,40,546,ShoulderRight,-1.031078,0.236008,2.790811
58,40,546,ElbowRight,-1.058823,0.004559712,2.882687
58,40,546,WristRight,-1.097166,-0.2118605,3.000265
58,40,546,HandRight,-1.077203,-0.2969521,3.008101
58,40,546,HipLeft,-1.145655,-0.2326958,2.668302
58,40,546,KneeLeft,-1.189707,-0.4824812,2.645336
58,40,546,AnkleLeft,-1.451541,-0.7203401,2.726026
58,40,546,FootLeft,-1.349028,-0.7632979,2.655232
58,40,546,HipRight,-1.084308,-0.2458425,2.756194
58,40,546,KneeRight,-1.007332,-0.5192065,2.731526
58,40,546,AnkleRight,-1.008211,-0.8397265,2.702569
58,40,546,FootRight,-0.9099587,-0.8808573,2.63038
58,40,546,SpineShoulder,-1.07566,0.3214977,2.722496
58,40,546,HandTipLeft,-1.353354,-0.3319859,2.474715
58,40,546,ThumbLeft,-1.300486,-0.2885095,2.467737
58,40,546,HandTipRight,-1.050145,-0.3723209,3.011705
58,40,546,ThumbRight,-1.059186,-0.3189153,2.971992
58,40,578,SpineBase,-1.085001,-0.2237784,2.736262
58,40,578,SpineMid,-1.061478,0.09716396,2.723539
58,40,578,Neck,-1.028822,0.4126437,2.697414
58,40,578,Head,-0.990872,0.5232778,2.721287
58,40,579,ShoulderLeft,-1.090409,0.2857042,2.586813
58,40,579,ElbowLeft,-1.204104,0.05965047,2.534242
58,40,579,WristLeft,-1.240787,-0.1888066,2.476253
58,40,579,HandLeft,-1.267417,-0.2715129,2.460069
58,40,579,ShoulderRight,-0.9768196,0.2597396,2.767904
58,40,579,ElbowRight,-1.004987,0.02812002,2.859741
58,40,579,WristRight,-1.043432,-0.1884403,2.977258
58,40,579,HandRight,-1.023594,-0.273566,2.985137
58,40,579,HipLeft,-1.108616,-0.2143765,2.653699
58,40,579,KneeLeft,-1.120524,-0.485825,2.626135
58,40,579,AnkleLeft,-1.390897,-0.7145922,2.705624
58,40,579,FootLeft,-1.293675,-0.7573642,2.625474
58,40,579,HipRight,-1.034983,-0.2279003,2.752987
58,40,579,KneeRight,-0.9831453,-0.5232058,2.726743
58,40,579,AnkleRight,-1.005097,-0.8402608,2.701758
58,40,579,FootRight,-0.9117243,-0.8812475,2.620423
58,40,579,SpineShoulder,-1.037845,0.3348156,2.706179
58,40,579,HandTipLeft,-1.285839,-0.3327816,2.457152
58,40,579,ThumbLeft,-1.249936,-0.2291031,2.4986
58,40,579,HandTipRight,-0.9966612,-0.3490011,2.988691
58,40,579,ThumbRight,-1.005867,-0.2956719,2.948912
58,40,611,SpineBase,-1.039949,-0.2001048,2.726059
58,40,611,SpineMid,-1.017634,0.1183372,2.710418
58,40,611,Neck,-0.9953874,0.4273882,2.684562
58,40,611,Head,-0.97985,0.5470579,2.709875
58,40,611,ShoulderLeft,-1.060016,0.3024529,2.57376
58,40,611,ElbowLeft,-1.155559,0.06685267,2.524401
58,40,612,WristLeft,-1.181536,-0.1842328,2.471833
58,40,612,HandLeft,-1.202505,-0.2866411,2.441718
58,40,612,ShoulderRight,-0.9381092,0.2938116,2.766105
58,40,612,ElbowRight,-0.9665099,0.06195059,2.857921
58,40,612,WristRight,-1.005107,-0.1547701,2.975413
58,40,612,HandRight,-0.9852703,-0.2398999,2.983296
58,40,612,HipLeft,-1.062267,-0.1903681,2.64513
58,40,612,KneeLeft,-1.055319,-0.4733053,2.601069
58,40,612,AnkleLeft,-1.304606,-0.7280219,2.673445
58,40,612,FootLeft,-1.207925,-0.7699946,2.592764
58,40,612,HipRight,-0.9929359,-0.2053257,2.740501
58,40,612,KneeRight,-0.9733826,-0.5244957,2.721166
58,40,612,AnkleRight,-1.002969,-0.8380917,2.702144
58,40,612,FootRight,-0.9094921,-0.8786168,2.620511
58,40,612,SpineShoulder,-1.001776,0.3511236,2.69312
58,40,612,HandTipLeft,-1.226415,-0.349097,2.453233
58,40,612,ThumbLeft,-1.165583,-0.3093282,2.419714
58,40,612,HandTipRight,-0.9584424,-0.3154399,2.986808
58,40,612,ThumbRight,-0.9677843,-0.2622422,2.946969
58,40,646,SpineBase,-1.004687,-0.185322,2.71899
58,40,646,SpineMid,-0.9829858,0.1343368,2.699043
58,40,646,Neck,-0.9533756,0.4482809,2.665265
58,40,646,Head,-0.9424357,0.5701875,2.692144
58,40,646,ShoulderLeft,-1.026385,0.3204927,2.56151
58,40,646,ElbowLeft,-1.113769,0.08308757,2.506475
58,40,646,WristLeft,-1.11269,-0.1708845,2.459878
58,40,646,HandLeft,-1.123347,-0.2698342,2.42961
58,40,646,ShoulderRight,-0.9003275,0.2973803,2.754153
58,40,646,ElbowRight,-0.9289253,0.06545603,2.845917
58,40,646,WristRight,-0.9676529,-0.1512979,2.96337
58,40,646,HandRight,-0.9478151,-0.2364323,2.971252
58,40,646,HipLeft,-1.031141,-0.1761887,2.639532
58,40,646,KneeLeft,-0.9900919,-0.4620264,2.57404
58,40,646,AnkleLeft,-1.20616,-0.747126,2.643215
58,40,646,FootLeft,-1.111549,-0.7894654,2.561028
58,40,646,HipRight,-0.952606,-0.1896606,2.731172
58,40,646,KneeRight,-0.931518,-0.4970247,2.683884
58,40,646,AnkleRight,-0.9966908,-0.8115917,2.707435
58,40,646,FootRight,-0.9045041,-0.8531723,2.624471
58,40,646,SpineShoulder,-0.9615301,0.3708501,2.675972
58,40,646,HandTipLeft,-1.131714,-0.331003,2.429475
58,40,646,ThumbLeft,-1.100493,-0.2674724,2.43
58,40,646,HandTipRight,-0.9210834,-0.31198,2.974731
58,40,646,ThumbRight,-0.9305523,-0.2587872,2.934852
58,40,680,SpineBase,-0.9584125,-0.1775095,2.713122
58,40,680,SpineMid,-0.9429631,0.1429126,2.688333
58,40,680,Neck,-0.9252619,0.4550142,2.653088
58,40,680,Head,-0.8725668,0.5745181,2.673807
58,40,680,ShoulderLeft,-0.9961772,0.3317454,2.550789
58,40,680,ElbowLeft,-1.078867,0.1003244,2.499706
58,40,680,WristLeft,-1.049777,-0.1535748,2.460928
58,40,680,HandLeft,-1.038046,-0.2603593,2.455393
58,40,680,ShoulderRight,-0.8559366,0.2942961,2.74169
58,40,680,ElbowRight,-0.8847702,0.06234756,2.833379
58,40,680,WristRight,-0.9236543,-0.1544111,2.950782
58,40,680,HandRight,-0.9038149,-0.2395504,2.958661
58,40,680,HipLeft,-0.987089,-0.172481,2.635673
58,40,680,KneeLeft,-0.9416461,-0.499877,2.544828
58,40,680,AnkleLeft,-1.125691,-0.8042513,2.623317
58,40,680,FootLeft,-1.09375,-0.8945313,2.597656
58,40,680,HipRight,-0.9064773,-0.1780519,2.723205
58,40,680,KneeRight,-0.9142031,-0.5200552,2.730164
58,40,680,AnkleRight,-0.9967743,-0.8169541,2.706733
58,40,680,FootRight,-1.051758,-0.8984375,2.623047
58,40,680,SpineShoulder,-0.9306085,0.3780726,2.66398
58,40,680,HandTipLeft,-1.048231,-0.3237064,2.427493
58,40,680,ThumbLeft,-1.007288,-0.2892548,2.499882
58,40,680,HandTipRight,-0.8772001,-0.3150842,2.962102
58,40,680,ThumbRight,-0.8868237,-0.261868,2.922179
58,40,711,SpineBase,-0.9095318,-0.162609,2.695382
58,40,711,SpineMid,-0.8992168,0.1537845,2.671277
58,40,711,Neck,-0.8851365,0.4624028,2.635511
58,40,712,Head,-0.846095,0.579697,2.661344
58,40,712,ShoulderLeft,-0.9650436,0.3369032,2.537727
58,40,712,ElbowLeft,-1.043905,0.09845631,2.489094
58,40,712,WristLeft,-0.9889117,-0.151704,2.451519
58,40,712,HandLeft,-0.9580287,-0.2585422,2.441758
58,40,712,ShoulderRight,-0.8221841,0.310437,2.729227
58,40,712,ElbowRight,-0.8512036,0.07835215,2.82089
58,40,712,WristRight,-0.8275412,-0.1748982,2.84341
58,40,712,HandRight,-0.8225634,-0.2775521,2.845456
58,40,712,HipLeft,-0.9392074,-0.1593425,2.613309
58,40,712,KneeLeft,-0.88528,-0.4831284,2.51972
58,40,712,AnkleLeft,-1.044627,-0.8067505,2.57852
58,40,712,FootLeft,-0.9746094,-0.9018555,2.546875
58,40,712,HipRight,-0.8570551,-0.1617928,2.709759
58,40,712,KneeRight,-0.8713915,-0.5020478,2.726843
58,40,712,AnkleRight,-0.9941015,-0.8346373,2.613682
58,40,712,FootRight,-0.904367,-0.8746146,2.52597
58,40,712,SpineShoulder,-0.8892813,0.3863688,2.646536
58,40,712,HandTipLeft,-0.9595017,-0.3234919,2.443252
58,40,712,ThumbLeft,-0.9128418,-0.248227,2.45972
58,40,712,HandTipRight,-0.8327405,-0.339992,2.853602
58,40,712,ThumbRight,-0.8030956,-0.2916255,2.814847
58,40,745,SpineBase,-0.8897508,-0.1579911,2.681103
58,40,745,SpineMid,-0.8760716,0.1549858,2.657907
58,40,745,Neck,-0.8575678,0.4597566,2.622569
58,40,745,Head,-0.8096706,0.5795035,2.645236
58,40,745,ShoulderLeft,-0.9293576,0.3361926,2.523498
58,40,745,ElbowLeft,-1.003071,0.09408697,2.478597
58,40,745,WristLeft,-0.9318257,-0.1347828,2.437575
58,40,745,HandLeft,-0.89924,-0.2155981,2.444752
58,40,745,ShoulderRight,-0.7790799,0.3110579,2.738797
58,40,745,ElbowRight,-0.7838451,0.1082668,2.789421
58,40,745,WristRight,-0.7614223,-0.1342456,2.80353
58,40,745,HandRight,-0.7442003,-0.2187001,2.797605
58,40,745,HipLeft,-0.9181714,-0.154822,2.599648
58,40,745,KneeLeft,-0.8352768,-0.484719,2.502352
58,40,745,AnkleLeft,-0.8720729,-0.8493064,2.535594
58,40,745,FootLeft,-0.8381307,-0.9252213,2.482295
58,40,745,HipRight,-0.8387777,-0.1571546,2.694724
58,40,745,KneeRight,-0.9368994,-0.4853272,2.651681
58,40,745,AnkleRight,-0.9763715,-0.8578302,2.653469
58,40,745,FootRight,-0.909668,-0.9101563,2.548828
58,40,745,SpineShoulder,-0.8630289,0.3847389,2.633585
58,40,745,HandTipLeft,-0.8657013,-0.2870167,2.41674
58,40,745,ThumbLeft,-0.8570731,-0.1689806,2.47095
58,40,745,HandTipRight,-0.7154453,-0.2841588,2.776321
58,40,745,ThumbRight,-0.7060083,-0.2770636,2.7645
58,40,781,SpineBase,-0.8491542,-0.1594556,2.652935
58,40,781,SpineMid,-0.8344936,0.1493346,2.635728
58,40,781,Neck,-0.8162658,0.4503887,2.606319
58,40,781,Head,-0.7794626,0.5731056,2.633593
58,40,781,ShoulderLeft,-0.8980296,0.3288656,2.50882
58,40,781,ElbowLeft,-0.9599368,0.08140263,2.464623
58,40,781,WristLeft,-0.8936472,-0.1122766,2.426517
58,40,781,HandLeft,-0.8615914,-0.1886442,2.424071
58,40,781,ShoulderRight,-0.7457664,0.3098795,2.724643
58,40,781,ElbowRight,-0.7325192,0.05827279,2.768477
58,40,782,WristRight,-0.6847431,-0.1619558,2.76654
58,40,782,HandRight,-0.6546795,-0.2347157,2.741017
58,40,782,HipLeft,-0.8814939,-0.1545836,2.57547
58,40,782,KneeLeft,-0.7684689,-0.474204,2.46944
58,40,782,AnkleLeft,-0.7370238,-0.8428904,2.470754
58,40,782,FootLeft,-0.6577148,-0.9194336,2.404297
58,40,782,HipRight,-0.7966447,-0.1602943,2.663343
58,40,782,KneeRight,-0.915008,-0.4789808,2.659666
58,40,782,AnkleRight,-0.9485435,-0.7479685,2.673183
58,40,782,FootRight,-0.8578848,-0.7890124,2.587079
58,40,782,SpineShoulder,-0.8214336,0.3762172,2.615834
58,40,782,HandTipLeft,-0.8261228,-0.2568968,2.389801
58,40,782,ThumbLeft,-0.8494672,-0.1695622,2.393154
58,40,782,HandTipRight,-0.6218788,-0.3028332,2.717478
58,40,782,ThumbRight,-0.6238503,-0.3056619,2.7165
58,40,813,SpineBase,-0.8149567,-0.1693743,2.632469
58,40,813,SpineMid,-0.8020827,0.1405792,2.619764
58,40,813,Neck,-0.7855434,0.4424848,2.59456
58,40,813,Head,-0.7370574,0.5614521,2.61412
58,40,813,ShoulderLeft,-0.8570204,0.3149857,2.48919
58,40,813,ElbowLeft,-0.914738,0.08924484,2.444843
58,40,814,WristLeft,-0.8364387,-0.1247883,2.405593
58,40,814,HandLeft,-0.8073562,-0.198502,2.407409
58,40,814,ShoulderRight,-0.7021658,0.2957446,2.706882
58,40,814,ElbowRight,-0.6898722,0.04462858,2.752537
58,40,814,WristRight,-0.6262416,-0.1412982,2.737345
58,40,814,HandRight,-0.5861666,-0.2189115,2.710243
58,40,814,HipLeft,-0.8425435,-0.1675794,2.548443
58,40,814,KneeLeft,-0.7328099,-0.4949558,2.452443
58,40,814,AnkleLeft,-0.6173702,-0.8471194,2.418789
58,40,814,FootLeft,-0.5224609,-0.9125977,2.345703
58,40,814,HipRight,-0.7647771,-0.1675394,2.646879
58,40,814,KneeRight,-0.8957986,-0.4829908,2.614458
58,40,814,AnkleRight,-0.9903384,-0.8392754,2.683904
58,40,814,FootRight,-0.899334,-0.8789451,2.597831
58,40,814,SpineShoulder,-0.7903644,0.3681428,2.603085
58,40,814,HandTipLeft,-0.7686141,-0.2618933,2.373934
58,40,814,ThumbLeft,-0.7997226,-0.168539,2.382286
58,40,814,HandTipRight,-0.5512001,-0.2735174,2.680376
58,40,814,ThumbRight,-0.5908058,-0.2296488,2.677
58,40,844,SpineBase,-0.7672824,-0.1799668,2.608129
58,40,844,SpineMid,-0.7578084,0.1297056,2.595422
58,40,844,Neck,-0.7465914,0.4318001,2.571594
58,40,844,Head,-0.7079258,0.5561864,2.598
58,40,844,ShoulderLeft,-0.8220558,0.3034088,2.467187
58,40,844,ElbowLeft,-0.8696718,0.07461754,2.427359
58,40,844,WristLeft,-0.7976229,-0.1723911,2.401808
58,40,844,HandLeft,-0.7648183,-0.2452042,2.392705
58,40,844,ShoulderRight,-0.6578572,0.2721996,2.695125
58,40,844,ElbowRight,-0.6396624,0.01897909,2.73003
58,40,844,WristRight,-0.5632453,-0.1547624,2.703187
58,40,844,HandRight,-0.5155528,-0.2287963,2.678272
58,40,844,HipLeft,-0.7999182,-0.1717075,2.527956
58,40,844,KneeLeft,-0.8297056,-0.4697525,2.52787
58,40,844,AnkleLeft,-0.6012143,-0.7412276,2.402952
58,40,844,FootLeft,-0.5137367,-0.7802931,2.315409
58,40,844,HipRight,-0.7160412,-0.1833517,2.62052
58,40,844,KneeRight,-0.8401517,-0.4944111,2.647806
58,40,844,AnkleRight,-0.9472399,-0.7429156,2.655535
58,40,845,FootRight,-0.8565406,-0.7830933,2.56864
58,40,845,SpineShoulder,-0.7498233,0.3573418,2.579605
58,40,845,HandTipLeft,-0.7482821,-0.3276685,2.379191
58,40,845,ThumbLeft,-0.7214328,-0.2356997,2.4
58,40,845,HandTipRight,-0.471995,-0.2907014,2.651583
58,40,845,ThumbRight,-0.5049694,-0.2616034,2.663
58,40,881,SpineBase,-0.7261304,-0.1840347,2.584534
58,40,881,SpineMid,-0.7224041,0.1239992,2.576817
58,40,881,Neck,-0.7135419,0.4239805,2.555801
58,40,881,Head,-0.6677801,0.5442101,2.580112
58,40,881,ShoulderLeft,-0.7868133,0.2955144,2.450087
58,40,881,ElbowLeft,-0.8075101,0.03809192,2.41418
58,40,881,WristLeft,-0.7154092,-0.2001107,2.368197
58,40,881,HandLeft,-0.6578842,-0.3613947,2.380118
58,40,881,ShoulderRight,-0.6296854,0.2726668,2.673993
58,40,881,ElbowRight,-0.5943622,0.0196493,2.702286
58,40,881,WristRight,-0.5151026,-0.153275,2.676958
58,40,881,HandRight,-0.4630447,-0.2295028,2.658688
58,40,881,HipLeft,-0.7577526,-0.1770317,2.502338
58,40,881,KneeLeft,-0.8179184,-0.4962222,2.573561
58,40,882,AnkleLeft,-0.6317675,-0.7362168,2.495407
58,40,882,FootLeft,-0.5337381,-0.7817706,2.396349
58,40,882,HipRight,-0.673854,-0.1862951,2.597165
58,40,882,KneeRight,-0.6231527,-0.5003695,2.419572
58,40,882,AnkleRight,-0.8589983,-0.7107718,2.593647
58,40,882,FootRight,-0.7680264,-0.7504724,2.507402
58,40,882,SpineShoulder,-0.7165396,0.3501314,2.563335
58,40,882,HandTipLeft,-0.6203502,-0.4367447,2.374033
58,40,882,ThumbLeft,-0.6187103,-0.3363058,2.407567
58,40,882,HandTipRight,-0.41703,-0.2889256,2.638848
58,40,882,ThumbRight,-0.4487827,-0.2640045,2.645091
58,40,915,SpineBase,-0.6666037,-0.1895188,2.56167
58,40,915,SpineMid,-0.671438,0.118745,2.553853
58,40,915,Neck,-0.6761999,0.4192365,2.535651
58,40,915,Head,-0.6323196,0.5388286,2.562145
58,40,915,ShoulderLeft,-0.7446485,0.2889415,2.424938
58,40,915,ElbowLeft,-0.7642578,0.03114992,2.39179
58,40,915,WristLeft,-0.6734061,-0.2071734,2.343827
58,40,915,HandLeft,-0.6072093,-0.3615448,2.354795
58,40,915,ShoulderRight,-0.5874827,0.2840329,2.638693
58,40,915,ElbowRight,-0.5548769,0.03146052,2.671618
58,40,915,WristRight,-0.467384,-0.161048,2.651628
58,40,915,HandRight,-0.4130827,-0.2371466,2.635782
58,40,915,HipLeft,-0.700431,-0.1830995,2.479815
58,40,915,KneeLeft,-0.736839,-0.5103964,2.539933
58,40,915,AnkleLeft,-0.5088449,-0.7684999,2.38753
58,40,915,FootLeft,-0.422491,-0.8055576,2.298612
58,40,915,HipRight,-0.614849,-0.1908267,2.574438
58,40,915,KneeRight,-0.5689697,-0.5047185,2.395142
58,40,915,AnkleRight,-0.8122244,-0.7067685,2.569251
58,40,916,FootRight,-0.7226349,-0.7454511,2.480703
58,40,916,SpineShoulder,-0.6745428,0.3451065,2.541776
58,40,916,HandTipLeft,-0.5725293,-0.4375632,2.346819
58,40,916,ThumbLeft,-0.5615526,-0.3740401,2.34492
58,40,916,HandTipRight,-0.3693305,-0.2940955,2.619042
58,40,916,ThumbRight,-0.4145864,-0.2633023,2.617167
58,40,945,SpineBase,-0.6120715,-0.1909779,2.531893
58,40,945,SpineMid,-0.6240296,0.1173998,2.527352
58,40,946,Neck,-0.632898,0.4174464,2.510753
58,40,946,Head,-0.592313,0.5359973,2.539858
58,40,946,ShoulderLeft,-0.7043807,0.2849053,2.402469
58,40,946,ElbowLeft,-0.7124055,0.02654771,2.3648
58,40,946,WristLeft,-0.6246614,-0.2120186,2.31178
58,40,946,HandLeft,-0.5893458,-0.3076957,2.307644
58,40,946,ShoulderRight,-0.5505,0.2827185,2.61726
58,40,946,ElbowRight,-0.515476,0.03013679,2.648758
58,40,946,WristRight,-0.4095554,-0.1944341,2.628247
58,40,946,HandRight,-0.3594058,-0.260453,2.611861
58,40,946,HipLeft,-0.6471558,-0.1853316,2.45237
58,40,946,KneeLeft,-0.6818942,-0.5021017,2.508893
58,40,946,AnkleLeft,-0.4688109,-0.782474,2.377265
58,40,946,FootLeft,-0.3820845,-0.818783,2.289159
58,40,946,HipRight,-0.5602632,-0.191391,2.542033
58,40,946,KneeRight,-0.5166513,-0.5075478,2.367105
58,40,946,AnkleRight,-0.7673262,-0.696784,2.545124
58,40,946,FootRight,-0.6772816,-0.7349684,2.457279
58,40,946,SpineShoulder,-0.6316121,0.3435999,2.517288
58,40,946,HandTipLeft,-0.570438,-0.3461008,2.307478
58,40,946,ThumbLeft,-0.5527121,-0.3031217,2.313529
58,40,946,HandTipRight,-0.321192,-0.3115595,2.585726
58,40,946,ThumbRight,-0.3705623,-0.2773385,2.599478
58,40,978,SpineBase,-0.5567433,-0.1909575,2.500742
58,40,978,SpineMid,-0.5782329,0.1184377,2.501117
58,40,978,Neck,-0.6022364,0.4189916,2.492725
58,40,979,Head,-0.5619069,0.5360547,2.522918
58,40,979,ShoulderLeft,-0.6594098,0.2843144,2.37627
58,40,979,ElbowLeft,-0.6658574,0.02575575,2.339071
58,40,979,WristLeft,-0.6054924,-0.1782455,2.293771
58,40,979,HandLeft,-0.5713289,-0.255987,2.285117
58,40,979,ShoulderRight,-0.5147235,0.2842483,2.596195
58,40,979,ElbowRight,-0.4702655,0.03187074,2.621535
58,40,979,WristRight,-0.3871058,-0.1971428,2.617222
58,40,979,HandRight,-0.3351766,-0.2656041,2.598506
58,40,979,HipLeft,-0.5905083,-0.1866963,2.422812
58,40,979,KneeLeft,-0.6372328,-0.5113474,2.486497
58,40,979,AnkleLeft,-0.4372576,-0.8022342,2.357887
58,40,979,FootLeft,-0.3483558,-0.8371952,2.27283
58,40,979,HipRight,-0.5075157,-0.1899006,2.509007
58,40,979,KneeRight,-0.496648,-0.5105172,2.35591
58,40,979,AnkleRight,-0.7409417,-0.7012834,2.540609
58,40,979,FootRight,-0.6486305,-0.7383761,2.455708
58,40,979,SpineShoulder,-0.5964884,0.3450785,2.4968
58,40,979,HandTipLeft,-0.5445346,-0.3230736,2.257914
58,40,979,ThumbLeft,-0.5715964,-0.2322144,2.2265
58,40,979,HandTipRight,-0.2989086,-0.3261586,2.570978
58,40,979,ThumbRight,-0.3452368,-0.2806719,2.589696
58,41,013,SpineBase,-0.5030654,-0.1947665,2.477888
58,41,013,SpineMid,-0.5307316,0.1202269,2.478077
58,41,013,Neck,-0.5550402,0.4263967,2.465957
58,41,013,Head,-0.5182775,0.5428621,2.496011
58,41,013,ShoulderLeft,-0.6144843,0.2900927,2.355112
58,41,013,ElbowLeft,-0.6381899,0.06974008,2.310961
58,41,013,WristLeft,-0.5611042,-0.1739597,2.266942
58,41,013,HandLeft,-0.5172641,-0.289354,2.255056
58,41,013,ShoulderRight,-0.4697998,0.2914453,2.570697
58,41,013,ElbowRight,-0.4283882,0.03956772,2.601742
58,41,013,WristRight,-0.3711949,-0.1901734,2.608308
58,41,013,HandRight,-0.3238482,-0.2579309,2.592462
58,41,014,HipLeft,-0.5356756,-0.1911893,2.409239
58,41,014,KneeLeft,-0.5863996,-0.5183843,2.462583
58,41,014,AnkleLeft,-0.4070193,-0.8232993,2.337098
58,41,014,FootLeft,-0.3190112,-0.8578677,2.251278
58,41,014,HipRight,-0.4562929,-0.192849,2.476614
58,41,014,KneeRight,-0.4510276,-0.5112641,2.32782
58,41,014,AnkleRight,-0.6901026,-0.7060559,2.515208
58,41,014,FootRight,-0.5988389,-0.7429467,2.429382
58,41,014,SpineShoulder,-0.5495294,0.3510663,2.471178
58,41,014,HandTipLeft,-0.4972632,-0.3583269,2.247873
58,41,014,ThumbLeft,-0.4845871,-0.2836814,2.253334
58,41,014,HandTipRight,-0.294264,-0.3268805,2.581065
58,41,014,ThumbRight,-0.3267196,-0.2885722,2.589813
58,41,076,SpineBase,-0.4235561,-0.1914369,2.450388
58,41,076,SpineMid,-0.4493239,0.1332208,2.444007
58,41,076,Neck,-0.4720867,0.4485948,2.425161
58,41,077,Head,-0.4327104,0.5659495,2.459048
58,41,077,ShoulderLeft,-0.5246277,0.31273,2.320142
58,41,077,ElbowLeft,-0.5531824,0.09077197,2.268246
58,41,077,WristLeft,-0.4820638,-0.1544141,2.221739
58,41,077,HandLeft,-0.4415859,-0.2715862,2.220957
58,41,077,ShoulderRight,-0.3870056,0.313492,2.529865
58,41,077,ElbowRight,-0.345792,0.06137876,2.560746
58,41,077,WristRight,-0.3175792,-0.1938193,2.549224
58,41,077,HandRight,-0.2938753,-0.2777297,2.576438
58,41,077,HipLeft,-0.4536346,-0.1833283,2.386413
58,41,077,KneeLeft,-0.5206295,-0.4803131,2.343331
58,41,077,AnkleLeft,-0.3970128,-0.8303502,2.327864
58,41,077,FootLeft,-0.3087291,-0.8652273,2.243078
58,41,077,HipRight,-0.3813536,-0.1940512,2.444063
58,41,077,KneeRight,-0.3816062,-0.519761,2.329963
58,41,077,AnkleRight,-0.6106607,-0.7380334,2.504954
58,41,077,FootRight,-0.5199661,-0.7748824,2.420025
58,41,077,SpineShoulder,-0.4668968,0.3710347,2.432072
58,41,077,HandTipLeft,-0.4265274,-0.3473239,2.214198
58,41,077,ThumbLeft,-0.3939203,-0.2455966,2.250355
58,41,077,HandTipRight,-0.2791726,-0.3381518,2.569373
58,41,077,ThumbRight,-0.3017164,-0.3260266,2.571428
58,41,111,SpineBase,-0.3965262,-0.1815958,2.440545
58,41,111,SpineMid,-0.4197305,0.144755,2.43335
58,41,111,Neck,-0.4399759,0.4617812,2.413642
58,41,111,Head,-0.4008165,0.5790315,2.442799
58,41,111,ShoulderLeft,-0.4926415,0.3231993,2.305275
58,41,111,ElbowLeft,-0.5137056,0.0879694,2.250237
58,41,111,WristLeft,-0.43996,-0.1538998,2.189389
58,41,111,HandLeft,-0.4216066,-0.2349894,2.20387
58,41,111,ShoulderRight,-0.3549671,0.3266148,2.518338
58,41,111,ElbowRight,-0.3139589,0.07437963,2.549215
58,41,111,WristRight,-0.2858826,-0.1808941,2.537684
58,41,111,HandRight,-0.2707738,-0.2590634,2.51318
58,41,111,HipLeft,-0.4272615,-0.1770831,2.376058
58,41,111,KneeLeft,-0.3850172,-0.5183478,2.287114
58,41,111,AnkleLeft,-0.381743,-0.8653068,2.326868
58,41,111,FootLeft,-0.309433,-0.9259418,2.278721
58,41,112,HipRight,-0.3540575,-0.1805927,2.434503
58,41,112,KneeRight,-0.3198365,-0.510245,2.355589
58,41,112,AnkleRight,-0.530414,-0.7822239,2.475039
58,41,112,FootRight,-0.4404433,-0.8185854,2.390657
58,41,112,SpineShoulder,-0.435396,0.3838215,2.420771
58,41,112,HandTipLeft,-0.3992048,-0.3056009,2.172969
58,41,112,ThumbLeft,-0.4713167,-0.2744224,2.223
58,41,112,HandTipRight,-0.2521674,-0.3163677,2.484247
58,41,112,ThumbRight,-0.2604137,-0.2689882,2.526778
58,41,145,SpineBase,-0.3551987,-0.1745455,2.406656
58,41,145,SpineMid,-0.3746087,0.1542449,2.404686
58,41,145,Neck,-0.3915268,0.4732825,2.390164
58,41,145,Head,-0.3469755,0.5894996,2.422994
58,41,145,ShoulderLeft,-0.4484588,0.3373429,2.283245
58,41,145,ElbowLeft,-0.4752181,0.101335,2.230517
58,41,145,WristLeft,-0.4101125,-0.1237302,2.166371
58,41,145,HandLeft,-0.3948416,-0.203548,2.185993
58,41,145,ShoulderRight,-0.3066201,0.3380299,2.49484
58,41,145,ElbowRight,-0.2659185,0.08565559,2.525702
58,41,145,WristRight,-0.3221103,-0.1288904,2.386246
58,41,145,HandRight,-0.3052164,-0.1957886,2.321841
58,41,145,HipLeft,-0.388108,-0.1704507,2.342766
58,41,145,KneeLeft,-0.3825606,-0.5165843,2.283674
58,41,145,AnkleLeft,-0.3855066,-0.8596774,2.335177
58,41,145,FootLeft,-0.3222262,-0.9230878,2.281034
58,41,145,HipRight,-0.3118982,-0.1735198,2.399939
58,41,145,KneeRight,-0.2511123,-0.495754,2.381212
58,41,145,AnkleRight,-0.4545948,-0.7955908,2.439381
58,41,145,FootRight,-0.3663788,-0.8316579,2.353635
58,41,145,SpineShoulder,-0.3877125,0.3948677,2.395997
58,41,145,HandTipLeft,-0.3688829,-0.2710562,2.136758
58,41,145,ThumbLeft,-0.4475621,-0.2176181,2.198788
58,41,145,HandTipRight,-0.3366873,-0.2629499,2.266858
58,41,145,ThumbRight,-0.2782097,-0.2343828,2.3615
58,41,179,SpineBase,-0.3247187,-0.170035,2.392347
58,41,179,SpineMid,-0.3421679,0.1614963,2.389006
58,41,179,Neck,-0.3571268,0.4833206,2.372953
58,41,179,Head,-0.3057564,0.5962355,2.403863
58,41,179,ShoulderLeft,-0.4099521,0.3451034,2.263338
58,41,179,ElbowLeft,-0.4391723,0.1191059,2.207017
58,41,179,WristLeft,-0.3703132,-0.1250357,2.149813
58,41,179,HandLeft,-0.3621184,-0.2057379,2.162092
58,41,179,ShoulderRight,-0.2722954,0.348001,2.47762
58,41,179,ElbowRight,-0.2318157,0.09551097,2.508478
58,41,179,WristRight,-0.2881501,-0.1190974,2.369027
58,41,179,HandRight,-0.2733993,-0.1879503,2.293324
58,41,179,HipLeft,-0.3569839,-0.1674091,2.327687
58,41,179,KneeLeft,-0.3737589,-0.5127446,2.266267
58,41,179,AnkleLeft,-0.3671283,-0.8590224,2.336343
58,41,179,FootLeft,-0.3193857,-0.9255487,2.281258
58,41,179,HipRight,-0.2828036,-0.167671,2.386234
58,41,179,KneeRight,-0.1961326,-0.5007852,2.371512
58,41,179,AnkleRight,-0.3870267,-0.8063006,2.440068
58,41,179,FootRight,-0.3026514,-0.8905982,2.392602
58,41,179,SpineShoulder,-0.3537861,0.4042149,2.37918
58,41,179,HandTipLeft,-0.3333553,-0.2749057,2.11932
58,41,179,ThumbLeft,-0.417687,-0.2134607,2.178925
58,41,179,HandTipRight,-0.313894,-0.2493556,2.247714
58,41,179,ThumbRight,-0.2409015,-0.2215966,2.332833
58,41,211,SpineBase,-0.2806177,-0.1669014,2.372336
58,41,211,SpineMid,-0.2972066,0.1643219,2.369211
58,41,211,Neck,-0.3119135,0.4854646,2.353536
58,41,212,Head,-0.2671628,0.6033663,2.389688
58,41,212,ShoulderLeft,-0.3715328,0.3482412,2.244099
58,41,212,ElbowLeft,-0.4057982,0.1191156,2.187434
58,41,212,WristLeft,-0.3309463,-0.1059966,2.124374
58,41,212,HandLeft,-0.3237149,-0.1887349,2.13891
58,41,212,ShoulderRight,-0.2271845,0.3500889,2.458172
58,41,212,ElbowRight,-0.1870023,0.09752764,2.489004
58,41,212,WristRight,-0.2435257,-0.1171135,2.34955
58,41,212,HandRight,-0.235878,-0.1852924,2.275888
58,41,212,HipLeft,-0.3139718,-0.1637704,2.303747
58,41,212,KneeLeft,-0.3618273,-0.5003322,2.25257
58,41,212,AnkleLeft,-0.3569133,-0.8582531,2.331485
58,41,212,FootLeft,-0.3160899,-0.9292156,2.280935
58,41,212,HipRight,-0.2387572,-0.1650224,2.369856
58,41,212,KneeRight,-0.1264846,-0.4735703,2.338471
58,41,212,AnkleRight,-0.2368919,-0.8253555,2.355494
58,41,212,FootRight,-0.2071533,-0.9111328,2.302734
58,41,212,SpineShoulder,-0.308561,0.4065693,2.359653
58,41,212,HandTipLeft,-0.2932315,-0.2544101,2.094008
58,41,212,ThumbLeft,-0.3703775,-0.196198,2.164818
58,41,212,HandTipRight,-0.2749949,-0.2442917,2.241511
58,41,212,ThumbRight,-0.1953395,-0.2253807,2.313905
58,41,245,SpineBase,-0.2497512,-0.1686862,2.35893
58,41,245,SpineMid,-0.2648155,0.1638216,2.355878
58,41,245,Neck,-0.2777849,0.4862147,2.340077
58,41,245,Head,-0.2209007,0.6001445,2.370929
58,41,245,ShoulderLeft,-0.3309946,0.3518808,2.224197
58,41,245,ElbowLeft,-0.3705031,0.1188584,2.16752
58,41,245,WristLeft,-0.2944016,-0.1226475,2.107676
58,41,245,HandLeft,-0.2718691,-0.2333419,2.102409
58,41,245,ShoulderRight,-0.1931374,0.3508011,2.444687
58,41,245,ElbowRight,-0.1531859,0.09820311,2.475498
58,41,245,WristRight,-0.2098506,-0.1164525,2.33605
58,41,245,HandRight,-0.198239,-0.1820724,2.255633
58,41,245,HipLeft,-0.2832431,-0.1643397,2.293179
58,41,245,KneeLeft,-0.3554433,-0.4952503,2.244892
58,41,245,AnkleLeft,-0.3579387,-0.8517475,2.329073
58,41,245,FootLeft,-0.3164788,-0.9231407,2.281649
58,41,245,HipRight,-0.2086861,-0.1679928,2.353553
58,41,245,KneeRight,-0.08623159,-0.4778351,2.320216
58,41,245,AnkleRight,-0.1138495,-0.8469163,2.308097
58,41,245,FootRight,-0.02859034,-0.8820496,2.225105
58,41,245,SpineShoulder,-0.274872,0.4070138,2.346243
58,41,245,HandTipLeft,-0.2497837,-0.2895797,2.103998
58,41,245,ThumbLeft,-0.2952361,-0.231693,2.147077
58,41,245,HandTipRight,-0.2301606,-0.2431062,2.232757
58,41,245,ThumbRight,-0.1599092,-0.2181605,2.292889
58,41,278,SpineBase,-0.2009575,-0.1732041,2.334274
58,41,278,SpineMid,-0.216145,0.1597772,2.333624
58,41,278,Neck,-0.2297175,0.4824569,2.320197
58,41,278,Head,-0.1970679,0.6064311,2.359453
58,41,278,ShoulderLeft,-0.2956743,0.3472192,2.20393
58,41,278,ElbowLeft,-0.337385,0.1278531,2.14423
58,41,278,WristLeft,-0.2622796,-0.09449778,2.086388
58,41,278,HandLeft,-0.2426035,-0.175717,2.095696
58,41,278,ShoulderRight,-0.1451865,0.3470006,2.424763
58,41,278,ElbowRight,-0.1055637,0.0943762,2.45554
58,41,278,WristRight,-0.1624317,-0.1202839,2.316093
58,41,278,HandRight,-0.1557618,-0.1861633,2.24175
58,41,278,HipLeft,-0.2378661,-0.1689825,2.264286
58,41,278,KneeLeft,-0.3407862,-0.4983644,2.24004
58,41,278,AnkleLeft,-0.3569075,-0.8529086,2.329366
58,41,278,FootLeft,-0.3258215,-0.9271986,2.277442
58,41,278,HipRight,-0.1579723,-0.1721511,2.333162
58,41,278,KneeRight,-0.04003837,-0.492416,2.29545
58,41,278,AnkleRight,0.003175864,-0.8447295,2.261199
58,41,278,FootRight,0.05526733,-0.9091797,2.191406
58,41,278,SpineShoulder,-0.2265877,0.4032052,2.325771
58,41,278,HandTipLeft,-0.2059374,-0.2435756,2.045145
58,41,278,ThumbLeft,-0.2898522,-0.170368,2.136395
58,41,278,HandTipRight,-0.1853965,-0.244331,2.225095
58,41,278,ThumbRight,-0.1168591,-0.2268556,2.27453
58,41,311,SpineBase,-0.1721542,-0.1820611,2.321107
58,41,311,SpineMid,-0.1840977,0.1528019,2.318605
58,41,311,Neck,-0.1943038,0.4774815,2.303033
58,41,311,Head,-0.1479637,0.5958167,2.337882
58,41,311,ShoulderLeft,-0.2560694,0.3395701,2.185494
58,41,311,ElbowLeft,-0.3064515,0.1222423,2.12753
58,41,311,WristLeft,-0.2316978,-0.09380825,2.065472
58,41,311,HandLeft,-0.2055711,-0.1732467,2.076047
58,41,311,ShoulderRight,-0.1098588,0.3419952,2.407567
58,41,311,ElbowRight,-0.07048069,0.08935744,2.438317
58,41,311,WristRight,-0.1275019,-0.1253013,2.298868
58,41,311,HandRight,-0.1124479,-0.1896143,2.223596
58,41,311,HipLeft,-0.2090731,-0.1783096,2.253462
58,41,311,KneeLeft,-0.3073899,-0.5037997,2.233795
58,41,311,AnkleLeft,-0.3560065,-0.8538054,2.327518
58,41,311,FootLeft,-0.3263466,-0.9287004,2.276548
58,41,311,HipRight,-0.1298444,-0.1802723,2.317489
58,41,311,KneeRight,-0.02096236,-0.4943284,2.282193
58,41,311,AnkleRight,0.1008508,-0.8296033,2.21624
58,41,311,FootRight,0.1673584,-0.8935547,2.132813
58,41,311,SpineShoulder,-0.1920092,0.3977231,2.30917
58,41,311,HandTipLeft,-0.16493,-0.2407232,2.020689
58,41,311,ThumbLeft,-0.1991826,-0.1718745,2.120765
58,41,311,HandTipRight,-0.1340235,-0.2571678,2.220536
58,41,311,ThumbRight,-0.07274452,-0.2278658,2.254333
58,41,347,SpineBase,-0.1249771,-0.1938204,2.290371
58,41,348,SpineMid,-0.1376632,0.1433284,2.294283
58,41,348,Neck,-0.1509124,0.4701971,2.285889
58,41,348,Head,-0.100199,0.5862091,2.317003
58,41,348,ShoulderLeft,-0.2115137,0.3291917,2.164927
58,41,348,ElbowLeft,-0.2671005,0.1132717,2.105978
58,41,348,WristLeft,-0.1810922,-0.1259606,2.051569
58,41,348,HandLeft,-0.1355484,-0.2485219,2.021502
58,41,348,ShoulderRight,-0.06658114,0.3346854,2.390377
58,41,348,ElbowRight,-0.02751061,0.08205076,2.421096
58,41,348,WristRight,-0.0847212,-0.1325964,2.281646
58,41,348,HandRight,-0.07055518,-0.1967992,2.200594
58,41,348,HipLeft,-0.1629652,-0.1894036,2.22212
58,41,348,KneeLeft,-0.2861519,-0.5090007,2.224883
58,41,348,AnkleLeft,-0.353066,-0.8537249,2.32519
58,41,348,FootLeft,-0.3264223,-0.9297702,2.276052
58,41,348,HipRight,-0.08314834,-0.1922138,2.287426
58,41,348,KneeRight,0.0171548,-0.4957923,2.253266
58,41,348,AnkleRight,0.1802158,-0.8206584,2.168346
58,41,348,FootRight,0.2604508,-0.8553817,2.08429
58,41,348,SpineShoulder,-0.1474369,0.3898772,2.290112
58,41,348,HandTipLeft,-0.1131193,-0.2965625,2.0274
58,41,348,ThumbLeft,-0.1402937,-0.1962472,2.10775
58,41,348,HandTipRight,-0.08837125,-0.2696967,2.196226
58,41,348,ThumbRight,-0.1002912,-0.1547165,2.136314
58,41,381,SpineBase,-0.09202743,-0.2016666,2.280606
58,41,381,SpineMid,-0.09982714,0.1334191,2.279344
58,41,381,Neck,-0.1055535,0.4575235,2.263827
58,41,383,Head,-0.06152299,0.5776899,2.299331
58,41,383,ShoulderLeft,-0.1740422,0.322674,2.149075
58,41,383,ElbowLeft,-0.2281396,0.1008218,2.086536
58,41,383,WristLeft,-0.1431446,-0.1386467,2.031913
58,41,383,HandLeft,-0.1140499,-0.2165508,2.024161
58,41,383,ShoulderRight,-0.02134132,0.3219918,2.368262
58,41,383,ElbowRight,0.01740259,0.06938798,2.398942
58,41,383,WristRight,-0.04000932,-0.1452286,2.259489
58,41,383,HandRight,-0.03290486,-0.2439505,2.195585
58,41,383,HipLeft,-0.128097,-0.1973298,2.213129
58,41,383,KneeLeft,-0.2321551,-0.5134079,2.207156
58,41,383,AnkleLeft,-0.3425668,-0.8436153,2.315935
58,41,383,FootLeft,-0.3271056,-0.9252891,2.275701
58,41,383,HipRight,-0.05298825,-0.1997199,2.276907
58,41,383,KneeRight,0.04141101,-0.5009876,2.237773
58,41,383,AnkleRight,0.2265853,-0.8095801,2.136503
58,41,383,FootRight,0.3039066,-0.8450306,2.04979
58,41,383,SpineShoulder,-0.1039479,0.3778708,2.269879
58,41,383,HandTipLeft,-0.06756667,-0.280335,1.986898
58,41,383,ThumbLeft,-0.09544799,-0.174615,2.0915
58,41,383,HandTipRight,-0.04759063,-0.2756908,2.170643
58,41,383,ThumbRight,-0.06032079,-0.2438351,2.144857
58,41,412,SpineBase,-0.03395628,-0.2154786,2.253537
58,41,412,SpineMid,-0.0488839,0.1222554,2.256506
58,41,412,Neck,-0.06673879,0.4500635,2.247815
58,41,412,Head,-0.01086209,0.5642226,2.279277
58,41,412,ShoulderLeft,-0.1274237,0.3135237,2.127857
58,41,412,ElbowLeft,-0.1832586,0.08877365,2.064018
58,41,412,WristLeft,-0.09900381,-0.1507389,2.008705
58,41,412,HandLeft,-0.07461017,-0.2299338,1.996775
58,41,412,ShoulderRight,0.01736333,0.3145127,2.352211
58,41,412,ElbowRight,0.05582088,0.0619209,2.382868
58,41,413,WristRight,-0.001764619,-0.1526801,2.243419
58,41,413,HandRight,0.01366494,-0.2183573,2.156689
58,41,413,HipLeft,-0.0718917,-0.2119973,2.190462
58,41,413,KneeLeft,-0.1964502,-0.5107571,2.181729
58,41,413,AnkleLeft,-0.3300448,-0.8273824,2.302705
58,41,413,FootLeft,-0.3271165,-0.9232982,2.273132
58,41,413,HipRight,0.005014642,-0.2121526,2.245393
58,41,413,KneeRight,0.1267601,-0.5105305,2.191692
58,41,413,AnkleRight,0.2587755,-0.8383248,2.112741
58,41,413,FootRight,0.3377916,-0.8724685,2.028937
58,41,413,SpineShoulder,-0.06166584,0.3694454,2.251964
58,41,413,HandTipLeft,-0.03117529,-0.2931035,1.965939
58,41,413,ThumbLeft,-0.06826994,-0.20075,2.066882
58,41,413,HandTipRight,-0.004635673,-0.2852827,2.155221
58,41,413,ThumbRight,-0.01624572,-0.1746992,2.098367
58,41,446,SpineBase,0.01453892,-0.227789,2.232924
58,41,446,SpineMid,-0.006342568,0.1141724,2.23941
58,41,446,Neck,-0.02437901,0.4447474,2.23165
58,41,446,Head,0.02577952,0.5615599,2.259274
58,41,446,ShoulderLeft,-0.09203115,0.3053671,2.110561
58,41,446,ElbowLeft,-0.1402336,0.08627829,2.045263
58,41,446,WristLeft,-0.07112605,-0.1581199,1.99088
58,41,447,HandLeft,-0.04578707,-0.2342971,1.985355
58,41,447,ShoulderRight,0.05959686,0.3091722,2.336009
58,41,447,ElbowRight,0.09773649,0.05657868,2.366654
58,41,447,WristRight,0.0001055475,-0.1730252,2.293914
58,41,447,HandRight,-0.02761133,-0.2536083,2.272039
58,41,447,HipLeft,-0.0218435,-0.2241346,2.17179
58,41,447,KneeLeft,-0.1329065,-0.5151685,2.158421
58,41,447,AnkleLeft,-0.3083081,-0.8079408,2.285844
58,41,447,FootLeft,-0.3199235,-0.9172724,2.266767
58,41,447,HipRight,0.05042391,-0.2241849,2.222881
58,41,447,KneeRight,0.1591663,-0.5315713,2.169621
58,41,447,AnkleRight,0.2675321,-0.8421424,2.102047
58,41,447,FootRight,0.330618,-0.9101862,2.012698
58,41,447,SpineShoulder,-0.02060513,0.3636717,2.236099
58,41,447,HandTipLeft,-0.003287193,-0.2999683,1.939502
58,41,447,ThumbLeft,-0.08835116,-0.2435031,2.03863
58,41,447,HandTipRight,-0.04572001,-0.320409,2.270579
58,41,447,ThumbRight,-0.05709714,-0.2097146,2.213743
58,41,478,SpineBase,0.06621927,-0.2203487,2.20776
58,41,478,SpineMid,0.04345084,0.1168816,2.216096
58,41,478,Neck,0.02006427,0.4433197,2.21164
58,41,478,Head,0.0700459,0.560734,2.238923
58,41,478,ShoulderLeft,-0.05045154,0.2997122,2.091859
58,41,478,ElbowLeft,-0.1008206,0.08956481,2.033191
58,41,478,WristLeft,-0.03899425,-0.1546437,1.968244
58,41,478,HandLeft,-0.0143346,-0.2302584,1.970521
58,41,478,ShoulderRight,0.1039048,0.3077023,2.315971
58,41,478,ElbowRight,0.1417058,0.05507137,2.346621
58,41,478,WristRight,0.04872624,-0.1758922,2.271502
58,41,478,HandRight,0.02244832,-0.2567712,2.248936
58,41,478,HipLeft,0.02674752,-0.215287,2.146099
58,41,478,KneeLeft,-0.07945459,-0.5049171,2.117459
58,41,478,AnkleLeft,-0.2669317,-0.7869464,2.251798
58,41,478,FootLeft,-0.1816407,-0.8219227,2.164625
58,41,478,HipRight,0.1035179,-0.218309,2.198256
58,41,478,KneeRight,0.2112236,-0.5463197,2.14153
58,41,478,AnkleRight,0.2948941,-0.8594382,2.083856
58,41,478,FootRight,0.3717791,-0.8926634,1.997433
58,41,478,SpineShoulder,0.0266483,0.3631619,2.214653
58,41,478,HandTipLeft,0.01808845,-0.2956528,1.91341
58,41,478,ThumbLeft,-0.06004605,-0.2371866,2.016111
58,41,478,HandTipRight,0.004115805,-0.3235504,2.247478
58,41,478,ThumbRight,-0.007545859,-0.2128195,2.190645
58,41,512,SpineBase,0.1254338,-0.210584,2.188673
58,41,512,SpineMid,0.09298424,0.1238372,2.196751
58,41,512,Neck,0.05666892,0.446961,2.193686
58,41,512,Head,0.1078913,0.5646231,2.221977
58,41,512,ShoulderLeft,-0.007615792,0.303545,2.074117
58,41,512,ElbowLeft,-0.05096019,0.08005812,2.016297
58,41,512,WristLeft,0.006231593,-0.1656779,1.953582
58,41,512,HandLeft,0.02204601,-0.2468436,1.95696
58,41,512,ShoulderRight,0.1403949,0.3112932,2.298009
58,41,512,ElbowRight,0.1779129,0.05859368,2.328681
58,41,512,WristRight,0.08421161,-0.1722798,2.253917
58,41,512,HandRight,0.05776135,-0.2531364,2.231452
58,41,512,HipLeft,0.08681341,-0.2037046,2.126058
58,41,512,KneeLeft,-0.01292325,-0.5068846,2.074459
58,41,512,AnkleLeft,-0.2200447,-0.7649951,2.226107
58,41,512,FootLeft,-0.1341816,-0.799569,2.140178
58,41,512,HipRight,0.1599401,-0.2106214,2.180187
58,41,512,KneeRight,0.2667259,-0.5387342,2.123309
58,41,512,AnkleRight,0.2987612,-0.86186,2.080916
58,41,512,FootRight,0.3431933,-0.9253761,2.005088
58,41,512,SpineShoulder,0.06519025,0.3675581,2.196851
58,41,512,HandTipLeft,0.04351612,-0.3146926,1.906518
58,41,512,ThumbLeft,-0.02583354,-0.2614209,1.99559
58,41,512,HandTipRight,0.03926805,-0.3199264,2.229998
58,41,512,ThumbRight,0.02740207,-0.2092021,2.173166
58,41,546,SpineBase,0.1862751,-0.1964833,2.170215
58,41,546,SpineMid,0.1436803,0.1352232,2.177693
58,41,546,Neck,0.1010894,0.4559093,2.172155
58,41,546,Head,0.1506256,0.5747951,2.198725
58,41,546,ShoulderLeft,0.0237348,0.3071189,2.056995
58,41,546,ElbowLeft,-0.01358455,0.08662233,2.005994
58,41,546,WristLeft,0.03036864,-0.1611829,1.940266
58,41,546,HandLeft,0.060615,-0.2394547,1.939828
58,41,546,ShoulderRight,0.1846722,0.3201686,2.27648
58,41,546,ElbowRight,0.2218431,0.06735451,2.307197
58,41,546,WristRight,0.128264,-0.1636564,2.232244
58,41,546,HandRight,0.1019269,-0.2445378,2.209716
58,41,546,HipLeft,0.1459395,-0.1910262,2.108509
58,41,546,KneeLeft,0.05905513,-0.5088979,2.022607
58,41,547,AnkleLeft,-0.1596039,-0.746626,2.190164
58,41,547,FootLeft,-0.07739089,-0.7810261,2.099833
58,41,547,HipRight,0.2204772,-0.1955131,2.160927
58,41,547,KneeRight,0.2907892,-0.5338801,2.114621
58,41,547,AnkleRight,0.3043264,-0.8634203,2.07311
58,41,547,FootRight,0.3460085,-0.9285869,2.003555
58,41,547,SpineShoulder,0.1120377,0.3772993,2.175626
58,41,547,HandTipLeft,0.06648882,-0.3062642,1.891724
58,41,547,ThumbLeft,0.009127162,-0.2375532,1.985926
58,41,547,HandTipRight,0.08322919,-0.3113603,2.208269
58,41,547,ThumbRight,0.07110329,-0.2006683,2.151439
58,41,577,SpineBase,0.2342058,-0.1780389,2.140135
58,41,577,SpineMid,0.1861139,0.1505916,2.151813
58,41,577,Neck,0.133867,0.466639,2.152973
58,41,577,Head,0.1824307,0.5867147,2.179799
58,41,577,ShoulderLeft,0.0611334,0.3150529,2.034786
58,41,577,ElbowLeft,0.02762208,0.08724269,1.98912
58,41,578,WristLeft,0.06889466,-0.1187626,1.924912
58,41,578,HandLeft,0.08454626,-0.2062561,1.910881
58,41,578,ShoulderRight,0.2173432,0.3308262,2.257313
58,41,578,ElbowRight,0.2542546,0.07788894,2.288082
58,41,578,WristRight,0.1798331,-0.1498805,2.183516
58,41,578,HandRight,0.1554417,-0.2257114,2.152499
58,41,578,HipLeft,0.1894736,-0.165717,2.077339
58,41,578,KneeLeft,0.1325445,-0.4737122,1.9748
58,41,578,AnkleLeft,-0.07632788,-0.7199849,2.143437
58,41,578,FootLeft,0.00578253,-0.754172,2.054312
58,41,578,HipRight,0.2711326,-0.1844551,2.13205
58,41,578,KneeRight,0.3307761,-0.505394,2.09741
58,41,578,AnkleRight,0.3056107,-0.8635374,2.070836
58,41,578,FootRight,0.3469471,-0.9305242,2.001495
58,41,578,SpineShoulder,0.1465756,0.3889861,2.155149
58,41,578,HandTipLeft,0.08629238,-0.2685402,1.876733
58,41,578,ThumbLeft,0.1097243,-0.1971568,1.923938
58,41,578,HandTipRight,0.1364798,-0.2926039,2.151065
58,41,578,ThumbRight,0.1240209,-0.1819773,2.094243
58,41,612,SpineBase,0.2543134,-0.1687701,2.12748
58,41,612,SpineMid,0.2104198,0.1613996,2.136494
58,41,612,Neck,0.1704766,0.4819001,2.129956
58,41,612,Head,0.2203367,0.6022699,2.156525
58,41,612,ShoulderLeft,0.0886597,0.3278503,2.017143
58,41,612,ElbowLeft,0.06353687,0.08152469,1.975289
58,41,612,WristLeft,0.1114412,-0.1377639,1.90897
58,41,612,HandLeft,0.1262195,-0.2225813,1.898438
58,41,613,ShoulderRight,0.2538324,0.3459942,2.234323
58,41,613,ElbowRight,0.2904509,0.09289118,2.265167
58,41,613,WristRight,0.2217944,-0.1438447,2.17994
58,41,613,HandRight,0.199392,-0.22263,2.155357
58,41,613,HipLeft,0.2083416,-0.1582734,2.066977
58,41,613,KneeLeft,0.2017859,-0.4963316,1.94592
58,41,613,AnkleLeft,-0.01512975,-0.7361302,2.114623
58,41,613,FootLeft,-0.04082829,-0.8457021,2.096139
58,41,613,HipRight,0.2918604,-0.1734612,2.116919
58,41,613,KneeRight,0.333613,-0.4993013,2.074437
58,41,613,AnkleRight,0.3082439,-0.8588422,2.068927
58,41,613,FootRight,0.3473896,-0.9304395,2.00174
58,41,613,SpineShoulder,0.1805281,0.403359,2.133792
58,41,613,HandTipLeft,0.1294063,-0.2885557,1.875356
58,41,613,ThumbLeft,0.1574945,-0.2230485,1.901214
58,41,613,HandTipRight,0.1802282,-0.2895391,2.153942
58,41,613,ThumbRight,0.167509,-0.1789354,2.097136
58,41,649,SpineBase,0.2846791,-0.1524722,2.101359
58,41,649,SpineMid,0.2434096,0.1763415,2.112635
58,41,649,Neck,0.1993383,0.4926978,2.112488
58,41,649,Head,0.2573695,0.6091863,2.135607
58,41,649,ShoulderLeft,0.1210615,0.3394998,2.000391
58,41,649,ElbowLeft,0.1003115,0.08175152,1.957747
58,41,649,WristLeft,0.1371579,-0.09853998,1.897777
58,41,649,HandLeft,0.1550391,-0.1722557,1.888402
58,41,649,ShoulderRight,0.2825966,0.356724,2.216878
58,41,649,ElbowRight,0.318983,0.1034954,2.247782
58,41,649,WristRight,0.3058996,-0.1080087,2.091859
58,41,649,HandRight,0.3232082,-0.1672012,2.010848
58,41,649,HipLeft,0.2377495,-0.141926,2.041297
58,41,649,KneeLeft,0.2697412,-0.4619849,1.912937
58,41,649,AnkleLeft,0.07700646,-0.7374441,2.057462
58,41,649,FootLeft,0.05990601,-0.8349609,2.033203
58,41,649,HipRight,0.3218144,-0.1579582,2.090832
58,41,649,KneeRight,0.35861,-0.4799335,2.042681
58,41,649,AnkleRight,0.311255,-0.8452826,2.068666
58,41,649,FootRight,0.349381,-0.9317807,2.005204
58,41,649,SpineShoulder,0.2103608,0.415103,2.114845
58,41,649,HandTipLeft,0.1562169,-0.2454148,1.858593
58,41,649,ThumbLeft,0.1698442,-0.1914626,1.883889
58,41,649,HandTipRight,0.295173,-0.2280134,1.963354
58,41,649,ThumbRight,0.2791035,-0.1215514,1.95268
58,41,679,SpineBase,0.3132412,-0.1347751,2.073497
58,41,679,SpineMid,0.2746018,0.1878782,2.088554
58,41,679,Neck,0.2387761,0.4999186,2.088416
58,41,679,Head,0.2921638,0.6202121,2.114945
58,41,679,ShoulderLeft,0.1514684,0.3477819,1.983409
58,41,679,ElbowLeft,0.1249556,0.08856954,1.944343
58,41,679,WristLeft,0.1811658,-0.1251231,1.881356
58,41,679,HandLeft,0.2012695,-0.2037936,1.869518
58,41,679,ShoulderRight,0.3218979,0.3638732,2.192821
58,41,679,ElbowRight,0.3579603,0.1105336,2.223793
58,41,679,WristRight,0.3254536,-0.1163437,2.096211
58,41,679,HandRight,0.3642192,-0.1817098,2.02029
58,41,679,HipLeft,0.265695,-0.1269319,2.007804
58,41,679,KneeLeft,0.3210411,-0.4408064,1.896243
58,41,679,AnkleLeft,0.1660401,-0.7565267,2.002558
58,41,679,FootLeft,0.2258364,-0.8520632,1.970508
58,41,679,HipRight,0.3505731,-0.1378255,2.067797
58,41,679,KneeRight,0.282625,-0.4802188,2.030076
58,41,679,AnkleRight,0.3108432,-0.8506324,2.068258
58,41,679,FootRight,0.3098695,-0.9217426,1.999252
58,41,679,SpineShoulder,0.2477657,0.4235314,2.090637
58,41,679,HandTipLeft,0.2059089,-0.2703293,1.855904
58,41,679,ThumbLeft,0.2378058,-0.2040572,1.854375
58,41,679,HandTipRight,0.3587205,-0.1973758,2.001218
58,41,680,ThumbRight,0.3353931,-0.1620496,1.948334
58,41,715,SpineBase,0.3593846,-0.1305175,2.046594
58,41,715,SpineMid,0.3170449,0.1908669,2.064323
58,41,715,Neck,0.2709199,0.5007038,2.070825
58,41,715,Head,0.3244196,0.6204699,2.093055
58,41,715,ShoulderLeft,0.1825073,0.3514731,1.966754
58,41,715,ElbowLeft,0.1479238,0.09273207,1.931794
58,41,715,WristLeft,0.2046894,-0.08032031,1.86548
58,41,715,HandLeft,0.2348068,-0.1586936,1.856593
58,41,715,ShoulderRight,0.353926,0.3646196,2.175233
58,41,715,ElbowRight,0.3897208,0.1112347,2.206249
58,41,715,WristRight,0.3864367,-0.1026073,2.053195
58,41,715,HandRight,0.3958996,-0.131873,1.960057
58,41,715,HipLeft,0.3047211,-0.1234869,1.975159
58,41,715,KneeLeft,0.3851717,-0.421688,1.86183
58,41,715,AnkleLeft,0.2261155,-0.7445447,1.943154
58,41,715,FootLeft,0.2841749,-0.8402864,1.907107
58,41,715,HipRight,0.4013941,-0.1330781,2.047888
58,41,715,KneeRight,0.3237543,-0.4697806,2.05917
58,41,715,AnkleRight,0.3011961,-0.8276689,1.999704
58,41,715,FootRight,0.3383789,-0.8979492,1.961914
58,41,715,SpineShoulder,0.2825072,0.4247739,2.071461
58,41,715,HandTipLeft,0.2520742,-0.2247351,1.820284
58,41,715,ThumbLeft,0.2678374,-0.1581443,1.849875
58,41,715,HandTipRight,0.3688632,-0.1505826,1.929385
58,41,715,ThumbRight,0.4080716,-0.1057491,1.925937
58,41,745,SpineBase,0.3881582,-0.1300866,2.020337
58,41,745,SpineMid,0.3453762,0.1926227,2.043475
58,41,745,Neck,0.3043563,0.5037318,2.051789
58,41,746,Head,0.365126,0.6195966,2.070088
58,41,746,ShoulderLeft,0.2146341,0.3504589,1.947971
58,41,746,ElbowLeft,0.1770931,0.09452067,1.909593
58,41,746,WristLeft,0.2506763,-0.1248437,1.837304
58,41,746,HandLeft,0.2828882,-0.2001021,1.823122
58,41,746,ShoulderRight,0.3872405,0.3676004,2.156208
58,41,746,ElbowRight,0.4227551,0.1141493,2.187283
58,41,746,WristRight,0.5277485,-0.1110937,2.113256
58,41,746,HandRight,0.5623896,-0.1701386,2.097589
58,41,746,HipLeft,0.3327852,-0.1240885,1.951277
58,41,746,KneeLeft,0.4330055,-0.4267519,1.838085
58,41,746,AnkleLeft,0.3667877,-0.7871543,1.884543
58,41,746,FootLeft,0.4366625,-0.8193192,1.790387
58,41,746,HipRight,0.4301847,-0.1315087,2.018971
58,41,746,KneeRight,0.3579506,-0.4666694,2.045661
58,41,746,AnkleRight,0.3303874,-0.7386838,2.026854
58,41,746,FootRight,0.4011477,-0.772275,1.931983
58,41,746,SpineShoulder,0.3147633,0.4275292,2.051867
58,41,746,HandTipLeft,0.3060941,-0.2688893,1.80485
58,41,746,ThumbLeft,0.3139569,-0.1865802,1.80844
58,41,746,HandTipRight,0.5947759,-0.2289913,2.070005
58,41,746,ThumbRight,0.5502116,-0.1935626,2.0553
58,41,782,SpineBase,0.4307377,-0.1265612,1.997582
58,41,782,SpineMid,0.387028,0.1930521,2.019882
58,41,782,Neck,0.3403657,0.5010604,2.03046
58,41,782,Head,0.3950478,0.6207402,2.050086
58,41,782,ShoulderLeft,0.2496457,0.3481254,1.926585
58,41,782,ElbowLeft,0.1962911,0.1061741,1.893817
58,41,782,WristLeft,0.25667,-0.06665497,1.830696
58,41,782,HandLeft,0.2954452,-0.1419056,1.815597
58,41,782,ShoulderRight,0.4231137,0.364894,2.134881
58,41,782,ElbowRight,0.4583186,0.1114181,2.166006
58,41,782,WristRight,0.5863292,-0.1014599,2.092845
58,41,782,HandRight,0.6414075,-0.1904355,2.055609
58,41,782,HipLeft,0.3768271,-0.1195471,1.920488
58,41,782,KneeLeft,0.4690783,-0.4466407,1.823313
58,41,782,AnkleLeft,0.4701597,-0.8170898,1.822335
58,41,782,FootLeft,0.5380632,-0.8485199,1.728649
58,41,782,HipRight,0.4682861,-0.1291447,2.004711
58,41,782,KneeRight,0.3734174,-0.4576191,2.040296
58,41,782,AnkleRight,0.3072774,-0.8641565,2.054587
58,41,782,FootRight,0.3398438,-0.9350586,2.003906
58,41,782,SpineShoulder,0.3521872,0.4256121,2.030018
58,41,782,HandTipLeft,0.321554,-0.2085893,1.771096
58,41,782,ThumbLeft,0.2701215,-0.08902802,1.791375
58,41,782,HandTipRight,0.6630287,-0.2487613,2.0323
58,41,782,ThumbRight,0.6539483,-0.1842611,2.010158
58,41,811,SpineBase,0.4640239,-0.1334531,1.976828
58,41,811,SpineMid,0.4184844,0.1868153,2.0001
58,41,811,Neck,0.3733379,0.4949508,2.00946
58,41,811,Head,0.4370625,0.6085973,2.02234
58,41,811,ShoulderLeft,0.2812701,0.3428259,1.907725
58,41,811,ElbowLeft,0.2313699,0.1126568,1.86516
58,41,811,WristLeft,0.3296215,-0.1195033,1.80236
58,41,811,HandLeft,0.3541402,-0.1957441,1.77788
58,41,811,ShoulderRight,0.4559574,0.3587605,2.113877
58,41,811,ElbowRight,0.4908713,0.1052867,2.145044
58,41,811,WristRight,0.6349034,-0.0949218,2.066298
58,41,811,HandRight,0.6905984,-0.1684328,2.035955
58,41,811,HipLeft,0.4046847,-0.125119,1.903329
58,41,811,KneeLeft,0.4265819,-0.4450535,1.841998
58,41,811,AnkleLeft,0.552739,-0.7881089,1.770806
58,41,811,FootLeft,0.6185551,-0.819809,1.676851
58,41,811,HipRight,0.5079976,-0.1373527,1.980055
58,41,811,KneeRight,0.3892525,-0.4557681,2.027948
58,41,811,AnkleRight,0.307886,-0.8645852,2.054168
58,41,811,FootRight,0.351354,-0.9386556,2.003906
58,41,811,SpineShoulder,0.3848842,0.4195003,2.009295
58,41,811,HandTipLeft,0.3776681,-0.2631501,1.748446
58,41,811,ThumbLeft,0.3843634,-0.1683961,1.776405
58,41,811,HandTipRight,0.7274156,-0.221141,2.006235
58,41,811,ThumbRight,0.7195413,-0.1853077,1.978417
58,41,844,SpineBase,0.4832141,-0.1284374,1.946364
58,41,844,SpineMid,0.4443523,0.1871094,1.972891
58,41,844,Neck,0.4050175,0.490561,1.986136
58,41,844,Head,0.4782312,0.5977536,1.995405
58,41,844,ShoulderLeft,0.3178962,0.3346821,1.881382
58,41,844,ElbowLeft,0.2663365,0.09528577,1.842495
58,41,844,WristLeft,0.3398398,-0.1312019,1.788937
58,41,844,HandLeft,0.3769217,-0.2001337,1.757968
58,41,844,ShoulderRight,0.4875107,0.3543369,2.090558
58,41,844,ElbowRight,0.522138,0.1008462,2.121778
58,41,844,WristRight,0.6780968,-0.08965314,2.042414
58,41,844,HandRight,0.7378086,-0.1579371,2.008323
58,41,844,HipLeft,0.4269812,-0.1228926,1.864763
58,41,844,KneeLeft,0.4343522,-0.4399846,1.836038
58,41,844,AnkleLeft,0.6184836,-0.7463807,1.72739
58,41,844,FootLeft,0.6841633,-0.7786215,1.635146
58,41,844,HipRight,0.5224522,-0.130273,1.957899
58,41,844,KneeRight,0.4093103,-0.4519947,2.001702
58,41,844,AnkleRight,0.3108347,-0.8678825,2.050586
58,41,844,FootRight,0.3513529,-0.9386015,2.003906
58,41,844,SpineShoulder,0.4149666,0.416329,1.985093
58,41,844,HandTipLeft,0.4012679,-0.2688909,1.724956
58,41,844,ThumbLeft,0.4107195,-0.1892437,1.755445
58,41,844,HandTipRight,0.7805251,-0.2071785,1.978113
58,41,844,ThumbRight,0.7452393,-0.1437011,1.952286
58,41,882,SpineBase,0.5069535,-0.1385745,1.909965
58,41,882,SpineMid,0.4740939,0.1758316,1.943389
58,41,882,Neck,0.4403064,0.4780066,1.963124
58,41,882,Head,0.5073476,0.590646,1.975399
58,41,882,ShoulderLeft,0.3487706,0.3214759,1.85707
58,41,882,ElbowLeft,0.2991585,0.08594207,1.815872
58,41,882,WristLeft,0.3908583,-0.1468202,1.745346
58,41,882,HandLeft,0.3938252,-0.1941529,1.73696
58,41,882,ShoulderRight,0.5226518,0.3417768,2.067533
58,41,882,ElbowRight,0.5569533,0.0883446,2.098791
58,41,882,WristRight,0.7214478,-0.09331132,2.0165
58,41,882,HandRight,0.7857085,-0.1571547,1.977698
58,41,882,HipLeft,0.447717,-0.1325218,1.834524
58,41,882,KneeLeft,0.4731467,-0.452004,1.80151
58,41,882,AnkleLeft,0.6389491,-0.6425901,1.687021
58,41,882,FootLeft,0.7032811,-0.6762798,1.593744
58,41,882,HipRight,0.5474564,-0.1393919,1.916649
58,41,882,KneeRight,0.4333347,-0.4536416,1.984157
58,41,882,AnkleRight,0.3164206,-0.8689921,2.047324
58,41,882,FootRight,0.3604572,-0.9392046,1.999511
58,41,882,SpineShoulder,0.4490846,0.4040549,1.960349
58,41,882,HandTipLeft,0.4046389,-0.2641343,1.701263
58,41,882,ThumbLeft,0.4198176,-0.1837714,1.732
58,41,882,HandTipRight,0.828278,-0.2060315,1.946249
58,41,882,ThumbRight,0.7913331,-0.1389491,1.91845
58,41,912,SpineBase,0.5242133,-0.1525907,1.865194
58,41,912,SpineMid,0.4984221,0.1625306,1.910106
58,41,912,Neck,0.4709981,0.4648773,1.939507
58,41,912,Head,0.5538396,0.5667294,1.949848
58,41,912,ShoulderLeft,0.3793001,0.307942,1.831468
58,41,912,ElbowLeft,0.3268391,0.08064725,1.790148
58,41,912,WristLeft,0.4014625,-0.1430349,1.725077
58,41,912,HandLeft,0.432438,-0.2184041,1.710104
58,41,912,ShoulderRight,0.5532094,0.3286422,2.043905
58,41,912,ElbowRight,0.5872166,0.07526364,2.075199
58,41,912,WristRight,0.7576964,-0.1008021,1.99383
58,41,912,HandRight,0.8244322,-0.161034,1.954168
58,41,912,HipLeft,0.4656595,-0.1405116,1.795966
58,41,912,KneeLeft,0.5083633,-0.4312986,1.776783
58,41,913,AnkleLeft,0.6739329,-0.6220065,1.662275
58,41,913,FootLeft,0.7377726,-0.655936,1.569476
58,41,913,HipRight,0.5623017,-0.1587306,1.867856
58,41,913,KneeRight,0.467677,-0.4709356,1.955007
58,41,913,AnkleRight,0.3385619,-0.8098597,2.022497
58,41,913,FootRight,0.3566731,-0.9189219,2.00167
58,41,913,SpineShoulder,0.4780733,0.3909822,1.934559
58,41,913,HandTipLeft,0.4522984,-0.2831984,1.675526
58,41,913,ThumbLeft,0.4619053,-0.2023634,1.710708
58,41,913,HandTipRight,0.8675575,-0.2132538,1.931351
58,41,913,ThumbRight,0.8327965,-0.152617,1.895333
58,41,946,SpineBase,0.4968536,-0.1829748,1.880765
58,41,946,SpineMid,0.5005828,0.1501556,1.906635
58,41,946,Neck,0.5064408,0.4500053,1.912261
58,41,946,Head,0.5841336,0.5585672,1.928912
58,41,946,ShoulderLeft,0.4103644,0.2945517,1.800011
58,41,947,ElbowLeft,0.364268,0.06616829,1.753864
58,41,947,WristLeft,0.416935,-0.1374325,1.712142
58,41,947,HandLeft,0.451296,-0.2048844,1.695709
58,41,947,ShoulderRight,0.588492,0.3137663,2.016649
58,41,947,ElbowRight,0.6221541,0.06045163,2.047994
58,41,947,WristRight,0.7962102,-0.1118008,1.966847
58,41,947,HandRight,0.8744639,-0.1854893,1.92297
58,41,947,HipLeft,0.4484741,-0.1656495,1.804336
58,41,947,KneeLeft,0.5517381,-0.4631195,1.735322
58,41,947,AnkleLeft,0.7169668,-0.6535748,1.620791
58,41,947,FootLeft,0.7794983,-0.689263,1.529861
58,41,947,HipRight,0.5264364,-0.1924537,1.889095
58,41,947,KneeRight,0.5180963,-0.5190955,1.914508
58,41,947,AnkleRight,0.3508814,-0.8295714,2.019397
58,41,947,FootRight,0.3608866,-0.9376806,1.998663
58,41,947,SpineShoulder,0.5015311,0.3765824,1.915811
58,41,947,HandTipLeft,0.4657466,-0.2706776,1.656276
58,41,947,ThumbLeft,0.4251765,-0.2027072,1.719688
58,41,947,HandTipRight,0.9120745,-0.2313033,1.896203
58,41,947,ThumbRight,0.9029157,-0.1726281,1.8918
58,41,978,SpineBase,0.5274035,-0.1982988,1.864379
58,41,978,SpineMid,0.5366068,0.1260013,1.881374
58,41,978,Neck,0.5319204,0.4418677,1.892207
58,41,978,Head,0.6174422,0.5424328,1.901444
58,41,978,ShoulderLeft,0.4499795,0.2908599,1.775908
58,41,978,ElbowLeft,0.3928643,0.05894052,1.732184
58,41,978,WristLeft,0.4601934,-0.1415218,1.678469
58,41,978,HandLeft,0.4872823,-0.2066781,1.673451
58,41,978,ShoulderRight,0.6138545,0.3056184,1.996599
58,41,978,ElbowRight,0.6472651,0.05233963,2.02799
58,41,978,WristRight,0.8189959,-0.1212528,1.944844
58,41,978,HandRight,0.9123008,-0.2074825,1.899018
58,41,978,HipLeft,0.4778472,-0.1842351,1.79128
58,41,978,KneeLeft,0.5908616,-0.4819528,1.70749
58,41,978,AnkleLeft,0.7557845,-0.6722432,1.592965
58,41,978,FootLeft,0.8204802,-0.7077397,1.506439
58,41,978,HipRight,0.5587827,-0.205412,1.868249
58,41,978,KneeRight,0.5634359,-0.5443895,1.895987
58,41,978,AnkleRight,0.3916945,-0.8205988,2.009326
58,41,978,FootRight,0.4641683,-0.8555434,1.920467
58,41,978,SpineShoulder,0.5360635,0.3638335,1.889724
58,41,978,HandTipLeft,0.5035325,-0.2780761,1.640692
58,41,978,ThumbLeft,0.5160872,-0.1876249,1.670453
58,41,978,HandTipRight,0.9476669,-0.246415,1.876236
58,41,978,ThumbRight,0.9371319,-0.1919929,1.875389
58,42,013,SpineBase,0.5598547,-0.2170932,1.823943
58,42,013,SpineMid,0.5615162,0.1153191,1.853155
58,42,013,Neck,0.5645992,0.4326295,1.862784
58,42,013,Head,0.642208,0.5420577,1.878404
58,42,013,ShoulderLeft,0.4769289,0.2772382,1.753832
58,42,013,ElbowLeft,0.4376329,0.04343326,1.703705
58,42,013,WristLeft,0.4957952,-0.1536036,1.652285
58,42,013,HandLeft,0.5309375,-0.2145877,1.656614
58,42,013,ShoulderRight,0.6463783,0.2963554,1.967189
58,42,013,ElbowRight,0.679457,0.04309294,1.998657
58,42,013,WristRight,0.8472397,-0.1365314,1.921667
58,42,013,HandRight,0.8952669,-0.1881344,1.898772
58,42,013,HipLeft,0.5068432,-0.2020664,1.75961
58,42,013,KneeLeft,0.6056435,-0.4836918,1.690364
58,42,013,AnkleLeft,0.7628609,-0.7419742,1.602306
58,42,013,FootLeft,0.8258231,-0.7761192,1.513409
58,42,013,HipRight,0.5902957,-0.2230066,1.82214
58,42,013,KneeRight,0.7097442,-0.4805925,1.637871
58,42,013,AnkleRight,0.525359,-0.6894802,1.874258
58,42,013,FootRight,0.5932822,-0.7254344,1.782758
58,42,013,SpineShoulder,0.5626373,0.3554841,1.864216
58,42,013,HandTipLeft,0.5446298,-0.2894794,1.628986
58,42,013,ThumbLeft,0.5786381,-0.1829628,1.63007
58,42,013,HandTipRight,0.9419861,-0.2444079,1.879218
58,42,013,ThumbRight,0.9115013,-0.1933001,1.835355
58,42,049,SpineBase,0.5667025,-0.217986,1.813932
58,42,049,SpineMid,0.5790055,0.1140948,1.835919
58,42,049,Neck,0.5877799,0.4331594,1.845712
58,42,049,Head,0.6734947,0.5345721,1.853599
58,42,049,ShoulderLeft,0.4957842,0.2735308,1.737309
58,42,049,ElbowLeft,0.4812563,0.02006791,1.685892
58,42,049,WristLeft,0.5189946,-0.2284916,1.621097
58,42,049,HandLeft,0.5722997,-0.3579988,1.61966
58,42,049,ShoulderRight,0.6694533,0.2968557,1.950144
58,42,049,ElbowRight,0.7023098,0.04356045,1.981689
58,42,049,WristRight,0.8613742,-0.1460221,1.911127
58,42,049,HandRight,0.9485823,-0.2478394,1.864069
58,42,049,HipLeft,0.5143049,-0.2039415,1.750219
58,42,049,KneeLeft,0.7381257,-0.3738233,1.617563
58,42,049,AnkleLeft,0.7581844,-0.6671426,1.589998
58,42,049,FootLeft,0.815918,-0.7285156,1.525391
58,42,049,HipRight,0.5977209,-0.2233847,1.809517
58,42,049,KneeRight,0.7362457,-0.4932216,1.616983
58,42,049,AnkleRight,0.5563657,-0.6970446,1.860861
58,42,049,FootRight,0.6227265,-0.7336249,1.768865
58,42,049,SpineShoulder,0.5871927,0.3551596,1.844645
58,42,049,HandTipLeft,0.5923005,-0.405646,1.652728
58,42,049,ThumbLeft,0.6288863,-0.3357121,1.607935
58,42,050,HandTipRight,0.980448,-0.2903209,1.842774
58,42,050,ThumbRight,0.9391888,-0.2233964,1.81375
58,42,079,SpineBase,0.5708767,-0.2255031,1.805486
58,42,079,SpineMid,0.5911266,0.1120109,1.824401
58,42,079,Neck,0.6137034,0.4397612,1.826855
58,42,079,Head,0.6982543,0.5438119,1.836704
58,42,079,ShoulderLeft,0.5225459,0.2767135,1.719129
58,42,079,ElbowLeft,0.5086339,0.03104274,1.673332
58,42,079,WristLeft,0.5739183,-0.2085205,1.596933
58,42,079,HandLeft,0.5969985,-0.2727244,1.596622
58,42,079,ShoulderRight,0.6952621,0.3034059,1.931335
58,42,079,ElbowRight,0.7278761,0.05002696,1.962988
58,42,079,WristRight,0.8720867,-0.1521324,1.895281
58,42,079,HandRight,0.9172238,-0.2088267,1.865838
58,42,079,HipLeft,0.5177484,-0.2106402,1.750075
58,42,080,KneeLeft,0.7433586,-0.3720164,1.609912
58,42,080,AnkleLeft,0.7580903,-0.6672663,1.590121
58,42,080,FootLeft,0.8158264,-0.7286378,1.525513
58,42,080,HipRight,0.6036715,-0.2334519,1.784024
58,42,080,KneeRight,0.7406909,-0.4986551,1.607419
58,42,080,AnkleRight,0.5810033,-0.7123715,1.855722
58,42,080,FootRight,0.6467254,-0.749989,1.764622
58,42,080,SpineShoulder,0.6077085,0.3589009,1.828961
58,42,080,HandTipLeft,0.595982,-0.3426675,1.579073
58,42,080,ThumbLeft,0.6335473,-0.2660783,1.58083
58,42,080,HandTipRight,0.9524016,-0.2600627,1.83818
58,42,080,ThumbRight,0.9359666,-0.2233615,1.806772
58,42,116,SpineBase,0.6239762,-0.1938674,1.750329
58,42,116,SpineMid,0.6349337,0.1407519,1.785558
58,42,116,Neck,0.6353582,0.4571944,1.812145
58,42,116,Head,0.7269098,0.5556843,1.819599
58,42,116,ShoulderLeft,0.5435138,0.2909458,1.703453
58,42,116,ElbowLeft,0.5560696,0.03351341,1.64405
58,42,116,WristLeft,0.6459752,-0.2029331,1.59169
58,42,116,HandLeft,0.6213716,-0.2643652,1.578107
58,42,116,ShoulderRight,0.7168312,0.3207607,1.916699
58,42,116,ElbowRight,0.7492596,0.06721428,1.948481
58,42,116,WristRight,0.871981,-0.1495077,1.882258
58,42,116,HandRight,0.9041821,-0.1670573,1.861423
58,42,116,HipLeft,0.5707126,-0.1831124,1.692117
58,42,116,KneeLeft,0.7340488,-0.3610018,1.595361
58,42,116,AnkleLeft,0.7422262,-0.6575743,1.584725
58,42,116,FootLeft,0.7608327,-0.7233409,1.591781
58,42,116,HipRight,0.6532856,-0.1971916,1.741532
58,42,116,KneeRight,0.734374,-0.4918983,1.603398
58,42,116,AnkleRight,0.6118706,-0.7328202,1.846458
58,42,116,FootRight,0.6775678,-0.7677878,1.754312
58,42,116,SpineShoulder,0.6379579,0.3815557,1.806409
58,42,116,HandTipLeft,0.6041026,-0.3343465,1.56318
58,42,117,ThumbLeft,0.6588109,-0.2590242,1.564686
58,42,117,HandTipRight,0.9452931,-0.2167001,1.827808
58,42,117,ThumbRight,0.8799337,-0.1699833,1.823273
58,42,180,SpineBase,0.6401012,-0.1981464,1.741579
58,42,180,SpineMid,0.6622387,0.1508941,1.770169
58,42,180,Neck,0.6826686,0.4940166,1.783893
58,42,180,Head,0.7761065,0.594139,1.79363
58,42,180,ShoulderLeft,0.5928575,0.3296167,1.674483
58,42,180,ElbowLeft,0.5925313,0.07028457,1.621439
58,42,181,WristLeft,0.6486753,-0.1744096,1.555377
58,42,181,HandLeft,0.6622868,-0.2348926,1.543657
58,42,181,ShoulderRight,0.7639589,0.3574326,1.888607
58,42,181,ElbowRight,0.7959959,0.1035497,1.920676
58,42,181,WristRight,0.8401383,-0.1293907,1.812114
58,42,181,HandRight,0.8747855,-0.2228803,1.774544
58,42,181,HipLeft,0.5831847,-0.1865557,1.694811
58,42,181,KneeLeft,0.7400354,-0.3678519,1.590901
58,42,181,AnkleLeft,0.7548079,-0.6546428,1.584923
58,42,181,FootLeft,0.8168594,-0.6915773,1.495906
58,42,181,HipRight,0.6782159,-0.2035703,1.71149
58,42,181,KneeRight,0.7276217,-0.496993,1.599575
58,42,181,AnkleRight,0.7050601,-0.7830899,1.8196
58,42,181,FootRight,0.7626219,-0.8641779,1.745981
58,42,181,SpineShoulder,0.6801658,0.4107616,1.781483
58,42,181,HandTipLeft,0.6753426,-0.2960121,1.535036
58,42,181,ThumbLeft,0.6647787,-0.2401225,1.508301
58,42,181,HandTipRight,0.8647056,-0.2666081,1.734446
58,42,181,ThumbRight,0.8026443,-0.1825414,1.700667
58,42,213,SpineBase,0.6852394,-0.1814889,1.741091
58,42,213,SpineMid,0.686825,0.1634178,1.765123
58,42,213,Neck,0.6897054,0.49775,1.77923
58,42,213,Head,0.7829012,0.5987151,1.789808
58,42,213,ShoulderLeft,0.5968703,0.3326252,1.671828
58,42,213,ElbowLeft,0.5967597,0.07333887,1.618349
58,42,213,WristLeft,0.6762026,-0.1480121,1.549425
58,42,213,HandLeft,0.685508,-0.2225262,1.553615
58,42,213,ShoulderRight,0.770967,0.3611484,1.883964
58,42,213,ElbowRight,0.8029428,0.1072301,1.916072
58,42,213,WristRight,0.7531294,-0.0886554,1.746411
58,42,213,HandRight,0.7633185,-0.1283663,1.629296
58,42,213,HipLeft,0.6316974,-0.1647827,1.6813
58,42,213,KneeLeft,0.7471545,-0.3729762,1.566388
58,42,213,AnkleLeft,0.791165,-0.7380161,1.598642
58,42,213,FootLeft,0.7828977,-0.8049482,1.664902
58,42,213,HipRight,0.7143717,-0.1906057,1.732947
58,42,213,KneeRight,0.7255487,-0.4982487,1.597237
58,42,213,AnkleRight,0.7834253,-0.7918165,1.798454
58,42,213,FootRight,0.8026655,-0.8370803,1.663443
58,42,213,SpineShoulder,0.6887833,0.4153751,1.777426
58,42,213,HandTipLeft,0.7139757,-0.2916629,1.535692
58,42,213,ThumbLeft,0.695461,-0.214688,1.502429
58,42,213,HandTipRight,0.7376241,-0.1961372,1.575525
58,42,215,ThumbRight,0.7143008,-0.09684779,1.592793
58,42,245,SpineBase,0.6854969,-0.1808122,1.741081
58,42,245,SpineMid,0.6917757,0.1666367,1.763248
58,42,245,Neck,0.699898,0.5026144,1.772478
58,42,246,Head,0.7929867,0.602591,1.779392
58,42,246,ShoulderLeft,0.6048459,0.3371838,1.666704
58,42,246,ElbowLeft,0.6055372,0.07874489,1.607915
58,42,246,WristLeft,0.6883214,-0.1462006,1.540858
58,42,246,HandLeft,0.7129596,-0.2057101,1.520311
58,42,246,ShoulderRight,0.7811176,0.3659894,1.877241
58,42,246,ElbowRight,0.8130052,0.1120169,1.909406
58,42,246,WristRight,0.7591486,-0.08566756,1.743137
58,42,246,HandRight,0.7221037,-0.2536756,1.545257
58,42,246,HipLeft,0.6316859,-0.1644176,1.68127
58,42,246,KneeLeft,0.7519369,-0.3682949,1.562875
58,42,246,AnkleLeft,0.7481502,-0.6775137,1.603748
58,42,246,FootLeft,0.809248,-0.7133948,1.512554
58,42,246,HipRight,0.7147508,-0.1897261,1.733206
58,42,246,KneeRight,0.7608289,-0.45805,1.621833
58,42,246,AnkleRight,0.82783,-0.8213592,1.613546
58,42,246,FootRight,0.888195,-0.8553203,1.523603
58,42,246,SpineShoulder,0.6982577,0.4202636,1.772107
58,42,246,HandTipLeft,0.7324737,-0.2662143,1.513974
58,42,246,ThumbLeft,0.7059861,-0.2132871,1.481128
58,42,246,HandTipRight,0.7197028,-0.2971724,1.530593
58,42,246,ThumbRight,0.7077417,-0.2224912,1.481353
58,42,280,SpineBase,0.6870592,-0.1806741,1.740644
58,42,280,SpineMid,0.6986948,0.1679604,1.760673
58,42,280,Neck,0.7092388,0.5043215,1.767644
58,42,280,Head,0.8013327,0.6047931,1.773068
58,42,280,ShoulderLeft,0.6108223,0.3392213,1.663668
58,42,280,ElbowLeft,0.6139268,0.08145134,1.601449
58,42,280,WristLeft,0.7197452,-0.141539,1.521685
58,42,280,HandLeft,0.7332797,-0.2007152,1.533512
58,42,280,ShoulderRight,0.7904183,0.3676874,1.872424
58,42,280,ElbowRight,0.7727228,0.171551,1.744616
58,42,280,WristRight,0.7473757,-0.06632298,1.636995
58,42,280,HandRight,0.7396266,-0.1108395,1.573704
58,42,280,HipLeft,0.6326528,-0.1648639,1.680961
58,42,280,KneeLeft,0.7883414,-0.3430728,1.567838
58,42,280,AnkleLeft,0.7940181,-0.7131109,1.587662
58,42,280,FootLeft,0.8535131,-0.7488292,1.496255
58,42,280,HipRight,0.7165769,-0.1889367,1.732948
58,42,280,KneeRight,0.7140353,-0.5058376,1.596432
58,42,280,AnkleRight,0.8306776,-0.8537585,1.612933
58,42,280,FootRight,0.8901998,-0.8876267,1.522416
58,42,280,SpineShoulder,0.7072976,0.4219863,1.767858
58,42,280,HandTipLeft,0.7699408,-0.2593816,1.510133
58,42,280,ThumbLeft,0.7563201,-0.1915013,1.484689
58,42,280,HandTipRight,0.7228197,-0.1695915,1.496684
58,42,280,ThumbRight,0.672586,-0.06181374,1.514706
58,42,311,SpineBase,0.6967837,-0.1770608,1.734157
58,42,311,SpineMid,0.7101455,0.1701381,1.755738
58,42,311,Neck,0.7191648,0.5042126,1.765014
58,42,311,Head,0.8073007,0.6060168,1.765985
58,42,311,ShoulderLeft,0.6157378,0.3402244,1.663254
58,42,311,ElbowLeft,0.6261966,0.08393156,1.595378
58,42,311,WristLeft,0.7277474,-0.1406243,1.514086
58,42,311,HandLeft,0.7583197,-0.1933635,1.520578
58,42,311,ShoulderRight,0.8003016,0.3675817,1.869805
58,42,311,ElbowRight,0.7805991,0.1738427,1.738336
58,42,311,WristRight,0.7520138,-0.06408508,1.631548
58,42,311,HandRight,0.7403681,-0.1029254,1.561722
58,42,311,HipLeft,0.6411605,-0.1636307,1.677429
58,42,311,KneeLeft,0.7826053,-0.3570128,1.572623
58,42,311,AnkleLeft,0.7831448,-0.7268937,1.594183
58,42,311,FootLeft,0.8417425,-0.7622204,1.501283
58,42,311,HipRight,0.7261694,-0.1830227,1.723877
58,42,311,KneeRight,0.7128716,-0.5019691,1.594413
58,42,311,AnkleRight,0.8358094,-0.8462974,1.623064
58,42,311,FootRight,0.8941527,-0.8801653,1.531004
58,42,311,SpineShoulder,0.7176637,0.4224433,1.764708
58,42,311,HandTipLeft,0.8101508,-0.2490753,1.508175
58,42,311,ThumbLeft,0.7100582,-0.2377302,1.540031
58,42,311,HandTipRight,0.7349192,-0.1560762,1.485045
58,42,311,ThumbRight,0.6782867,-0.04662484,1.507723
58,42,345,SpineBase,0.7007363,-0.1730163,1.744595
58,42,345,SpineMid,0.7155583,0.1707076,1.759332
58,42,345,Neck,0.7278889,0.5019304,1.764452
58,42,345,Head,0.8113526,0.6057777,1.762393
58,42,345,ShoulderLeft,0.620062,0.3404225,1.665057
58,42,345,ElbowLeft,0.6364147,0.0853894,1.593469
58,42,345,WristLeft,0.739558,-0.1372771,1.508765
58,42,345,HandLeft,0.768383,-0.1819304,1.502723
58,42,345,ShoulderRight,0.8089874,0.3653142,1.869244
58,42,345,ElbowRight,0.7870056,0.1753411,1.732297
58,42,345,WristRight,0.7558144,-0.06238846,1.625672
58,42,345,HandRight,0.7398055,-0.09352423,1.556273
58,42,345,HipLeft,0.6451745,-0.160093,1.68795
58,42,345,KneeLeft,0.8483757,-0.4111744,1.651705
58,42,345,AnkleLeft,0.7475066,-0.6636687,1.592566
58,42,345,FootLeft,0.7735952,-0.7343655,1.563502
58,42,345,HipRight,0.7299588,-0.1789208,1.734895
58,42,345,KneeRight,0.7142545,-0.5001758,1.593345
58,42,345,AnkleRight,0.833637,-0.8463451,1.617762
58,42,345,FootRight,0.8908007,-0.8806313,1.524735
58,42,345,SpineShoulder,0.725208,0.4210347,1.76528
58,42,345,HandTipLeft,0.8083239,-0.2409764,1.494895
58,42,345,ThumbLeft,0.7311712,-0.2271927,1.560658
58,42,345,HandTipRight,0.7512954,-0.1409907,1.48653
58,42,345,ThumbRight,0.6822125,-0.03046997,1.507318
58,42,381,SpineBase,0.7043774,-0.1690779,1.751429
58,42,381,SpineMid,0.7220247,0.1709366,1.763198
58,42,381,Neck,0.7377371,0.4978385,1.764967
58,42,381,Head,0.8098952,0.6057047,1.757147
58,42,381,ShoulderLeft,0.6254621,0.3406902,1.672172
58,42,381,ElbowLeft,0.6430537,0.0865295,1.59752
58,42,381,WristLeft,0.7435252,-0.117377,1.506316
58,42,381,HandLeft,0.7664105,-0.1633335,1.476632
58,42,381,ShoulderRight,0.8187919,0.3612465,1.869756
58,42,381,ElbowRight,0.809768,0.1767806,1.723985
58,42,381,WristRight,0.7855375,-0.03309708,1.566165
58,42,381,HandRight,0.7763259,-0.1290128,1.48962
58,42,381,HipLeft,0.6479221,-0.1555874,1.695762
58,42,381,KneeLeft,0.8484373,-0.4106044,1.65137
58,42,381,AnkleLeft,0.7484038,-0.6629893,1.590085
58,42,381,FootLeft,0.7805873,-0.7304,1.55788
58,42,381,HipRight,0.7343232,-0.1758152,1.740991
58,42,381,KneeRight,0.7156857,-0.4979159,1.591956
58,42,381,AnkleRight,0.833747,-0.8449729,1.612742
58,42,381,FootRight,0.8889904,-0.879575,1.517963
58,42,381,SpineShoulder,0.7342266,0.4181295,1.766675
58,42,381,HandTipLeft,0.7973286,-0.2258182,1.472296
58,42,382,ThumbLeft,0.7425819,-0.1855199,1.448575
58,42,382,HandTipRight,0.7854238,-0.1650719,1.45092
58,42,382,ThumbRight,0.7356039,-0.08731917,1.481727
58,42,413,SpineBase,0.810421,-0.1564119,1.756194
58,42,413,SpineMid,0.7849545,0.1715195,1.767607
58,42,413,Neck,0.7446247,0.4934792,1.765597
58,42,414,Head,0.8077651,0.6022894,1.751894
58,42,414,ShoulderLeft,0.6307658,0.3408443,1.685996
58,42,414,ElbowLeft,0.6489357,0.0880563,1.606396
58,42,414,WristLeft,0.744979,-0.1166985,1.505306
58,42,414,HandLeft,0.7720832,-0.1647984,1.470311
58,42,414,ShoulderRight,0.8256477,0.3569097,1.870379
58,42,414,ElbowRight,0.857173,0.1030167,1.902658
58,42,414,WristRight,0.9476787,-0.09721841,1.761761
58,42,414,HandRight,0.9699692,-0.1210424,1.743196
58,42,414,HipLeft,0.7528042,-0.1471229,1.701827
58,42,414,KneeLeft,0.8484203,-0.4105605,1.651381
58,42,414,AnkleLeft,0.763836,-0.6688576,1.593742
58,42,414,FootLeft,0.791332,-0.7738966,1.569301
58,42,414,HipRight,0.8381066,-0.1599275,1.745834
58,42,414,KneeRight,0.7379138,-0.4820815,1.607664
58,42,414,AnkleRight,0.8333869,-0.8381409,1.603654
58,42,414,FootRight,0.8865052,-0.8699467,1.504851
58,42,414,SpineShoulder,0.7512872,0.413219,1.767963
58,42,414,HandTipLeft,0.8092738,-0.2113854,1.455796
58,42,414,ThumbLeft,0.7727106,-0.22073,1.481
58,42,414,HandTipRight,0.9684404,-0.1417121,1.721499
58,42,414,ThumbRight,0.9353851,-0.1540101,1.696
58,42,446,SpineBase,0.810545,-0.1564968,1.756297
58,42,446,SpineMid,0.7855518,0.1708788,1.767649
58,42,446,Neck,0.7523803,0.4868622,1.765576
58,42,447,Head,0.8052924,0.5956651,1.746008
58,42,447,ShoulderLeft,0.6331378,0.3407347,1.701038
58,42,447,ElbowLeft,0.6527421,0.08916622,1.617694
58,42,447,WristLeft,0.7481866,-0.1206726,1.504258
58,42,447,HandLeft,0.7696936,-0.1654909,1.470774
58,42,447,ShoulderRight,0.8333653,0.3503215,1.870347
58,42,447,ElbowRight,0.8648238,0.09649195,1.902627
58,42,447,WristRight,0.9119266,-0.1357028,1.794127
58,42,447,HandRight,0.9292257,-0.2129489,1.761453
58,42,447,HipLeft,0.7528238,-0.1471686,1.701951
58,42,447,KneeLeft,0.7395722,-0.4710013,1.597396
58,42,447,AnkleLeft,0.7995443,-0.7523075,1.598094
58,42,447,FootLeft,0.8490021,-0.7853836,1.495189
58,42,447,HipRight,0.8384197,-0.1600881,1.745922
58,42,447,KneeRight,0.7288255,-0.4765118,1.598577
58,42,447,AnkleRight,0.8336411,-0.8292947,1.606452
58,42,447,FootRight,0.882877,-0.8613749,1.504151
58,42,447,SpineShoulder,0.7589265,0.4086884,1.76806
58,42,447,HandTipLeft,0.809103,-0.2109827,1.459656
58,42,447,ThumbLeft,0.7875381,-0.2188133,1.48225
58,42,447,HandTipRight,0.9279077,-0.2331612,1.739679
58,42,447,ThumbRight,0.8951361,-0.244859,1.714089
58,42,481,SpineBase,0.8116114,-0.156041,1.756645
58,42,481,SpineMid,0.788193,0.1690134,1.768035
58,42,481,Neck,0.7612252,0.4775733,1.766536
58,42,481,Head,0.8027664,0.5910495,1.740406
58,42,481,ShoulderLeft,0.6327173,0.3419443,1.717755
58,42,481,ElbowLeft,0.6493598,0.08972838,1.635921
58,42,481,WristLeft,0.7449393,-0.1185046,1.510506
58,42,481,HandLeft,0.7597471,-0.1670226,1.475809
58,42,481,ShoulderRight,0.9464115,0.3582844,1.842748
58,42,481,ElbowRight,0.9622077,0.1398267,1.769507
58,42,481,WristRight,0.9827224,-0.107686,1.69231
58,42,481,HandRight,0.9856843,-0.2365237,1.644926
58,42,481,HipLeft,0.752265,-0.146457,1.703091
58,42,481,KneeLeft,0.7327406,-0.4590617,1.61327
58,42,481,AnkleLeft,0.799219,-0.7515196,1.59784
58,42,481,FootLeft,0.8215218,-0.7845477,1.478339
58,42,481,HipRight,0.8440516,-0.1595404,1.745205
58,42,481,KneeRight,0.7312774,-0.4759999,1.603057
58,42,481,AnkleRight,0.830502,-0.8308144,1.605417
58,42,481,FootRight,0.8526258,-0.8627993,1.486522
58,42,481,SpineShoulder,0.7674412,0.4017795,1.768942
58,42,481,HandTipLeft,0.7938838,-0.2087359,1.459003
58,42,481,ThumbLeft,0.7968279,-0.1590784,1.47725
58,42,481,HandTipRight,0.9817325,-0.2935576,1.642205
58,42,481,ThumbRight,0.9457986,-0.2188724,1.609572
58,42,514,SpineBase,0.8076437,-0.1502982,1.759901
58,42,514,SpineMid,0.7884604,0.1685555,1.768643
58,42,514,Neck,0.7669849,0.469991,1.767375
58,42,514,Head,0.7981318,0.5880127,1.734115
58,42,514,ShoulderLeft,0.6300163,0.3432145,1.732472
58,42,514,ElbowLeft,0.643554,0.08884008,1.658174
58,42,514,WristLeft,0.7284839,-0.1195187,1.524657
58,42,514,HandLeft,0.7427487,-0.1714254,1.49203
58,42,514,ShoulderRight,0.9571958,0.350163,1.841661
58,42,514,ElbowRight,0.968706,0.1316521,1.767438
58,42,514,WristRight,0.9757425,-0.09401822,1.719272
58,42,514,HandRight,0.9699035,-0.1414003,1.710369
58,42,514,HipLeft,0.7366683,-0.1419047,1.710112
58,42,514,KneeLeft,0.7252795,-0.4437042,1.639612
58,42,514,AnkleLeft,0.7997614,-0.7505799,1.598695
58,42,514,FootLeft,0.8170379,-0.7837346,1.477368
58,42,514,HipRight,0.8454516,-0.1503629,1.747373
58,42,514,KneeRight,0.7414042,-0.464543,1.616207
58,42,514,AnkleRight,0.8299054,-0.8228105,1.608746
58,42,514,FootRight,0.890625,-0.8193359,1.658203
58,42,514,SpineShoulder,0.7717001,0.3968291,1.769897
58,42,515,HandTipLeft,0.7727146,-0.2148163,1.472974
58,42,515,ThumbLeft,0.7679185,-0.1490207,1.501857
58,42,515,HandTipRight,0.9770805,-0.2415355,1.634808
58,42,515,ThumbRight,0.9146245,-0.1238942,1.696
58,42,549,SpineBase,0.8022652,-0.148082,1.767331
58,42,549,SpineMid,0.7886208,0.1664787,1.771873
58,42,549,Neck,0.7710309,0.4646817,1.768853
58,42,549,Head,0.7928383,0.5849368,1.730403
58,42,550,ShoulderLeft,0.626577,0.3473032,1.748767
58,42,550,ElbowLeft,0.6300318,0.09034396,1.683819
58,42,550,WristLeft,0.7084376,-0.1212175,1.551183
58,42,550,HandLeft,0.7241372,-0.1760116,1.520469
58,42,550,ShoulderRight,0.9605876,0.3466749,1.83362
58,42,550,ElbowRight,1.026601,0.1071297,1.889508
58,42,550,WristRight,0.9714765,-0.104034,1.742277
58,42,550,HandRight,0.9623981,-0.1356681,1.718095
58,42,550,HipLeft,0.7232481,-0.1382662,1.7281
58,42,550,KneeLeft,0.714392,-0.4194412,1.679003
58,42,550,AnkleLeft,0.7879537,-0.7254232,1.628188
58,42,550,FootLeft,0.7987264,-0.7593147,1.504537
58,42,550,HipRight,0.8453214,-0.1501484,1.747931
58,42,550,KneeRight,0.7466046,-0.4599575,1.625559
58,42,550,AnkleRight,0.8331237,-0.8186419,1.622846
58,42,550,FootRight,0.8932272,-0.8204316,1.660942
58,42,550,SpineShoulder,0.77513,0.3922179,1.771892
58,42,550,HandTipLeft,0.7522621,-0.2241496,1.497493
58,42,550,ThumbLeft,0.7772049,-0.157144,1.5595
58,42,550,HandTipRight,0.9627323,-0.2414816,1.625166
58,42,550,ThumbRight,0.9596938,-0.1559666,1.716667
58,42,580,SpineBase,0.7948894,-0.1465019,1.78114
58,42,580,SpineMid,0.7871057,0.1641083,1.777493
58,42,580,Neck,0.7718806,0.4619302,1.769481
58,42,580,Head,0.7803435,0.5816208,1.727448
58,42,580,ShoulderLeft,0.61904,0.351264,1.766414
58,42,580,ElbowLeft,0.6259001,0.09545195,1.696707
58,42,580,WristLeft,0.6858335,-0.1301301,1.578795
58,42,580,HandLeft,0.7034706,-0.190196,1.555824
58,42,580,ShoulderRight,0.955453,0.3390385,1.813653
58,42,580,ElbowRight,0.9995645,0.08888413,1.851433
58,42,580,WristRight,0.9674778,-0.09679538,1.740876
58,42,580,HandRight,0.9561758,-0.1342581,1.71676
58,42,580,HipLeft,0.7142009,-0.1390661,1.746376
58,42,580,KneeLeft,0.715605,-0.420163,1.684958
58,42,580,AnkleLeft,0.7980098,-0.7741589,1.678504
58,42,580,FootLeft,0.7986013,-0.8080913,1.552993
58,42,580,HipRight,0.8436306,-0.1487108,1.752517
58,42,580,KneeRight,0.7644039,-0.4420612,1.647235
58,42,580,AnkleRight,0.9760252,-0.6985084,1.747512
58,42,580,FootRight,0.9594641,-0.777923,1.733653
58,42,580,SpineShoulder,0.7758006,0.3895835,1.773285
58,42,580,HandTipLeft,0.7290155,-0.238516,1.532652
58,42,580,ThumbLeft,0.6874316,-0.2338581,1.6005
58,42,580,HandTipRight,0.9749156,-0.2289189,1.630149
58,42,580,ThumbRight,0.9183331,-0.1402596,1.727375
