59,09,644,SpineBase,-1.69736,-0.2016166,2.964168
59,09,644,SpineMid,-1.680524,0.118763,2.966402
59,09,644,Neck,-1.653307,0.4339491,2.95339
59,09,644,Head,-1.612954,0.5494348,2.969814
59,09,644,ShoulderLeft,-1.706966,0.3126548,2.843953
59,09,644,ElbowLeft,-1.733178,0.1105919,2.751697
59,09,644,WristLeft,-1.602094,-0.1123385,2.757836
59,09,644,HandLeft,-1.576386,-0.1779816,2.791728
59,09,644,ShoulderRight,-1.607455,0.267833,3.043876
59,09,644,ElbowRight,-1.618776,0.01152067,3.048362
59,09,644,WristRight,-1.645332,-0.1692354,3.214618
59,09,644,HandRight,-1.622251,-0.2356211,3.134514
59,09,644,HipLeft,-1.706811,-0.1893701,2.890217
59,09,644,KneeLeft,-1.70575,-0.4726662,2.789392
59,09,644,AnkleLeft,-1.786151,-0.814068,2.861123
59,09,644,FootLeft,-1.680779,-0.8551404,2.790694
59,09,644,HipRight,-1.651594,-0.2101071,2.97559
59,09,644,KneeRight,-1.647435,-0.5320719,2.995305
59,09,645,AnkleRight,-1.749198,-0.785443,3.031218
59,09,645,FootRight,-1.644773,-0.8270618,2.960072
59,09,645,SpineShoulder,-1.659912,0.3549571,2.957203
59,09,645,HandTipLeft,-1.514722,-0.2390411,2.801923
59,09,645,ThumbLeft,-1.574989,-0.180752,2.825715
59,09,645,HandTipRight,-1.616847,-0.2668576,3.13161
59,09,645,ThumbRight,-1.611015,-0.2320605,3.1105
59,09,678,SpineBase,-1.688906,-0.2054969,2.965201
59,09,678,SpineMid,-1.674581,0.1175629,2.965952
59,09,678,Neck,-1.6513,0.4340905,2.95325
59,09,678,Head,-1.609951,0.5485836,2.971346
59,09,678,ShoulderLeft,-1.703856,0.3135683,2.843875
59,09,678,ElbowLeft,-1.734465,0.1101318,2.754514
59,09,678,WristLeft,-1.644292,-0.1159748,2.742802
59,09,678,HandLeft,-1.636487,-0.1920269,2.764029
59,09,678,ShoulderRight,-1.600475,0.2601985,3.036178
59,09,678,ElbowRight,-1.611639,0.003895227,3.040588
59,09,678,WristRight,-1.638144,-0.1769666,3.206715
59,09,678,HandRight,-1.606028,-0.2433583,3.11844
59,09,678,HipLeft,-1.701327,-0.1919735,2.889474
59,09,678,KneeLeft,-1.697563,-0.4751932,2.785126
59,09,678,AnkleLeft,-1.7694,-0.8053856,2.920209
59,09,678,FootLeft,-1.773026,-0.8646613,2.831611
59,09,678,HipRight,-1.640086,-0.2151868,2.979263
59,09,678,KneeRight,-1.644041,-0.5331519,3.001112
59,09,678,AnkleRight,-1.754017,-0.7886674,3.02994
59,09,678,FootRight,-1.650645,-0.8299396,2.95625
59,09,678,SpineShoulder,-1.657711,0.355121,2.957327
59,09,678,HandTipLeft,-1.570313,-0.2541362,2.762155
59,09,678,ThumbLeft,-1.67909,-0.2230087,2.730786
59,09,678,HandTipRight,-1.599433,-0.2653812,3.114623
59,09,678,ThumbRight,-1.597255,-0.2323748,3.088333
59,09,710,SpineBase,-1.674822,-0.2099597,2.97139
59,09,710,SpineMid,-1.665743,0.1170827,2.967221
59,09,710,Neck,-1.647092,0.4357595,2.9525
59,09,710,Head,-1.605126,0.5485402,2.97242
59,09,710,ShoulderLeft,-1.695061,0.3132482,2.842996
59,09,710,ElbowLeft,-1.727693,0.06301118,2.780162
59,09,710,WristLeft,-1.663216,-0.1828213,2.729954
59,09,710,HandLeft,-1.649932,-0.2466476,2.731719
59,09,710,ShoulderRight,-1.596411,0.2594082,3.033166
59,09,710,ElbowRight,-1.607586,0.00311523,3.037605
59,09,710,WristRight,-1.586706,-0.2268478,3.09673
59,09,710,HandRight,-1.575341,-0.2831983,3.074455
59,09,710,HipLeft,-1.688394,-0.1984269,2.890893
59,09,710,KneeLeft,-1.687906,-0.4747743,2.781789
59,09,710,AnkleLeft,-1.771793,-0.8099344,2.860913
59,09,710,FootLeft,-1.666753,-0.8504501,2.789266
59,09,710,HipRight,-1.624869,-0.2172042,2.990785
59,09,710,KneeRight,-1.642765,-0.533756,3.0063
59,09,710,AnkleRight,-1.759652,-0.7940705,3.028172
59,09,710,FootRight,-1.655378,-0.8350366,2.955942
59,09,710,SpineShoulder,-1.652921,0.3565795,2.957324
59,09,710,HandTipLeft,-1.642707,-0.319329,2.725166
59,09,710,ThumbLeft,-1.681004,-0.2721123,2.714
59,09,710,HandTipRight,-1.567694,-0.361635,3.068605
59,09,710,ThumbRight,-1.56874,-0.2887664,3.026
59,09,745,SpineBase,-1.670039,-0.2111731,2.972422
59,09,745,SpineMid,-1.65835,0.1159523,2.967231
59,09,745,Neck,-1.639322,0.4356278,2.951068
59,09,745,Head,-1.599312,0.548434,2.971929
59,09,745,ShoulderLeft,-1.687688,0.3119613,2.839319
59,09,745,ElbowLeft,-1.730287,0.06242575,2.782831
59,09,745,WristLeft,-1.67541,-0.1834481,2.72174
59,09,745,HandLeft,-1.66983,-0.2608157,2.717724
59,09,745,ShoulderRight,-1.588626,0.2569331,3.029675
59,09,745,ElbowRight,-1.599811,0.0006525533,3.034121
59,09,745,WristRight,-1.575775,-0.2201,3.095772
59,09,745,HandRight,-1.559207,-0.270572,3.065109
59,09,745,HipLeft,-1.683417,-0.2004475,2.891124
59,09,745,KneeLeft,-1.683967,-0.4801842,2.781011
59,09,745,AnkleLeft,-1.770707,-0.8104807,2.860608
59,09,745,FootLeft,-1.665882,-0.8511902,2.788765
59,09,746,HipRight,-1.620978,-0.2175837,2.99207
59,09,746,KneeRight,-1.639121,-0.5330974,3.012625
59,09,746,AnkleRight,-1.761967,-0.7982551,3.027951
59,09,746,FootRight,-1.657887,-0.8393854,2.955546
59,09,746,SpineShoulder,-1.645275,0.356368,2.956604
59,09,746,HandTipLeft,-1.656614,-0.3245206,2.698895
59,09,746,ThumbLeft,-1.692027,-0.2523721,2.692773
59,09,746,HandTipRight,-1.532051,-0.3194397,3.06567
59,09,746,ThumbRight,-1.557232,-0.2783889,3.0255
59,09,776,SpineBase,-1.66629,-0.2122133,2.970705
59,09,776,SpineMid,-1.649989,0.115255,2.96342
59,09,776,Neck,-1.625876,0.4362125,2.944578
59,09,776,Head,-1.585675,0.54646,2.966742
59,09,776,ShoulderLeft,-1.673401,0.3095339,2.833086
59,09,776,ElbowLeft,-1.727355,0.06177797,2.781837
59,09,776,WristLeft,-1.711123,-0.1885964,2.720158
59,09,776,HandLeft,-1.715941,-0.2748711,2.699227
59,09,776,ShoulderRight,-1.577702,0.2594168,3.023295
59,09,776,ElbowRight,-1.588921,0.00312021,3.027749
59,09,776,WristRight,-1.544958,-0.221293,3.072709
59,09,776,HandRight,-1.533801,-0.2877596,3.046453
59,09,776,HipLeft,-1.679235,-0.2019008,2.888917
59,09,776,KneeLeft,-1.679542,-0.4843047,2.780553
59,09,776,AnkleLeft,-1.768086,-0.8098697,2.859255
59,09,776,FootLeft,-1.663158,-0.8511774,2.788334
59,09,776,HipRight,-1.617919,-0.2181942,2.990608
59,09,777,KneeRight,-1.635309,-0.5329441,3.013313
59,09,777,AnkleRight,-1.762193,-0.7992958,3.026841
59,09,777,FootRight,-1.657991,-0.8410129,2.955373
59,09,777,SpineShoulder,-1.633223,0.3567155,2.951147
59,09,777,HandTipLeft,-1.720873,-0.3334075,2.666282
59,09,777,ThumbLeft,-1.738705,-0.2835006,2.692
59,09,777,HandTipRight,-1.523558,-0.3537433,3.045056
59,09,777,ThumbRight,-1.540305,-0.2967317,2.996692
59,09,810,SpineBase,-1.662312,-0.2147978,2.958094
59,09,811,SpineMid,-1.642054,0.1129037,2.955202
59,09,811,Neck,-1.614263,0.4337182,2.939924
59,09,811,Head,-1.574423,0.544266,2.961672
59,09,811,ShoulderLeft,-1.661603,0.3069288,2.825251
59,09,811,ElbowLeft,-1.724691,0.06081904,2.780347
59,09,811,WristLeft,-1.731725,-0.1857719,2.703499
59,09,811,HandLeft,-1.741595,-0.2673491,2.704018
59,09,811,ShoulderRight,-1.566611,0.2579252,3.018335
59,09,811,ElbowRight,-1.577855,0.001634178,3.022773
59,09,811,WristRight,-1.538241,-0.2175449,3.073758
59,09,811,HandRight,-1.511785,-0.2694695,3.049819
59,09,811,HipLeft,-1.674843,-0.203458,2.877217
59,09,811,KneeLeft,-1.67548,-0.4883638,2.77742
59,09,811,AnkleLeft,-1.760498,-0.8350377,2.85624
59,09,811,FootLeft,-1.759616,-0.8890288,2.893242
59,09,811,HipRight,-1.614529,-0.2217911,2.976568
59,09,811,KneeRight,-1.628811,-0.5344211,3.013978
59,09,811,AnkleRight,-1.76253,-0.8038359,3.024548
59,09,811,FootRight,-1.65809,-0.8456991,2.953815
59,09,811,SpineShoulder,-1.62255,0.3543818,2.945717
59,09,811,HandTipLeft,-1.776083,-0.3234601,2.659342
59,09,811,ThumbLeft,-1.714201,-0.3080512,2.724
59,09,811,HandTipRight,-1.487448,-0.3203842,3.049392
59,09,811,ThumbRight,-1.511502,-0.2931299,3.003286
59,09,844,SpineBase,-1.657856,-0.2148427,2.955066
59,09,844,SpineMid,-1.632975,0.1127836,2.948904
59,09,844,Neck,-1.601111,0.4336106,2.930715
59,09,844,Head,-1.560161,0.5444707,2.955682
59,09,844,ShoulderLeft,-1.652844,0.3056714,2.819462
59,09,844,ElbowLeft,-1.715494,0.05994365,2.770605
59,09,844,WristLeft,-1.734597,-0.1869039,2.698268
59,09,844,HandLeft,-1.765852,-0.2453854,2.699921
59,09,844,ShoulderRight,-1.554074,0.2570168,3.03029
59,09,844,ElbowRight,-1.561206,0.009862145,3.085692
59,09,844,WristRight,-1.523928,-0.1764888,3.080788
59,09,844,HandRight,-1.496004,-0.2557029,3.06146
59,09,844,HipLeft,-1.668066,-0.2033265,2.873311
59,09,844,KneeLeft,-1.671028,-0.4915648,2.775545
59,09,844,AnkleLeft,-1.758381,-0.8257372,2.860905
59,09,844,FootLeft,-1.65299,-0.8677113,2.79219
59,09,844,HipRight,-1.612024,-0.221895,2.974336
59,09,844,KneeRight,-1.61891,-0.5355812,3.012776
59,09,844,AnkleRight,-1.76216,-0.8042775,3.024209
59,09,844,FootRight,-1.657392,-0.8467699,2.954977
59,09,844,SpineShoulder,-1.610246,0.3543098,2.937254
59,09,844,HandTipLeft,-1.805031,-0.3181573,2.660457
59,09,844,ThumbLeft,-1.700443,-0.2796523,2.7027
59,09,844,HandTipRight,-1.47162,-0.3196419,3.033009
59,09,844,ThumbRight,-1.48715,-0.2673616,3.016572
59,09,877,SpineBase,-1.644267,-0.2162537,2.940048
59,09,877,SpineMid,-1.61714,0.1104797,2.934808
59,09,877,Neck,-1.584483,0.4305476,2.918675
59,09,877,Head,-1.537102,0.5393063,2.94222
59,09,877,ShoulderLeft,-1.636668,0.3048938,2.806257
59,09,877,ElbowLeft,-1.70498,0.06132282,2.754268
59,09,877,WristLeft,-1.75987,-0.1829129,2.698528
59,09,877,HandLeft,-1.793762,-0.2442087,2.673437
59,09,877,ShoulderRight,-1.535333,0.2475713,3.020149
59,09,877,ElbowRight,-1.55326,0.003694919,3.082953
59,09,877,WristRight,-1.508282,-0.1809607,3.081102
59,09,877,HandRight,-1.470071,-0.2568455,3.056565
59,09,877,HipLeft,-1.655507,-0.2034472,2.859898
59,09,877,KneeLeft,-1.661603,-0.4938785,2.771192
59,09,877,AnkleLeft,-1.759606,-0.8334334,2.861856
59,09,877,FootLeft,-1.755448,-0.8881494,2.898927
59,09,877,HipRight,-1.598062,-0.2245791,2.957849
59,09,877,KneeRight,-1.607476,-0.5373663,3.005949
59,09,877,AnkleRight,-1.756311,-0.8037117,3.020318
59,09,877,FootRight,-1.651825,-0.8462788,2.950622
59,09,877,SpineShoulder,-1.593723,0.3514553,2.924719
59,09,877,HandTipLeft,-1.824457,-0.3028758,2.631578
59,09,877,ThumbLeft,-1.768329,-0.2523157,2.605222
59,09,878,HandTipRight,-1.445622,-0.3190846,3.03789
59,09,878,ThumbRight,-1.464142,-0.2503524,3.021833
59,09,911,SpineBase,-1.631866,-0.2157327,2.926157
59,09,911,SpineMid,-1.60245,0.1095901,2.919615
59,09,911,Neck,-1.567088,0.428012,2.901782
59,09,911,Head,-1.517616,0.5352367,2.9272
59,09,911,ShoulderLeft,-1.625814,0.3024797,2.795806
59,09,911,ElbowLeft,-1.700222,0.06095229,2.743658
59,09,911,WristLeft,-1.76621,-0.1719274,2.656056
59,09,911,HandLeft,-1.796701,-0.2482011,2.639791
59,09,911,ShoulderRight,-1.524898,0.2506186,3.024482
59,09,911,ElbowRight,-1.537228,0.004766638,3.08281
59,09,911,WristRight,-1.481436,-0.1915435,3.079845
59,09,911,HandRight,-1.444979,-0.2764018,3.057784
59,09,911,HipLeft,-1.640223,-0.2021928,2.842408
59,09,911,KneeLeft,-1.654269,-0.5075095,2.767202
59,09,911,AnkleLeft,-1.762483,-0.8330015,2.858268
59,09,911,FootLeft,-1.656511,-0.8753926,2.791468
59,09,911,HipRight,-1.588349,-0.2245762,2.94706
59,09,911,KneeRight,-1.587194,-0.537884,2.990247
59,09,911,AnkleRight,-1.738051,-0.796472,3.013695
59,09,911,FootRight,-1.632863,-0.8394781,2.946257
59,09,911,SpineShoulder,-1.577008,0.3493645,2.908278
59,09,911,HandTipLeft,-1.833343,-0.3122087,2.669251
59,09,911,ThumbLeft,-1.777685,-0.2525442,2.578889
59,09,911,HandTipRight,-1.424973,-0.3366131,3.039249
59,09,911,ThumbRight,-1.431217,-0.2903722,3.014667
59,09,942,SpineBase,-1.618359,-0.2177193,2.913152
59,09,942,SpineMid,-1.583219,0.1027799,2.903794
59,09,943,Neck,-1.541257,0.4152077,2.882881
59,09,943,Head,-1.497239,0.5287624,2.911378
59,09,943,ShoulderLeft,-1.60437,0.2969263,2.78119
59,09,943,ElbowLeft,-1.686072,0.05846731,2.726343
59,09,943,WristLeft,-1.741287,-0.1436315,2.628654
59,09,943,HandLeft,-1.773064,-0.229965,2.609121
59,09,943,ShoulderRight,-1.50637,0.2601957,3.017282
59,09,943,ElbowRight,-1.519761,0.01520662,3.07826
59,09,943,WristRight,-1.46936,-0.1943855,3.080638
59,09,943,HandRight,-1.427475,-0.2784096,3.064902
59,09,943,HipLeft,-1.626316,-0.2034598,2.829322
59,09,943,KneeLeft,-1.646379,-0.5097727,2.759182
59,09,943,AnkleLeft,-1.762543,-0.8339844,2.858361
59,09,943,FootLeft,-1.656273,-0.8773088,2.793589
59,09,943,HipRight,-1.575752,-0.2272161,2.93451
59,09,943,KneeRight,-1.559611,-0.5432162,2.957172
59,09,943,AnkleRight,-1.700434,-0.7875306,2.99986
59,09,943,FootRight,-1.595166,-0.8314973,2.934318
59,09,943,SpineShoulder,-1.552891,0.3381654,2.890175
59,09,943,HandTipLeft,-1.787911,-0.2905468,2.597319
59,09,943,ThumbLeft,-1.75576,-0.2547074,2.5375
59,09,943,HandTipRight,-1.407116,-0.3391923,3.05473
59,09,943,ThumbRight,-1.409374,-0.3307757,3.019667
59,09,978,SpineBase,-1.601089,-0.221178,2.898027
59,09,978,SpineMid,-1.563875,0.09684196,2.890613
59,09,978,Neck,-1.521328,0.4079606,2.872243
59,09,978,Head,-1.472646,0.525306,2.896739
59,09,978,ShoulderLeft,-1.582534,0.2923179,2.765731
59,09,978,ElbowLeft,-1.658489,0.05267099,2.705478
59,09,978,WristLeft,-1.724686,-0.1750292,2.603925
59,09,978,HandLeft,-1.756315,-0.2460249,2.58118
59,09,978,ShoulderRight,-1.48582,0.2563348,3.003734
59,09,978,ElbowRight,-1.499143,0.01407735,3.072793
59,09,978,WristRight,-1.429627,-0.2271279,3.087366
59,09,978,HandRight,-1.404375,-0.309291,3.070132
59,09,978,HipLeft,-1.60795,-0.2071285,2.812858
59,09,979,KneeLeft,-1.637479,-0.5113007,2.749735
59,09,979,AnkleLeft,-1.751269,-0.8205535,2.845996
59,09,979,FootLeft,-1.644788,-0.8640511,2.781869
59,09,979,HipRight,-1.559621,-0.2304335,2.920536
59,09,979,KneeRight,-1.532203,-0.5303779,2.901974
59,09,979,AnkleRight,-1.668423,-0.7842488,2.981942
59,09,979,FootRight,-1.563098,-0.8282624,2.916995
59,09,979,SpineShoulder,-1.532963,0.3311271,2.878864
59,09,979,HandTipLeft,-1.768184,-0.2958079,2.563154
59,09,979,ThumbLeft,-1.731015,-0.2399282,2.516727
59,09,979,HandTipRight,-1.39705,-0.3721824,3.074232
59,09,979,ThumbRight,-1.383469,-0.2999538,3.0404
59,10,010,SpineBase,-1.584436,-0.2254759,2.884509
59,10,010,SpineMid,-1.540236,0.093173,2.875434
59,10,010,Neck,-1.489137,0.4054029,2.854881
59,10,010,Head,-1.43872,0.5207694,2.881171
59,10,010,ShoulderLeft,-1.551591,0.2860946,2.747855
59,10,010,ElbowLeft,-1.627563,0.08783455,2.668491
59,10,010,WristLeft,-1.642545,-0.088774,2.593773
59,10,010,HandLeft,-1.676892,-0.1623299,2.569114
59,10,010,ShoulderRight,-1.456306,0.2489766,2.982073
59,10,010,ElbowRight,-1.475663,0.0130419,3.065565
59,10,010,WristRight,-1.425072,-0.2196184,3.089029
59,10,010,HandRight,-1.390974,-0.3046734,3.07918
59,10,010,HipLeft,-1.592986,-0.2124598,2.801578
59,10,011,KneeLeft,-1.621089,-0.5106224,2.730958
59,10,011,AnkleLeft,-1.7519,-0.8208416,2.847175
59,10,011,FootLeft,-1.646126,-0.8654057,2.782866
59,10,011,HipRight,-1.541322,-0.2334406,2.904508
59,10,011,KneeRight,-1.487934,-0.5245414,2.872843
59,10,011,AnkleRight,-1.623338,-0.7911984,2.948743
59,10,011,FootRight,-1.518943,-0.8360994,2.883538
59,10,011,SpineShoulder,-1.503069,0.3282503,2.862102
59,10,011,HandTipLeft,-1.700859,-0.2363461,2.535099
59,10,011,ThumbLeft,-1.687379,-0.225132,2.5
59,10,011,HandTipRight,-1.380937,-0.3661378,3.085265
59,10,011,ThumbRight,-1.383034,-0.3090787,3.034096
59,10,045,SpineBase,-1.548826,-0.2253377,2.86811
59,10,045,SpineMid,-1.505888,0.09405924,2.85932
59,10,045,Neck,-1.458582,0.4067335,2.839699
59,10,045,Head,-1.406804,0.5205154,2.860586
59,10,045,ShoulderLeft,-1.518095,0.2866828,2.731865
59,10,045,ElbowLeft,-1.595607,0.1052053,2.654871
59,10,045,WristLeft,-1.625269,-0.1346744,2.562644
59,10,045,HandLeft,-1.656913,-0.2625213,2.509065
59,10,045,ShoulderRight,-1.436174,0.2447027,2.970406
59,10,045,ElbowRight,-1.453063,0.01073989,3.058959
59,10,045,WristRight,-1.412396,-0.21675,3.088224
59,10,045,HandRight,-1.376807,-0.306405,3.085794
59,10,045,HipLeft,-1.550659,-0.2135528,2.78018
59,10,045,KneeLeft,-1.598091,-0.4997818,2.717775
59,10,045,AnkleLeft,-1.748486,-0.8057104,2.841527
59,10,046,FootLeft,-1.640759,-0.8501955,2.782076
59,10,046,HipRight,-1.512533,-0.2323867,2.892538
59,10,046,KneeRight,-1.437651,-0.5162069,2.857468
59,10,046,AnkleRight,-1.559,-0.8017012,2.910792
59,10,046,FootRight,-1.453042,-0.8461446,2.850336
59,10,046,SpineShoulder,-1.471323,0.3295126,2.846619
59,10,046,HandTipLeft,-1.677873,-0.3153869,2.488405
59,10,046,ThumbLeft,-1.645814,-0.264998,2.444154
59,10,046,HandTipRight,-1.364579,-0.3682599,3.090583
59,10,046,ThumbRight,-1.372159,-0.2988301,3.046
59,10,077,SpineBase,-1.528573,-0.2262063,2.86382
59,10,077,SpineMid,-1.482927,0.09379637,2.853508
59,10,077,Neck,-1.431455,0.4071684,2.831549
59,10,077,Head,-1.3738,0.5164159,2.850251
59,10,077,ShoulderLeft,-1.488826,0.2887506,2.720679
59,10,077,ElbowLeft,-1.564719,0.06748097,2.633548
59,10,077,WristLeft,-1.5668,-0.1418128,2.548018
59,10,077,HandLeft,-1.586888,-0.2338198,2.513696
59,10,077,ShoulderRight,-1.415628,0.2463234,2.967063
59,10,077,ElbowRight,-1.436736,0.01214591,3.054078
59,10,077,WristRight,-1.393376,-0.2157288,3.088978
59,10,077,HandRight,-1.36425,-0.3030259,3.091142
59,10,077,HipLeft,-1.530946,-0.2163609,2.775084
59,10,077,KneeLeft,-1.577705,-0.4852761,2.726126
59,10,077,AnkleLeft,-1.741615,-0.7898962,2.836147
59,10,077,FootLeft,-1.63309,-0.8351492,2.780365
59,10,077,HipRight,-1.492557,-0.2311536,2.889298
59,10,077,KneeRight,-1.387309,-0.5306455,2.845964
59,10,078,AnkleRight,-1.452271,-0.7894763,2.884288
59,10,078,FootRight,-1.346273,-0.8345,2.827161
59,10,078,SpineShoulder,-1.445368,0.3297639,2.839146
59,10,078,HandTipLeft,-1.600312,-0.2822087,2.468249
59,10,078,ThumbLeft,-1.580449,-0.2299152,2.4617
59,10,078,HandTipRight,-1.356759,-0.3675088,3.095431
59,10,078,ThumbRight,-1.35544,-0.3012287,3.041715
59,10,112,SpineBase,-1.492988,-0.2354838,2.857814
59,10,113,SpineMid,-1.448298,0.08557698,2.843508
59,10,113,Neck,-1.398547,0.3999464,2.817759
59,10,113,Head,-1.332344,0.5134338,2.837841
59,10,113,ShoulderLeft,-1.451105,0.2815906,2.703867
59,10,113,ElbowLeft,-1.525026,0.0749143,2.615345
59,10,113,WristLeft,-1.522103,-0.1737592,2.544365
59,10,113,HandLeft,-1.527718,-0.2812232,2.506124
59,10,113,ShoulderRight,-1.368731,0.2349871,2.941929
59,10,113,ElbowRight,-1.414021,0.01290357,3.044302
59,10,113,WristRight,-1.373826,-0.2257984,3.088022
59,10,113,HandRight,-1.350992,-0.3145609,3.095766
59,10,113,HipLeft,-1.497768,-0.2268125,2.773914
59,10,113,KneeLeft,-1.563918,-0.4922135,2.736414
59,10,113,AnkleLeft,-1.742214,-0.7919108,2.83741
59,10,113,FootLeft,-1.634982,-0.8370751,2.777477
59,10,113,HipRight,-1.454451,-0.2389702,2.877844
59,10,113,KneeRight,-1.329091,-0.5089399,2.83262
59,10,113,AnkleRight,-1.382926,-0.8429825,2.844819
59,10,113,FootRight,-1.27872,-0.8872338,2.783489
59,10,113,SpineShoulder,-1.411928,0.3223007,2.82627
59,10,113,HandTipLeft,-1.540815,-0.3431532,2.504752
59,10,113,ThumbLeft,-1.504801,-0.277306,2.442125
59,10,113,HandTipRight,-1.3513,-0.3787316,3.108579
59,10,113,ThumbRight,-1.361032,-0.3776282,3.091
59,10,144,SpineBase,-1.457438,-0.243126,2.852844
59,10,144,SpineMid,-1.409839,0.08007264,2.833001
59,10,144,Neck,-1.356375,0.3966758,2.800801
59,10,144,Head,-1.296255,0.5036681,2.822474
59,10,144,ShoulderLeft,-1.419535,0.2755114,2.691388
59,10,144,ElbowLeft,-1.48712,0.07114488,2.605834
59,10,144,WristLeft,-1.455102,-0.175851,2.533712
59,10,144,HandLeft,-1.449562,-0.2655934,2.50935
59,10,144,ShoulderRight,-1.344241,0.2293464,2.921653
59,10,145,ElbowRight,-1.389299,0.01128022,3.031192
59,10,145,WristRight,-1.361707,-0.2307485,3.087789
59,10,145,HandRight,-1.332786,-0.3065329,3.089023
59,10,145,HipLeft,-1.46024,-0.2368865,2.768373
59,10,145,KneeLeft,-1.528678,-0.4929672,2.76297
59,10,145,AnkleLeft,-1.735087,-0.7833219,2.836063
59,10,145,FootLeft,-1.627885,-0.8293019,2.777428
59,10,145,HipRight,-1.422469,-0.2440341,2.873635
59,10,145,KneeRight,-1.279727,-0.5033165,2.82115
59,10,145,AnkleRight,-1.277635,-0.7992621,2.81988
59,10,145,FootRight,-1.174219,-0.8445205,2.759439
59,10,145,SpineShoulder,-1.370765,0.3184648,2.811038
59,10,145,HandTipLeft,-1.443714,-0.3205192,2.474608
59,10,145,ThumbLeft,-1.43142,-0.2071234,2.476813
59,10,145,HandTipRight,-1.318233,-0.3662992,3.09832
59,10,145,ThumbRight,-1.324304,-0.3211681,3.046357
59,10,180,SpineBase,-1.429225,-0.2454257,2.846028
59,10,180,SpineMid,-1.377816,0.07351763,2.823127
59,10,180,Neck,-1.321541,0.3852545,2.788267
59,10,181,Head,-1.2594,0.4942022,2.809036
59,10,181,ShoulderLeft,-1.385413,0.2715142,2.679387
59,10,181,ElbowLeft,-1.459814,0.06801079,2.594434
59,10,181,WristLeft,-1.397228,-0.1771837,2.537538
59,10,181,HandLeft,-1.369877,-0.2896847,2.498527
59,10,181,ShoulderRight,-1.299738,0.2373089,2.893381
59,10,181,ElbowRight,-1.354984,0.02579325,3.009198
59,10,181,WristRight,-1.331886,-0.2175449,3.074358
59,10,181,HandRight,-1.316932,-0.2877202,3.08537
59,10,181,HipLeft,-1.43721,-0.2397415,2.763594
59,10,181,KneeLeft,-1.533414,-0.5004657,2.762079
59,10,181,AnkleLeft,-1.72676,-0.7661881,2.820046
59,10,181,FootLeft,-1.621894,-0.8129056,2.755971
59,10,181,HipRight,-1.388471,-0.2454622,2.864207
59,10,181,KneeRight,-1.229383,-0.4967102,2.805768
59,10,181,AnkleRight,-1.19243,-0.8280351,2.79468
59,10,181,FootRight,-1.121094,-0.9042969,2.738281
59,10,181,SpineShoulder,-1.336505,0.3083111,2.799107
59,10,181,HandTipLeft,-1.367066,-0.3474801,2.512676
59,10,181,ThumbLeft,-1.336295,-0.2858403,2.467451
59,10,181,HandTipRight,-1.292353,-0.3586341,3.084517
59,10,181,ThumbRight,-1.306601,-0.2877759,3.047545
59,10,214,SpineBase,-1.395243,-0.2506158,2.822778
59,10,214,SpineMid,-1.340168,0.0680408,2.804313
59,10,214,Neck,-1.279783,0.3798355,2.774001
59,10,214,Head,-1.222864,0.4886005,2.79867
59,10,214,ShoulderLeft,-1.351277,0.2640893,2.665942
59,10,214,ElbowLeft,-1.413305,0.09290259,2.571623
59,10,214,WristLeft,-1.352263,-0.1411889,2.513525
59,10,214,HandLeft,-1.312255,-0.2280648,2.495309
59,10,214,ShoulderRight,-1.266266,0.227564,2.883647
59,10,214,ElbowRight,-1.317634,0.009297733,2.990141
59,10,214,WristRight,-1.312897,-0.226868,3.076539
59,10,214,HandRight,-1.305249,-0.2507217,3.076251
59,10,214,HipLeft,-1.402423,-0.2434369,2.736959
59,10,214,KneeLeft,-1.529433,-0.5047414,2.757028
59,10,214,AnkleLeft,-1.727389,-0.7894846,2.83123
59,10,214,FootLeft,-1.622528,-0.836306,2.767815
59,10,214,HipRight,-1.356804,-0.2519038,2.844625
59,10,214,KneeRight,-1.184659,-0.479212,2.796407
59,10,215,AnkleRight,-1.131878,-0.7970556,2.779324
59,10,215,FootRight,-1.031985,-0.8429989,2.71365
59,10,215,SpineShoulder,-1.295852,0.3028576,2.783709
59,10,215,HandTipLeft,-1.272331,-0.2801861,2.470169
59,10,215,ThumbLeft,-1.256572,-0.2705207,2.4665
59,10,215,HandTipRight,-1.29312,-0.2649713,3.066536
59,10,215,ThumbRight,-1.290833,-0.2628277,3.0415
59,10,244,SpineBase,-1.364267,-0.2526145,2.81146
59,10,244,SpineMid,-1.312343,0.06526207,2.796497
59,10,244,Neck,-1.255704,0.3764866,2.7694
59,10,244,Head,-1.184505,0.4894057,2.789944
59,10,244,ShoulderLeft,-1.314711,0.2570379,2.657484
59,10,244,ElbowLeft,-1.391233,0.07770681,2.562948
59,10,244,WristLeft,-1.303619,-0.1609831,2.510746
59,10,244,HandLeft,-1.251946,-0.2487035,2.494868
59,10,245,ShoulderRight,-1.218999,0.228891,2.876468
59,10,245,ElbowRight,-1.277566,0.01362302,2.984573
59,10,245,WristRight,-1.279441,-0.1918916,3.052564
59,10,245,HandRight,-1.28279,-0.2162221,3.059803
59,10,245,HipLeft,-1.377784,-0.2448318,2.731929
59,10,245,KneeLeft,-1.457082,-0.4911456,2.749622
59,10,245,AnkleLeft,-1.686202,-0.7636731,2.82262
59,10,245,FootLeft,-1.58241,-0.8099787,2.755958
59,10,245,HipRight,-1.318071,-0.2547618,2.824835
59,10,245,KneeRight,-1.157654,-0.4784914,2.78915
59,10,245,AnkleRight,-1.084565,-0.8109542,2.767715
59,10,245,FootRight,-0.9859293,-0.8559688,2.698885
59,10,245,SpineShoulder,-1.270743,0.2996269,2.778336
59,10,245,HandTipLeft,-1.217786,-0.3010342,2.498794
59,10,245,ThumbLeft,-1.226308,-0.2699289,2.4497
59,10,245,HandTipRight,-1.271248,-0.2341215,3.044061
59,10,245,ThumbRight,-1.268226,-0.2287086,3.027
59,10,280,SpineBase,-1.31069,-0.2581244,2.786127
59,10,280,SpineMid,-1.258917,0.06221044,2.776987
59,10,280,Neck,-1.202744,0.3756086,2.755956
59,10,280,Head,-1.14525,0.4848964,2.780553
59,10,280,ShoulderLeft,-1.268239,0.2560397,2.641008
59,10,280,ElbowLeft,-1.341437,0.06317335,2.554366
59,10,280,WristLeft,-1.260571,-0.1789695,2.508788
59,10,280,HandLeft,-1.212972,-0.2598644,2.490152
59,10,280,ShoulderRight,-1.176233,0.224145,2.843226
59,10,280,ElbowRight,-1.23123,0.007948231,2.951641
59,10,280,WristRight,-1.22843,-0.1912353,3.021408
59,10,280,HandRight,-1.200922,-0.2732442,3.013616
59,10,280,HipLeft,-1.323658,-0.248498,2.710611
59,10,280,KneeLeft,-1.415791,-0.4907679,2.714591
59,10,280,AnkleLeft,-1.652269,-0.7496818,2.807145
59,10,280,FootLeft,-1.549048,-0.7956116,2.738851
59,10,280,HipRight,-1.26735,-0.2617629,2.797025
59,10,280,KneeRight,-1.105911,-0.5075784,2.765273
59,10,280,AnkleRight,-1.074192,-0.8154095,2.759486
59,10,280,FootRight,-0.9760236,-0.8598998,2.689145
59,10,280,SpineShoulder,-1.21762,0.2982373,2.763357
59,10,280,HandTipLeft,-1.178271,-0.3126278,2.480584
59,10,280,ThumbLeft,-1.218199,-0.2711874,2.454631
59,10,280,HandTipRight,-1.189549,-0.2909558,2.997818
59,10,280,ThumbRight,-1.18675,-0.2852932,2.980688
59,10,311,SpineBase,-1.247233,-0.2528442,2.781346
59,10,311,SpineMid,-1.206892,0.06628798,2.768837
59,10,311,Neck,-1.168778,0.3779514,2.746356
59,10,311,Head,-1.112121,0.4884426,2.769348
59,10,311,ShoulderLeft,-1.233396,0.2590191,2.63111
59,10,311,ElbowLeft,-1.309222,0.05557561,2.548124
59,10,312,WristLeft,-1.24121,-0.1907909,2.506885
59,10,312,HandLeft,-1.195078,-0.2750513,2.486179
59,10,312,ShoulderRight,-1.125788,0.2302748,2.825897
59,10,312,ElbowRight,-1.18102,0.01399747,2.934229
59,10,312,WristRight,-1.178362,-0.1852256,3.003937
59,10,312,HandRight,-1.15085,-0.2672407,2.996145
59,10,312,HipLeft,-1.26266,-0.2444645,2.702418
59,10,312,KneeLeft,-1.325425,-0.4835286,2.699389
59,10,312,AnkleLeft,-1.576609,-0.7342088,2.777007
59,10,312,FootLeft,-1.475969,-0.778353,2.701935
59,10,312,HipRight,-1.202614,-0.2552992,2.795107
59,10,312,KneeRight,-1.070314,-0.5304476,2.748694
59,10,312,AnkleRight,-1.058138,-0.8312311,2.750278
59,10,312,FootRight,-0.9622341,-0.8737185,2.673434
59,10,312,SpineShoulder,-1.179185,0.3010043,2.75394
59,10,312,HandTipLeft,-1.166666,-0.3284612,2.490608
59,10,312,ThumbLeft,-1.183435,-0.2918486,2.4392
59,10,312,HandTipRight,-1.139592,-0.2849626,2.9803
59,10,312,ThumbRight,-1.136945,-0.2793117,2.96311
59,10,347,SpineBase,-1.182069,-0.2474373,2.77032
59,10,347,SpineMid,-1.1555,0.07548491,2.758528
59,10,347,Neck,-1.12709,0.3903729,2.735589
59,10,347,Head,-1.060261,0.498954,2.756731
59,10,347,ShoulderLeft,-1.185953,0.2665027,2.617953
59,10,347,ElbowLeft,-1.267739,0.04318105,2.543365
59,10,347,WristLeft,-1.224801,-0.2082153,2.502049
59,10,347,HandLeft,-1.192791,-0.2907367,2.488774
59,10,347,ShoulderRight,-1.095433,0.2405208,2.818163
59,10,347,ElbowRight,-1.150819,0.02415737,2.926452
59,10,347,WristRight,-1.148252,-0.1751143,2.996127
59,10,347,HandRight,-1.120739,-0.2571326,2.988335
59,10,347,HipLeft,-1.198125,-0.2383824,2.68775
59,10,348,KneeLeft,-1.270777,-0.4855935,2.660596
59,10,348,AnkleLeft,-1.52814,-0.7255329,2.749255
59,10,348,FootLeft,-1.423616,-0.768472,2.681091
59,10,348,HipRight,-1.138016,-0.2506232,2.787194
59,10,348,KneeRight,-1.044579,-0.5252904,2.745343
59,10,348,AnkleRight,-1.041649,-0.8359702,2.74559
59,10,348,FootRight,-0.9417469,-0.8771958,2.675765
59,10,348,SpineShoulder,-1.134698,0.3128178,2.743343
59,10,348,HandTipLeft,-1.171789,-0.3543931,2.492661
59,10,348,ThumbLeft,-1.183244,-0.2918482,2.438659
59,10,348,HandTipRight,-1.109555,-0.2748818,2.972461
59,10,348,ThumbRight,-1.107004,-0.2692655,2.95523
59,10,377,SpineBase,-1.131354,-0.2344361,2.752947
59,10,377,SpineMid,-1.109739,0.08857225,2.743271
59,10,377,Neck,-1.084627,0.4038497,2.722022
59,10,377,Head,-1.030441,0.5029577,2.747036
59,10,377,ShoulderLeft,-1.147422,0.2766333,2.609316
59,10,377,ElbowLeft,-1.239634,0.04377846,2.540973
59,10,377,WristLeft,-1.21191,-0.2089597,2.495894
59,10,377,HandLeft,-1.192729,-0.2981212,2.503029
59,10,377,ShoulderRight,-1.031716,0.2461258,2.802927
59,10,377,ElbowRight,-1.087425,0.02968423,2.911106
59,10,377,WristRight,-1.085056,-0.1696322,2.980706
59,10,377,HandRight,-1.057539,-0.2516573,2.972913
59,10,377,HipLeft,-1.152962,-0.2270305,2.671191
59,10,377,KneeLeft,-1.19923,-0.4739718,2.637564
59,10,377,AnkleLeft,-1.459385,-0.7149925,2.716898
59,10,377,FootLeft,-1.359889,-0.7572222,2.638644
59,10,377,HipRight,-1.083238,-0.236368,2.768843
59,10,377,KneeRight,-1.012816,-0.5245376,2.74289
59,10,377,AnkleRight,-1.037171,-0.8374587,2.743967
59,10,377,FootRight,-0.9419032,-0.8779876,2.66427
59,10,377,SpineShoulder,-1.092053,0.3259741,2.729584
59,10,378,HandTipLeft,-1.191376,-0.3697967,2.501512
59,10,378,ThumbLeft,-1.19939,-0.2999434,2.442885
59,10,378,HandTipRight,-1.046513,-0.2694154,2.95698
59,10,378,ThumbRight,-1.044172,-0.2638088,2.939672
59,10,413,SpineBase,-1.09164,-0.2246468,2.736789
59,10,413,SpineMid,-1.069942,0.09986837,2.727864
59,10,413,Neck,-1.043123,0.4170798,2.706732
59,10,413,Head,-0.9919326,0.5221116,2.725704
59,10,413,ShoulderLeft,-1.110425,0.2929223,2.59411
59,10,413,ElbowLeft,-1.200743,0.05697169,2.535911
59,10,413,WristLeft,-1.201679,-0.1975552,2.496938
59,10,413,HandLeft,-1.19382,-0.2931327,2.498816
59,10,413,ShoulderRight,-0.9891189,0.263354,2.797534
59,10,413,ElbowRight,-1.045066,0.04678093,2.905655
59,10,413,WristRight,-1.04284,-0.1526162,2.975211
59,10,413,HandRight,-1.015322,-0.2346449,2.967419
59,10,413,HipLeft,-1.11226,-0.2144429,2.656515
59,10,413,KneeLeft,-1.128571,-0.4789232,2.610504
59,10,413,AnkleLeft,-1.392387,-0.7150308,2.692597
59,10,413,FootLeft,-1.293373,-0.7572141,2.614214
59,10,413,HipRight,-1.043833,-0.2291922,2.750399
59,10,413,KneeRight,-0.9977449,-0.5269306,2.73931
59,10,413,AnkleRight,-1.033829,-0.8377931,2.743041
59,10,413,FootRight,-0.9385878,-0.8783964,2.663429
59,10,413,SpineShoulder,-1.050326,0.3389222,2.714046
59,10,413,HandTipLeft,-1.21378,-0.3641784,2.498972
59,10,413,ThumbLeft,-1.2198,-0.2853267,2.450553
59,10,413,HandTipRight,-1.004409,-0.2524526,2.951442
59,10,413,ThumbRight,-1.002216,-0.2469097,2.934078
59,10,443,SpineBase,-1.063029,-0.210447,2.717535
59,10,443,SpineMid,-1.034411,0.114463,2.708134
59,10,443,Neck,-1.001579,0.4313806,2.687145
59,10,443,Head,-0.9388211,0.5394415,2.70685
59,10,443,ShoulderLeft,-1.073552,0.3068134,2.580746
59,10,443,ElbowLeft,-1.172656,0.07244273,2.535827
59,10,443,WristLeft,-1.189617,-0.1812718,2.496672
59,10,443,HandLeft,-1.201795,-0.2717273,2.487659
59,10,443,ShoulderRight,-0.9416936,0.2585431,2.754479
59,10,443,ElbowRight,-0.9978313,0.04192063,2.862537
59,10,443,WristRight,-0.9957155,-0.1574869,2.932048
59,10,443,HandRight,-0.9681916,-0.2395266,2.924254
59,10,443,HipLeft,-1.091227,-0.198876,2.637218
59,10,443,KneeLeft,-1.057414,-0.4758364,2.585452
59,10,443,AnkleLeft,-1.301688,-0.7353984,2.659949
59,10,443,FootLeft,-1.209749,-0.7776318,2.57208
59,10,443,HipRight,-1.007822,-0.2171023,2.731308
59,10,443,KneeRight,-0.9774355,-0.5255993,2.731035
59,10,443,AnkleRight,-1.031263,-0.8360684,2.74289
59,10,443,FootRight,-0.9424052,-0.8771363,2.654029
59,10,443,SpineShoulder,-1.010846,0.3531485,2.694664
59,10,443,HandTipLeft,-1.204885,-0.335415,2.481701
59,10,443,ThumbLeft,-1.220799,-0.2667384,2.456333
59,10,443,HandTipRight,-0.9573731,-0.2573065,2.908247
59,10,443,ThumbRight,-0.9553049,-0.2517238,2.890844
59,10,478,SpineBase,-1.016169,-0.1856935,2.709474
59,10,479,SpineMid,-0.9894118,0.1327236,2.693426
59,10,479,Neck,-0.9589573,0.4433964,2.665624
59,10,479,Head,-0.9040396,0.5508123,2.687762
59,10,479,ShoulderLeft,-1.038735,0.3234805,2.565482
59,10,479,ElbowLeft,-1.142886,0.09002092,2.533272
59,10,479,WristLeft,-1.178092,-0.1620835,2.499305
59,10,479,HandLeft,-1.183155,-0.2210887,2.498638
59,10,479,ShoulderRight,-0.8926007,0.2739961,2.744934
59,10,479,ElbowRight,-0.9490166,0.05724525,2.852926
59,10,479,WristRight,-0.9133057,-0.1467022,2.850144
59,10,479,HandRight,-0.9214658,-0.2245851,2.840496
59,10,479,HipLeft,-1.046769,-0.1745254,2.624722
59,10,479,KneeLeft,-0.9942129,-0.483698,2.546615
59,10,479,AnkleLeft,-1.206339,-0.7696744,2.624335
59,10,479,FootLeft,-1.117443,-0.8116143,2.533599
59,10,479,HipRight,-0.9604931,-0.1922673,2.727245
59,10,479,KneeRight,-0.923485,-0.4932531,2.711404
59,10,479,AnkleRight,-1.015638,-0.7869217,2.738665
59,10,479,FootRight,-0.9291122,-0.8287692,2.646973
59,10,479,SpineShoulder,-0.9671403,0.3668595,2.67464
59,10,479,HandTipLeft,-1.200731,-0.2880339,2.488101
59,10,479,ThumbLeft,-1.200982,-0.204262,2.464667
59,10,479,HandTipRight,-0.9168071,-0.2473307,2.815416
59,10,479,ThumbRight,-0.8941356,-0.2017827,2.793961
59,10,511,SpineBase,-0.9883326,-0.1777997,2.703357
59,10,511,SpineMid,-0.9573206,0.1399549,2.681202
59,10,511,Neck,-0.9213738,0.4498512,2.64569
59,10,511,Head,-0.8580651,0.5609547,2.666376
59,10,511,ShoulderLeft,-1.006852,0.3319237,2.551089
59,10,511,ElbowLeft,-1.115258,0.09991091,2.528445
59,10,511,WristLeft,-1.166537,-0.1497439,2.501591
59,10,511,HandLeft,-1.189129,-0.2386691,2.502842
59,10,511,ShoulderRight,-0.8504532,0.2830761,2.728307
59,10,511,ElbowRight,-0.9070992,0.06621791,2.836252
59,10,511,WristRight,-0.8641529,-0.1321327,2.840484
59,10,511,HandRight,-0.8664935,-0.2157073,2.806529
59,10,511,HipLeft,-1.024711,-0.1704492,2.623421
59,10,511,KneeLeft,-0.9373784,-0.4917883,2.515572
59,10,511,AnkleLeft,-1.098109,-0.8111964,2.589933
59,10,511,FootLeft,-1.076061,-0.8917453,2.576387
59,10,511,HipRight,-0.9260772,-0.179656,2.714622
59,10,511,KneeRight,-0.8901106,-0.4420783,2.758648
59,10,511,AnkleRight,-1.011374,-0.7907283,2.741031
59,10,511,FootRight,-0.9281068,-0.8335402,2.646352
59,10,511,SpineShoulder,-0.9312803,0.3734777,2.656932
59,10,511,HandTipLeft,-1.198405,-0.2973021,2.506087
59,10,511,ThumbLeft,-1.220202,-0.2416397,2.4792
59,10,511,HandTipRight,-0.8560244,-0.2781539,2.778716
59,10,511,ThumbRight,-0.8445191,-0.2432323,2.777667
59,10,546,SpineBase,-0.9464912,-0.163057,2.664721
59,10,546,SpineMid,-0.913259,0.1478763,2.651695
59,10,546,Neck,-0.8782131,0.4509463,2.62736
59,10,546,Head,-0.8255937,0.5617929,2.65017
59,10,546,ShoulderLeft,-0.9623011,0.3359049,2.535486
59,10,546,ElbowLeft,-1.091817,0.115488,2.523418
59,10,546,WristLeft,-1.139179,-0.135399,2.501964
59,10,546,HandLeft,-1.168763,-0.2175818,2.505755
59,10,546,ShoulderRight,-0.8084914,0.2914711,2.714885
59,10,546,ElbowRight,-0.8653751,0.07451941,2.82278
59,10,546,WristRight,-0.8009176,-0.1702048,2.76745
59,10,546,HandRight,-0.7884479,-0.2707658,2.745305
59,10,546,HipLeft,-0.9818112,-0.15493,2.581391
59,10,546,KneeLeft,-0.8700778,-0.4805056,2.492467
59,10,546,AnkleLeft,-0.9618587,-0.8318682,2.545667
59,10,546,FootLeft,-0.9418945,-0.9169922,2.494141
59,10,546,HipRight,-0.8872627,-0.1670551,2.68061
59,10,546,KneeRight,-0.8482078,-0.4070559,2.725269
59,10,546,AnkleRight,-0.9691876,-0.7560642,2.707828
59,10,546,FootRight,-0.9566816,-0.8326797,2.584964
59,10,546,SpineShoulder,-0.8869454,0.3762802,2.635354
59,10,546,HandTipLeft,-1.184493,-0.2835719,2.511714
59,10,546,ThumbLeft,-1.191713,-0.2050082,2.479111
59,10,546,HandTipRight,-0.7860488,-0.3294148,2.739412
59,10,546,ThumbRight,-0.779503,-0.3303512,2.741
59,10,576,SpineBase,-0.8978413,-0.1670294,2.655604
59,10,576,SpineMid,-0.8672064,0.1410308,2.635763
59,10,576,Neck,-0.8324074,0.441141,2.603455
59,10,576,Head,-0.7737245,0.5579255,2.62314
59,10,576,ShoulderLeft,-0.928744,0.3301723,2.516271
59,10,576,ElbowLeft,-1.058857,0.1101756,2.508849
59,10,576,WristLeft,-1.125566,-0.1361171,2.496789
59,10,576,HandLeft,-1.151239,-0.2236954,2.502836
59,10,576,ShoulderRight,-0.756734,0.2898077,2.70255
59,10,576,ElbowRight,-0.7606703,0.03702978,2.739974
59,10,576,WristRight,-0.719806,-0.2083843,2.70395
59,10,576,HandRight,-0.7088655,-0.2678722,2.685525
59,10,576,HipLeft,-0.9363312,-0.1596754,2.576086
59,10,576,KneeLeft,-0.8072285,-0.4664926,2.465427
59,10,576,AnkleLeft,-0.8220025,-0.8362623,2.466394
59,10,576,FootLeft,-0.7410062,-0.8772508,2.370356
59,10,576,HipRight,-0.8370408,-0.1700135,2.667246
59,10,576,KneeRight,-0.9726673,-0.480024,2.673064
59,10,577,AnkleRight,-1.026482,-0.8293856,2.728723
59,10,577,FootRight,-0.9441699,-0.8715129,2.632786
59,10,577,SpineShoulder,-0.841527,0.3671836,2.61363
59,10,577,HandTipLeft,-1.170972,-0.2845952,2.519947
59,10,577,ThumbLeft,-1.174897,-0.2221239,2.476077
59,10,577,HandTipRight,-0.7022996,-0.331874,2.672027
59,10,577,ThumbRight,-0.7253721,-0.2538759,2.676555
59,10,614,SpineBase,-0.8565649,-0.1767514,2.626047
59,10,615,SpineMid,-0.8283467,0.1321702,2.613357
59,10,615,Neck,-0.7976738,0.4333771,2.588274
59,10,615,Head,-0.7336885,0.5445634,2.602988
59,10,615,ShoulderLeft,-0.8850834,0.3115474,2.494371
59,10,615,ElbowLeft,-1.013866,0.09112368,2.49456
59,10,615,WristLeft,-1.106235,-0.1461157,2.489299
59,10,615,HandLeft,-1.129488,-0.233312,2.500234
59,10,615,ShoulderRight,-0.7166765,0.277803,2.684167
59,10,615,ElbowRight,-0.7160995,0.02852101,2.735837
59,10,615,WristRight,-0.6652225,-0.1640899,2.686494
59,10,615,HandRight,-0.6356634,-0.2373969,2.642137
59,10,615,HipLeft,-0.8952515,-0.1678042,2.546042
59,10,615,KneeLeft,-0.7557538,-0.4494746,2.440289
59,10,615,AnkleLeft,-0.6931504,-0.814905,2.406147
59,10,615,FootLeft,-0.6115425,-0.8548974,2.311193
59,10,615,HipRight,-0.7957365,-0.181118,2.638033
59,10,615,KneeRight,-0.9214475,-0.497882,2.626034
59,10,615,AnkleRight,-1.02447,-0.8299916,2.728729
59,10,616,FootRight,-1.02113,-0.9120042,2.689273
59,10,616,SpineShoulder,-0.8061739,0.3592387,2.596915
59,10,616,HandTipLeft,-1.156148,-0.2890928,2.521403
59,10,616,ThumbLeft,-1.151703,-0.2254789,2.473308
59,10,616,HandTipRight,-0.6082223,-0.2973807,2.598252
59,10,616,ThumbRight,-0.6154852,-0.279219,2.6212
59,10,644,SpineBase,-0.8138188,-0.1942858,2.612075
59,10,644,SpineMid,-0.779477,0.114452,2.591445
59,10,644,Neck,-0.7435545,0.4159414,2.559025
59,10,645,Head,-0.69082,0.5302648,2.579062
59,10,645,ShoulderLeft,-0.8429868,0.2961913,2.471167
59,10,645,ElbowLeft,-0.974739,0.0779388,2.475739
59,10,645,WristLeft,-1.062158,-0.1613389,2.46826
59,10,645,HandLeft,-1.09473,-0.2360206,2.484434
59,10,645,ShoulderRight,-0.6669645,0.2534714,2.665867
59,10,645,ElbowRight,-0.6612058,0.005236093,2.720803
59,10,645,WristRight,-0.5855656,-0.1771718,2.641694
59,10,645,HandRight,-0.5568766,-0.2465608,2.590584
59,10,645,HipLeft,-0.851307,-0.1899322,2.531386
59,10,645,KneeLeft,-0.7051982,-0.4851346,2.414981
59,10,645,AnkleLeft,-0.574575,-0.8294805,2.350385
59,10,645,FootLeft,-0.4815584,-0.8975571,2.273089
59,10,645,HipRight,-0.7549567,-0.1938879,2.62444
59,10,645,KneeRight,-0.8745199,-0.5012588,2.674176
59,10,645,AnkleRight,-0.9886928,-0.7458652,2.691146
59,10,645,FootRight,-0.9060791,-0.7891123,2.595733
59,10,645,SpineShoulder,-0.7531096,0.3416816,2.569331
59,10,645,HandTipLeft,-1.114733,-0.3000178,2.498095
59,10,645,ThumbLeft,-1.110378,-0.2351601,2.451
59,10,645,HandTipRight,-0.5358284,-0.3025804,2.547829
59,10,645,ThumbRight,-0.5261919,-0.2565351,2.564067
59,10,680,SpineBase,-0.7688747,-0.2026474,2.58285
59,10,680,SpineMid,-0.7370602,0.1021262,2.565506
59,10,680,Neck,-0.7026126,0.3992028,2.535974
59,10,680,Head,-0.6466742,0.5151753,2.554108
59,10,680,ShoulderLeft,-0.7988907,0.2833246,2.446011
59,10,680,ElbowLeft,-0.9345995,0.06757385,2.451214
59,10,680,WristLeft,-1.01926,-0.1727598,2.444855
59,10,680,HandLeft,-1.05705,-0.2491476,2.461131
59,10,680,ShoulderRight,-0.6213148,0.244817,2.644571
59,10,680,ElbowRight,-0.6058558,-0.003412038,2.698613
59,10,680,WristRight,-0.5298966,-0.1646112,2.62131
59,10,680,HandRight,-0.4891127,-0.2329794,2.560826
59,10,681,HipLeft,-0.8096925,-0.1911172,2.504013
59,10,681,KneeLeft,-0.7878599,-0.4500991,2.471444
59,10,681,AnkleLeft,-0.5721964,-0.7333079,2.348412
59,10,681,FootLeft,-0.492641,-0.7748011,2.252695
59,10,681,HipRight,-0.7080448,-0.2087879,2.593388
59,10,681,KneeRight,-0.8642114,-0.5105628,2.583544
59,10,681,AnkleRight,-1.005542,-0.8160756,2.719488
59,10,681,FootRight,-0.9222369,-0.8582461,2.62471
59,10,681,SpineShoulder,-0.711742,0.3260183,2.545556
59,10,681,HandTipLeft,-1.081318,-0.3111208,2.480058
59,10,681,ThumbLeft,-1.079703,-0.2486576,2.430834
59,10,681,HandTipRight,-0.4576147,-0.2824747,2.517648
59,10,681,ThumbRight,-0.4496109,-0.2528282,2.529667
59,10,711,SpineBase,-0.7178319,-0.2163828,2.552855
59,10,711,SpineMid,-0.6898844,0.0897581,2.536991
59,10,711,Neck,-0.6591318,0.3879889,2.508695
59,10,711,Head,-0.6053401,0.5032287,2.530566
59,10,711,ShoulderLeft,-0.7532927,0.2667184,2.418912
59,10,711,ElbowLeft,-0.8838193,0.04727237,2.421821
59,10,711,WristLeft,-0.9766235,-0.189699,2.42092
59,10,711,HandLeft,-1.013083,-0.2647725,2.434444
59,10,711,ShoulderRight,-0.5791885,0.2336922,2.621604
59,10,711,ElbowRight,-0.559917,-0.01463582,2.674439
59,10,711,WristRight,-0.4715872,-0.1700505,2.598431
59,10,711,HandRight,-0.4255496,-0.2336399,2.536114
59,10,711,HipLeft,-0.7579447,-0.2047554,2.473495
59,10,711,KneeLeft,-0.6710196,-0.4842384,2.395575
59,10,711,AnkleLeft,-0.4786947,-0.7913935,2.296814
59,10,711,FootLeft,-0.3986994,-0.8314461,2.202682
59,10,712,HipRight,-0.6584255,-0.2221756,2.563426
59,10,712,KneeRight,-0.8224483,-0.5078174,2.592293
59,10,712,AnkleRight,-0.9884471,-0.8094023,2.709441
59,10,712,FootRight,-0.9036768,-0.8511817,2.616118
59,10,712,SpineShoulder,-0.6673447,0.314544,2.517992
59,10,712,HandTipLeft,-1.0348,-0.32625,2.452873
59,10,712,ThumbLeft,-1.034876,-0.260565,2.400928
59,10,712,HandTipRight,-0.3943324,-0.2861696,2.493861
59,10,712,ThumbRight,-0.3928891,-0.2707176,2.4986
59,10,745,SpineBase,-0.6594706,-0.227721,2.520378
59,10,745,SpineMid,-0.6380607,0.08099644,2.506249
59,10,745,Neck,-0.6139067,0.3816312,2.479604
59,10,745,Head,-0.562303,0.4945004,2.50309
59,10,745,ShoulderLeft,-0.7051978,0.2568436,2.387897
59,10,745,ElbowLeft,-0.8240055,0.03038651,2.391508
59,10,746,WristLeft,-0.9199583,-0.2055812,2.380831
59,10,746,HandLeft,-0.959952,-0.2863343,2.396052
59,10,746,ShoulderRight,-0.5310055,0.222041,2.588278
59,10,746,ElbowRight,-0.5094066,-0.02519416,2.644135
59,10,746,WristRight,-0.414069,-0.1827717,2.573583
59,10,746,HandRight,-0.3610895,-0.2417908,2.511157
59,10,746,HipLeft,-0.7000839,-0.2207604,2.440756
59,10,746,KneeLeft,-0.6623439,-0.4767253,2.408098
59,10,746,AnkleLeft,-0.4700754,-0.7839072,2.309325
59,10,746,FootLeft,-0.3901253,-0.8233458,2.214612
59,10,746,HipRight,-0.6008287,-0.2284386,2.5309
59,10,746,KneeRight,-0.5316567,-0.5090065,2.319775
59,10,746,AnkleRight,-0.7749911,-0.6801466,2.52329
59,10,746,FootRight,-0.6917196,-0.7218955,2.42872
59,10,746,SpineShoulder,-0.6204519,0.3076053,2.488495
59,10,746,HandTipLeft,-0.9818892,-0.3420852,2.41391
59,10,746,ThumbLeft,-0.9785742,-0.2774436,2.3585
59,10,746,HandTipRight,-0.3247947,-0.2899917,2.468724
59,10,746,ThumbRight,-0.3196967,-0.2859045,2.461
59,10,776,SpineBase,-0.6024692,-0.231503,2.495013
59,10,776,SpineMid,-0.5876504,0.07836468,2.480011
59,10,776,Neck,-0.5701375,0.3800084,2.452441
59,10,776,Head,-0.5169883,0.4954365,2.476034
59,10,776,ShoulderLeft,-0.6590386,0.2553089,2.360765
59,10,776,ElbowLeft,-0.7661428,0.02216696,2.359546
59,10,776,WristLeft,-0.8529412,-0.2175153,2.342362
59,10,776,HandLeft,-0.8929597,-0.2992625,2.353535
59,10,777,ShoulderRight,-0.4828555,0.2268524,2.551311
59,10,777,ElbowRight,-0.4576774,-0.02122483,2.603628
59,10,777,WristRight,-0.3698278,-0.1854928,2.554447
59,10,777,HandRight,-0.3182012,-0.2448305,2.506743
59,10,777,HipLeft,-0.646203,-0.226409,2.420023
59,10,777,KneeLeft,-0.5885912,-0.4788834,2.384218
59,10,777,AnkleLeft,-0.4262928,-0.7993999,2.274805
59,10,777,FootLeft,-0.3485019,-0.8379291,2.177834
59,10,777,HipRight,-0.54202,-0.2301576,2.500587
59,10,777,KneeRight,-0.4758103,-0.5046926,2.290662
59,10,777,AnkleRight,-0.7258186,-0.6712123,2.490572
59,10,777,FootRight,-0.6446459,-0.7123969,2.393586
59,10,777,SpineShoulder,-0.5750059,0.3057489,2.461567
59,10,777,HandTipLeft,-0.9245241,-0.351983,2.370731
59,10,777,ThumbLeft,-0.9085494,-0.2853838,2.314584
59,10,777,HandTipRight,-0.2721441,-0.3045588,2.474041
59,10,777,ThumbRight,-0.306741,-0.2785561,2.488714
59,10,811,SpineBase,-0.5435178,-0.2259598,2.46603
59,10,812,SpineMid,-0.5354808,0.08607104,2.452914
59,10,812,Neck,-0.5248258,0.3896207,2.427194
59,10,812,Head,-0.474726,0.5045691,2.454475
59,10,812,ShoulderLeft,-0.6148286,0.263498,2.335551
59,10,812,ElbowLeft,-0.7070695,0.0230352,2.325588
59,10,812,WristLeft,-0.7765264,-0.2222627,2.299265
59,10,812,HandLeft,-0.8077062,-0.2978154,2.303415
59,10,812,ShoulderRight,-0.4344093,0.2400092,2.518228
59,10,812,ElbowRight,-0.4085309,-0.008579221,2.569
59,10,812,WristRight,-0.3151118,-0.2035046,2.526808
59,10,812,HandRight,-0.2628882,-0.2666084,2.492287
59,10,812,HipLeft,-0.5885656,-0.222507,2.391966
59,10,812,KneeLeft,-0.5866397,-0.5476928,2.468163
59,10,812,AnkleLeft,-0.408135,-0.8123404,2.266248
59,10,812,FootLeft,-0.3323825,-0.8499416,2.166838
59,10,812,HipRight,-0.4831459,-0.2230248,2.470353
59,10,812,KneeRight,-0.4259133,-0.5033748,2.25759
59,10,812,AnkleRight,-0.6721966,-0.6627157,2.467397
59,10,812,FootRight,-0.5933931,-0.7031763,2.367782
59,10,812,SpineShoulder,-0.527959,0.3149174,2.435858
59,10,812,HandTipLeft,-0.8287556,-0.3603466,2.315208
59,10,812,ThumbLeft,-0.8314325,-0.299984,2.275786
59,10,812,HandTipRight,-0.2238688,-0.3228917,2.46176
59,10,812,ThumbRight,-0.2692381,-0.2895729,2.481812
59,10,843,SpineBase,-0.5015349,-0.2140003,2.427082
59,10,843,SpineMid,-0.4925613,0.09926144,2.421799
59,10,843,Neck,-0.4812236,0.4037278,2.403868
59,10,843,Head,-0.4301649,0.5206655,2.43241
59,10,843,ShoulderLeft,-0.5670792,0.2782981,2.314242
59,10,843,ElbowLeft,-0.6544112,0.03552267,2.293376
59,10,843,WristLeft,-0.6893599,-0.2121582,2.254473
59,10,843,HandLeft,-0.7145758,-0.2963877,2.252642
59,10,843,ShoulderRight,-0.3893936,0.2642492,2.492917
59,10,843,ElbowRight,-0.365439,0.01428929,2.540019
59,10,843,WristRight,-0.2819702,-0.2101716,2.511765
59,10,843,HandRight,-0.2309292,-0.2774156,2.487966
59,10,843,HipLeft,-0.5474809,-0.2091129,2.358183
59,10,843,KneeLeft,-0.5605333,-0.5290302,2.446604
59,10,843,AnkleLeft,-0.3974158,-0.8091527,2.253172
59,10,843,FootLeft,-0.321804,-0.8462116,2.153354
59,10,843,HipRight,-0.4411736,-0.2127204,2.426024
59,10,843,KneeRight,-0.4045123,-0.4959969,2.238107
59,10,843,AnkleRight,-0.4538663,-0.7638991,2.241394
59,10,843,FootRight,-0.3779034,-0.8565801,2.20428
59,10,843,SpineShoulder,-0.4844841,0.3288314,2.410586
59,10,843,HandTipLeft,-0.7275677,-0.3650166,2.257729
59,10,844,ThumbLeft,-0.7391011,-0.2819222,2.244818
59,10,844,HandTipRight,-0.1975709,-0.3381499,2.461635
59,10,844,ThumbRight,-0.2484702,-0.2907065,2.484
59,10,879,SpineBase,-0.4679722,-0.2140992,2.38655
59,10,879,SpineMid,-0.4545625,0.1075083,2.393725
59,10,879,Neck,-0.4372035,0.4201757,2.386539
59,10,879,Head,-0.3934852,0.5346514,2.412669
59,10,879,ShoulderLeft,-0.5223038,0.2946073,2.290946
59,10,879,ElbowLeft,-0.5982957,0.04870138,2.260339
59,10,879,WristLeft,-0.5938812,-0.2022353,2.207818
59,10,879,HandLeft,-0.6038557,-0.2826263,2.203871
59,10,879,ShoulderRight,-0.3386767,0.2379216,2.454034
59,10,879,ElbowRight,-0.3190772,-0.006095934,2.520933
59,10,879,WristRight,-0.2578096,-0.2123442,2.505898
59,10,879,HandRight,-0.2066757,-0.2827321,2.483982
59,10,879,HipLeft,-0.5135888,-0.203573,2.32014
59,10,879,KneeLeft,-0.521012,-0.5221123,2.412944
59,10,879,AnkleLeft,-0.382172,-0.8253345,2.237347
59,10,879,FootLeft,-0.3234211,-0.9263833,2.206155
59,10,879,HipRight,-0.408651,-0.2183348,2.382872
59,10,879,KneeRight,-0.3895482,-0.4915164,2.220899
59,10,880,AnkleRight,-0.449013,-0.7558297,2.23996
59,10,880,FootRight,-0.3783256,-0.8519084,2.20267
59,10,880,SpineShoulder,-0.4423077,0.3431268,2.390707
59,10,880,HandTipLeft,-0.6113304,-0.3534928,2.194357
59,10,880,ThumbLeft,-0.6308604,-0.2704142,2.190667
59,10,880,HandTipRight,-0.1797659,-0.3441245,2.461886
59,10,880,ThumbRight,-0.2055569,-0.3476782,2.4724
59,10,911,SpineBase,-0.3912762,-0.2034637,2.381498
59,10,911,SpineMid,-0.3939319,0.1241648,2.380577
59,10,911,Neck,-0.3944011,0.4421695,2.366907
59,10,911,Head,-0.3399459,0.5549513,2.392524
59,10,911,ShoulderLeft,-0.4764845,0.3144099,2.271543
59,10,911,ElbowLeft,-0.5414459,0.08298948,2.22925
59,10,911,WristLeft,-0.5076286,-0.1657781,2.16256
59,10,911,HandLeft,-0.4959241,-0.2510101,2.149127
59,10,911,ShoulderRight,-0.2963378,0.2596697,2.43456
59,10,911,ElbowRight,-0.2755066,0.01165355,2.489582
59,10,911,WristRight,-0.2113095,-0.2170802,2.487877
59,10,911,HandRight,-0.1848407,-0.2911229,2.477754
59,10,911,HipLeft,-0.4373453,-0.1927866,2.309079
59,10,911,KneeLeft,-0.4703956,-0.5176588,2.38036
59,10,911,AnkleLeft,-0.3776963,-0.8709382,2.245216
59,10,911,FootLeft,-0.3047574,-0.906177,2.142603
59,10,911,HipRight,-0.3336765,-0.2081136,2.383416
59,10,912,KneeRight,-0.3632694,-0.5044079,2.236477
59,10,912,AnkleRight,-0.4478864,-0.7634094,2.234847
59,10,912,FootRight,-0.3757964,-0.8586062,2.200883
59,10,912,SpineShoulder,-0.3946629,0.3639956,2.372552
59,10,912,HandTipLeft,-0.4982383,-0.3139482,2.125081
59,10,912,ThumbLeft,-0.514678,-0.2015384,2.122445
59,10,912,HandTipRight,-0.1764376,-0.3522122,2.46319
59,10,912,ThumbRight,-0.1969487,-0.350812,2.466
59,10,947,SpineBase,-0.362544,-0.1957834,2.378917
59,10,947,SpineMid,-0.3609904,0.1358342,2.37185
59,10,947,Neck,-0.3563602,0.4586215,2.350518
59,10,947,Head,-0.3060957,0.5707793,2.377716
59,10,947,ShoulderLeft,-0.4311587,0.3302386,2.24822
59,10,947,ElbowLeft,-0.4877948,0.09795575,2.196193
59,10,947,WristLeft,-0.4202633,-0.1427741,2.123434
59,10,947,HandLeft,-0.3880485,-0.2424849,2.11401
59,10,947,ShoulderRight,-0.2583719,0.2760382,2.418171
59,10,947,ElbowRight,-0.2402877,0.02975903,2.479773
59,10,947,WristRight,-0.201135,-0.2132006,2.483118
59,10,948,HandRight,-0.1739102,-0.2878405,2.466757
59,10,948,HipLeft,-0.4065063,-0.188718,2.30236
59,10,948,KneeLeft,-0.3581104,-0.5063886,2.204983
59,10,948,AnkleLeft,-0.3760821,-0.8699767,2.245198
59,10,948,FootLeft,-0.3222262,-0.9349584,2.199754
59,10,948,HipRight,-0.3068361,-0.1969485,2.384554
59,10,948,KneeRight,-0.2581929,-0.4999531,2.328467
59,10,948,AnkleRight,-0.4818154,-0.7732863,2.424335
59,10,948,FootRight,-0.4104885,-0.8420853,2.320053
59,10,948,SpineShoulder,-0.3579508,0.3791904,2.358236
59,10,948,HandTipLeft,-0.3688805,-0.3115202,2.10188
59,10,948,ThumbLeft,-0.3681642,-0.2452236,2.047333
59,10,948,HandTipRight,-0.1733787,-0.3488293,2.449085
59,10,948,ThumbRight,-0.1959071,-0.3384884,2.450429
59,10,978,SpineBase,-0.3108296,-0.1849423,2.360543
59,10,978,SpineMid,-0.3124305,0.1491295,2.351618
59,10,978,Neck,-0.3123902,0.4730887,2.329954
59,10,978,Head,-0.2589284,0.5839743,2.355552
59,10,978,ShoulderLeft,-0.3840593,0.3440791,2.224895
59,10,978,ElbowLeft,-0.4375634,0.1278707,2.168965
59,10,978,WristLeft,-0.3354025,-0.1007155,2.096054
59,10,978,HandLeft,-0.3067622,-0.1862355,2.070011
59,10,979,ShoulderRight,-0.2144879,0.2904148,2.397603
59,10,979,ElbowRight,-0.198257,0.04412804,2.459961
59,10,979,WristRight,-0.1720183,-0.1736202,2.464446
59,10,979,HandRight,-0.1548871,-0.2495508,2.455203
59,10,979,HipLeft,-0.3540123,-0.180351,2.283517
59,10,979,KneeLeft,-0.3573573,-0.5076214,2.203868
59,10,979,AnkleLeft,-0.3755342,-0.868477,2.24685
59,10,979,FootLeft,-0.3246541,-0.9337767,2.194422
59,10,979,HipRight,-0.2583761,-0.1839832,2.366702
59,10,979,KneeRight,-0.2293073,-0.5062451,2.325512
59,10,979,AnkleRight,-0.4073575,-0.7602441,2.512256
59,10,979,FootRight,-0.3699377,-0.8374076,2.395677
59,10,979,SpineShoulder,-0.3126034,0.3935314,2.337545
59,10,979,HandTipLeft,-0.2598377,-0.2381461,2.018285
59,10,979,ThumbLeft,-0.3400836,-0.2157875,2.11625
59,10,979,HandTipRight,-0.1377598,-0.3165829,2.435118
59,10,979,ThumbRight,-0.1689708,-0.2391775,2.399417
59,11,013,SpineBase,-0.2884418,-0.1758873,2.335938
59,11,013,SpineMid,-0.28429,0.1573939,2.332899
59,11,013,Neck,-0.2766302,0.4808716,2.316274
59,11,013,Head,-0.2195065,0.5903876,2.342503
59,11,013,ShoulderLeft,-0.3395417,0.3496685,2.201628
59,11,014,ElbowLeft,-0.3843439,0.1445321,2.137835
59,11,014,WristLeft,-0.2513478,-0.06186047,2.047494
59,11,014,HandLeft,-0.1805839,-0.1495074,1.991404
59,11,014,ShoulderRight,-0.1788021,0.2981386,2.383911
59,11,014,ElbowRight,-0.1615112,0.05169904,2.445848
59,11,014,WristRight,-0.1538195,-0.1442058,2.403923
59,11,014,HandRight,-0.151997,-0.1403243,2.43446
59,11,014,HipLeft,-0.3354908,-0.1688663,2.26351
59,11,014,KneeLeft,-0.354414,-0.5074129,2.199946
59,11,014,AnkleLeft,-0.344198,-0.8680778,2.269501
59,11,014,FootLeft,-0.320825,-0.9355546,2.194652
59,11,014,HipRight,-0.232017,-0.1779726,2.336548
59,11,014,KneeRight,-0.1491992,-0.4896922,2.29154
59,11,014,AnkleRight,-0.3187754,-0.7597257,2.464892
59,11,014,FootRight,-0.2809161,-0.8359188,2.348024
59,11,014,SpineShoulder,-0.2791024,0.4013754,2.32269
59,11,014,HandTipLeft,-0.1482282,-0.1861121,1.970922
59,11,014,ThumbLeft,-0.1321732,-0.1971,1.986
59,11,014,HandTipRight,-0.1400622,-0.163326,2.456055
59,11,014,ThumbRight,-0.1485342,-0.1431012,2.4195
59,11,046,SpineBase,-0.23359,-0.179679,2.301557
59,11,046,SpineMid,-0.2318743,0.1564842,2.303684
59,11,046,Neck,-0.228916,0.4821129,2.292915
59,11,046,Head,-0.1726259,0.5930565,2.319419
59,11,046,ShoulderLeft,-0.2975655,0.3509768,2.181077
59,11,046,ElbowLeft,-0.3367968,0.1522659,2.108641
59,11,046,WristLeft,-0.1943527,-0.01262551,2.023046
59,11,046,HandLeft,-0.1177695,-0.07698389,1.972312
59,11,046,ShoulderRight,-0.1311815,0.2993086,2.360519
59,11,046,ElbowRight,-0.1148295,0.05281655,2.422615
59,11,046,WristRight,-0.1144541,-0.1442188,2.383815
59,11,046,HandRight,-0.09195067,-0.1731788,2.437081
59,11,046,HipLeft,-0.2700708,-0.1711867,2.233802
59,11,046,KneeLeft,-0.3451686,-0.4922368,2.186479
59,11,046,AnkleLeft,-0.3533861,-0.8530482,2.255525
59,11,046,FootLeft,-0.293675,-0.9249828,2.201786
59,11,046,HipRight,-0.1899359,-0.1826179,2.298217
59,11,046,KneeRight,-0.08664283,-0.47339,2.264299
59,11,046,AnkleRight,-0.1549334,-0.8337423,2.282759
59,11,046,FootRight,-0.1210938,-0.9155273,2.222656
59,11,046,SpineShoulder,-0.2298721,0.4021533,2.297832
59,11,046,HandTipLeft,-0.07162169,-0.1218703,1.922308
59,11,046,ThumbLeft,-0.09399471,-0.1140257,1.935429
59,11,046,HandTipRight,-0.08026729,-0.1960432,2.458668
59,11,046,ThumbRight,-0.08905749,-0.1756456,2.422112
59,11,080,SpineBase,-0.1807041,-0.1829758,2.280117
59,11,080,SpineMid,-0.1828544,0.1530762,2.282292
59,11,080,Neck,-0.1847626,0.4785596,2.271923
59,11,080,Head,-0.1309777,0.5918111,2.29922
59,11,080,ShoulderLeft,-0.2567113,0.3432141,2.159751
59,11,080,ElbowLeft,-0.2896963,0.1636322,2.08207
59,11,080,WristLeft,-0.1051887,0.01022517,1.976196
59,11,080,HandLeft,0.007330661,-0.06966968,1.911897
59,11,080,ShoulderRight,-0.08711837,0.2957008,2.339488
59,11,080,ElbowRight,-0.07109641,0.04917812,2.401562
59,11,080,WristRight,-0.06743215,-0.1479316,2.360988
59,11,080,HandRight,-0.07540239,-0.1465671,2.289274
59,11,080,HipLeft,-0.22406,-0.1752719,2.209699
59,11,080,KneeLeft,-0.3280114,-0.486051,2.175827
59,11,080,AnkleLeft,-0.3528829,-0.8449256,2.249469
59,11,080,FootLeft,-0.318651,-0.9258963,2.198577
59,11,080,HipRight,-0.1317567,-0.1849609,2.279301
59,11,080,KneeRight,-0.02990516,-0.4864572,2.236906
59,11,080,AnkleRight,-0.01334148,-0.8479078,2.222103
59,11,080,FootRight,0.04818726,-0.918457,2.154297
59,11,080,SpineShoulder,-0.1840545,0.3986149,2.276543
59,11,080,HandTipLeft,0.05861835,-0.09811509,1.906287
59,11,080,ThumbLeft,0.004925271,-0.04409797,1.914364
59,11,080,HandTipRight,-0.06743397,-0.1572029,2.270068
59,11,080,ThumbRight,-0.06716871,-0.1442246,2.261
59,11,112,SpineBase,-0.1474462,-0.190018,2.259345
59,11,112,SpineMid,-0.1495467,0.1466519,2.263616
59,11,112,Neck,-0.1500439,0.4724437,2.254469
59,11,112,Head,-0.08634497,0.578063,2.275212
59,11,112,ShoulderLeft,-0.2119024,0.3317387,2.135536
59,11,112,ElbowLeft,-0.2308118,0.1562053,2.04229
59,11,112,WristLeft,-0.07374522,0.02995514,1.962586
59,11,112,HandLeft,0.08236536,-0.03654777,1.882863
59,11,112,ShoulderRight,-0.05247186,0.2895471,2.321995
59,11,112,ElbowRight,-0.03671414,0.04302385,2.38405
59,11,112,WristRight,-0.03465768,-0.1538828,2.344185
59,11,112,HandRight,-0.0270184,-0.1573574,2.278095
59,11,112,HipLeft,-0.1934584,-0.1816096,2.187306
59,11,112,KneeLeft,-0.2940038,-0.4899989,2.162606
59,11,112,AnkleLeft,-0.3499575,-0.8431972,2.243781
59,11,112,FootLeft,-0.321005,-0.925871,2.199148
59,11,112,HipRight,-0.09665133,-0.1924716,2.260055
59,11,112,KneeRight,0.008283403,-0.4807309,2.214994
59,11,112,AnkleRight,0.1101144,-0.8353075,2.167338
59,11,112,FootRight,0.1809082,-0.9047852,2.091797
59,11,112,SpineShoulder,-0.150386,0.3925264,2.259148
59,11,112,HandTipLeft,0.1339162,-0.05796659,1.874872
59,11,112,ThumbLeft,0.06570468,-0.001755861,1.902833
59,11,112,HandTipRight,-0.01155776,-0.1876244,2.26306
59,11,112,ThumbRight,-0.03343548,-0.1522117,2.248714
59,11,146,SpineBase,-0.09559944,-0.2049359,2.239443
59,11,146,SpineMid,-0.09778234,0.1307339,2.242615
59,11,146,Neck,-0.099332,0.4556997,2.232653
59,11,146,Head,-0.04718852,0.5707555,2.260377
59,11,146,ShoulderLeft,-0.1759151,0.3282951,2.12018
59,11,146,ElbowLeft,-0.152779,0.1453263,2.017179
59,11,146,WristLeft,0.04852146,0.0234486,1.901366
59,11,146,HandLeft,0.1400539,-0.01280973,1.852648
59,11,146,ShoulderRight,-0.001873454,0.272775,2.300102
59,11,146,ElbowRight,0.01348906,0.02632204,2.362112
59,11,146,WristRight,0.01590523,-0.1706422,2.321918
59,11,146,HandRight,0.0383855,-0.1996003,2.375167
59,11,146,HipLeft,-0.1408285,-0.1981647,2.168157
59,11,146,KneeLeft,-0.2669771,-0.5007212,2.154806
59,11,146,AnkleLeft,-0.3494692,-0.8468918,2.241658
59,11,146,FootLeft,-0.3234132,-0.9249578,2.198718
59,11,146,HipRight,-0.04738552,-0.2051799,2.239407
59,11,146,KneeRight,0.05562541,-0.4938663,2.193853
59,11,146,AnkleRight,0.2090908,-0.8260735,2.119798
59,11,146,FootRight,0.2780295,-0.8612179,2.021717
59,11,146,SpineShoulder,-0.09905066,0.3759256,2.237389
59,11,146,HandTipLeft,0.1899531,-0.0307835,1.832611
59,11,146,ThumbLeft,0.1215117,0.01483308,1.862417
59,11,146,HandTipRight,0.05356206,-0.2297105,2.36014
59,11,146,ThumbRight,0.05326612,-0.2284413,2.3471
59,11,177,SpineBase,-0.04761046,-0.2205476,2.220911
59,11,177,SpineMid,-0.05442217,0.1181054,2.223216
59,11,177,Neck,-0.06137517,0.4460476,2.212766
59,11,177,Head,0.0001931123,0.5551233,2.236621
59,11,177,ShoulderLeft,-0.1259134,0.3141576,2.094718
59,11,177,ElbowLeft,-0.08033596,0.1205971,1.975283
59,11,177,WristLeft,0.09097599,0.0218144,1.881271
59,11,177,HandLeft,0.1758668,0.001597165,1.836835
59,11,178,ShoulderRight,0.03599666,0.2630887,2.280167
59,11,178,ElbowRight,0.05105684,0.01666054,2.342158
59,11,178,WristRight,0.05328695,-0.180273,2.301956
59,11,178,HandRight,0.06557196,-0.1761236,2.22207
59,11,178,HipLeft,-0.08908462,-0.2116897,2.150825
59,11,178,KneeLeft,-0.2116357,-0.4978489,2.131073
59,11,178,AnkleLeft,-0.3369602,-0.8268477,2.230423
59,11,178,FootLeft,-0.3264223,-0.9237472,2.197291
59,11,178,HipRight,-0.006017682,-0.2217779,2.220315
59,11,178,KneeRight,0.08306892,-0.4956664,2.180156
59,11,178,AnkleRight,0.2634613,-0.8092284,2.084634
59,11,178,FootRight,0.3348851,-0.8442835,1.990401
59,11,178,SpineShoulder,-0.05976236,0.3655678,2.217628
59,11,178,HandTipLeft,0.2270837,-0.0215393,1.801041
59,11,178,ThumbLeft,0.1971296,0.0233441,1.832818
59,11,178,HandTipRight,0.06731806,-0.1774242,2.213057
59,11,178,ThumbRight,0.06865935,-0.176682,2.202518
59,11,213,SpineBase,0.003967788,-0.2299563,2.19853
59,11,213,SpineMid,-0.003524753,0.1072408,2.201813
59,11,213,Neck,-0.01077049,0.4336395,2.191759
59,11,213,Head,0.04788074,0.5448434,2.214731
59,11,213,ShoulderLeft,-0.08707864,0.2882172,2.073361
59,11,213,ElbowLeft,-0.001569486,0.09735475,1.932364
59,11,213,WristLeft,0.1620958,0.0192414,1.840445
59,11,213,HandLeft,0.2693689,-0.008896715,1.795191
59,11,213,ShoulderRight,0.08647314,0.2506495,2.259094
59,11,213,ElbowRight,0.1011219,0.004268329,2.321066
59,11,213,WristRight,0.1031002,-0.1926201,2.280859
59,11,214,HandRight,0.1255619,-0.2215748,2.334099
59,11,214,HipLeft,-0.03832471,-0.2243234,2.12874
59,11,214,KneeLeft,-0.157315,-0.492779,2.101858
59,11,214,AnkleLeft,-0.3162963,-0.8018622,2.214703
59,11,214,FootLeft,-0.2385059,-0.837626,2.117426
59,11,214,HipRight,0.0460767,-0.2281352,2.197036
59,11,214,KneeRight,0.1561268,-0.5027982,2.142878
59,11,214,AnkleRight,0.305237,-0.8363985,2.067254
59,11,214,FootRight,0.373637,-0.8709676,1.970448
59,11,214,SpineShoulder,-0.008993109,0.3535199,2.196535
59,11,214,HandTipLeft,0.3259877,-0.03238237,1.780555
59,11,214,ThumbLeft,0.295355,0.01945844,1.759944
59,11,214,HandTipRight,0.1270654,-0.22272,2.325109
59,11,214,ThumbRight,0.128092,-0.2217768,2.314601
59,11,244,SpineBase,0.06270441,-0.2411012,2.174911
59,11,244,SpineMid,0.04917668,0.095851,2.179323
59,11,244,Neck,0.03576014,0.4219759,2.170305
59,11,244,Head,0.09416062,0.5328469,2.189921
59,11,244,ShoulderLeft,-0.03575528,0.2775261,2.053894
59,11,244,ElbowLeft,0.004807287,0.1014316,1.929845
59,11,244,WristLeft,0.2203951,0.007042306,1.815424
59,11,244,HandLeft,0.2899992,-0.01603064,1.77701
59,11,244,ShoulderRight,0.1328813,0.2389552,2.23758
59,11,244,ElbowRight,0.1471434,-0.007382449,2.299544
59,11,244,WristRight,0.1488856,-0.2042283,2.259337
59,11,244,HandRight,0.171337,-0.2331812,2.312572
59,11,244,HipLeft,0.02040057,-0.2351352,2.10867
59,11,244,KneeLeft,-0.1040765,-0.5024127,2.072546
59,11,244,AnkleLeft,-0.2846396,-0.794918,2.195827
59,11,244,FootLeft,-0.2063926,-0.8303054,2.09924
59,11,244,HipRight,0.1029054,-0.2391754,2.169948
59,11,244,KneeRight,0.2175312,-0.5091528,2.11145
59,11,244,AnkleRight,0.3418683,-0.854421,2.04729
59,11,244,FootRight,0.4105644,-0.8883141,1.951447
59,11,244,SpineShoulder,0.03910954,0.3419275,2.17483
59,11,244,HandTipLeft,0.3397872,-0.04362005,1.752933
59,11,244,ThumbLeft,0.3240958,0.01088063,1.740368
59,11,244,HandTipRight,0.172639,-0.2342692,2.303601
59,11,244,ThumbRight,0.1734031,-0.2332516,2.293117
59,11,279,SpineBase,0.1245649,-0.2384938,2.149309
59,11,279,SpineMid,0.1036193,0.09635513,2.159674
59,11,279,Neck,0.08054756,0.4203626,2.157222
59,11,279,Head,0.1351617,0.5341249,2.177498
59,11,279,ShoulderLeft,0.00974633,0.2763655,2.036752
59,11,279,ElbowLeft,0.06602955,0.0764749,1.904038
59,11,279,WristLeft,0.2454769,-0.005615118,1.803958
59,11,279,HandLeft,0.3540837,-0.04451839,1.753701
59,11,279,ShoulderRight,0.1775375,0.2373108,2.22446
59,11,279,ElbowRight,0.1914266,-0.009039122,2.286445
59,11,279,WristRight,0.1929417,-0.2058849,2.246252
59,11,279,HandRight,0.2153821,-0.2348378,2.299484
59,11,279,HipLeft,0.07952581,-0.2309829,2.081985
59,11,279,KneeLeft,-0.02932249,-0.4901335,2.038436
59,11,279,AnkleLeft,-0.2354036,-0.763025,2.167491
59,11,279,FootLeft,-0.1564138,-0.7979768,2.071874
59,11,279,HipRight,0.1654264,-0.2381135,2.145518
59,11,279,KneeRight,0.2943971,-0.5383974,2.083733
59,11,279,AnkleRight,0.3528384,-0.8591956,2.045794
59,11,279,FootRight,0.4051605,-0.9253939,1.971442
59,11,279,SpineShoulder,0.08759698,0.3407976,2.159743
59,11,279,HandTipLeft,0.4032194,-0.06503665,1.758887
59,11,279,ThumbLeft,0.356921,-0.01098025,1.723182
59,11,279,HandTipRight,0.2164905,-0.2359147,2.29053
59,11,279,ThumbRight,0.2170022,-0.2348826,2.280069
59,11,312,SpineBase,0.1818974,-0.2304314,2.127754
59,11,312,SpineMid,0.154591,0.1044006,2.135166
59,11,312,Neck,0.1271757,0.4281833,2.129127
59,11,312,Head,0.1867848,0.5406875,2.150674
59,11,312,ShoulderLeft,0.05472386,0.2879346,2.013788
59,11,312,ElbowLeft,0.07672483,0.07917069,1.903118
59,11,312,WristLeft,0.2466805,-0.01552799,1.801867
59,11,312,HandLeft,0.360404,-0.07131545,1.744603
59,11,312,ShoulderRight,0.224037,0.2450405,2.196363
59,11,312,ElbowRight,0.2375259,-0.001433166,2.258408
59,11,312,WristRight,0.2387964,-0.1983392,2.218241
59,11,312,HandRight,0.2612258,-0.2272957,2.271471
59,11,312,HipLeft,0.13596,-0.2206875,2.059196
59,11,312,KneeLeft,0.04392789,-0.4997852,2.005135
59,11,312,AnkleLeft,-0.1822824,-0.7513702,2.143782
59,11,312,FootLeft,-0.1050292,-0.7862689,2.046882
59,11,312,HipRight,0.2217057,-0.2324833,2.125319
59,11,312,KneeRight,0.3435854,-0.5324701,2.066004
59,11,312,AnkleRight,0.3619801,-0.8579563,2.037971
59,11,312,FootRight,0.4100072,-0.9284487,1.969122
59,11,312,SpineShoulder,0.134077,0.3487477,2.132901
59,11,312,HandTipLeft,0.4189095,-0.0886292,1.742852
59,11,312,ThumbLeft,0.3631819,-0.04504947,1.710755
59,11,313,HandTipRight,0.2621241,-0.2283952,2.262536
59,11,313,ThumbRight,0.2623618,-0.2273922,2.252101
59,11,348,SpineBase,0.2343417,-0.2125023,2.10373
59,11,348,SpineMid,0.2014442,0.1200009,2.11425
59,11,348,Neck,0.1646612,0.4401225,2.112971
59,11,348,Head,0.2280258,0.5499629,2.129939
59,11,348,ShoulderLeft,0.07782068,0.2957755,1.999989
59,11,348,ElbowLeft,0.1305974,0.06072927,1.885795
59,11,348,WristLeft,0.2863883,-0.07264815,1.780653
59,11,348,HandLeft,0.3618294,-0.1073654,1.740888
59,11,348,ShoulderRight,0.2614106,0.2569106,2.180218
59,11,348,ElbowRight,0.2745804,0.01030959,2.242332
59,11,348,WristRight,0.2756559,-0.1866683,2.202197
59,11,348,HandRight,0.2980758,-0.2156288,2.255426
59,11,348,HipLeft,0.1820128,-0.2034294,2.033829
59,11,348,KneeLeft,0.1257367,-0.5074443,1.969813
59,11,348,AnkleLeft,-0.1146714,-0.7339995,2.126377
59,11,348,FootLeft,-0.04131442,-0.7686057,2.025863
59,11,348,HipRight,0.2787022,-0.2144127,2.102757
59,11,348,KneeRight,0.3620567,-0.518956,2.060699
59,11,348,AnkleRight,0.3652206,-0.8574705,2.036296
59,11,348,FootRight,0.4150266,-0.9308565,1.967671
59,11,348,SpineShoulder,0.1741358,0.3616751,2.115466
59,11,348,HandTipLeft,0.4147786,-0.13483,1.731524
59,11,348,ThumbLeft,0.3749991,-0.07824857,1.705875
59,11,348,HandTipRight,0.2988057,-0.2167743,2.246507
59,11,348,ThumbRight,0.298824,-0.215831,2.236094
59,11,377,SpineBase,0.2625728,-0.2085513,2.096147
59,11,377,SpineMid,0.2330637,0.1276309,2.101207
59,11,378,Neck,0.2069468,0.4542783,2.089952
59,11,378,Head,0.2721773,0.5651857,2.110041
59,11,378,ShoulderLeft,0.1172065,0.3091697,1.976315
59,11,378,ElbowLeft,0.1339428,0.08342388,1.890815
59,11,378,WristLeft,0.2919797,-0.08556933,1.778037
59,11,378,HandLeft,0.3545043,-0.1499948,1.742087
59,11,378,ShoulderRight,0.3035708,0.2709756,2.15722
59,11,378,ElbowRight,0.3163739,0.02421347,2.219424
59,11,378,WristRight,0.3172248,-0.1728535,2.17933
59,11,378,HandRight,0.3396339,-0.2018191,2.232558
59,11,378,HipLeft,0.2208735,-0.1969685,2.030619
59,11,378,KneeLeft,0.1908269,-0.4793792,1.940511
59,11,378,AnkleLeft,-0.0257173,-0.7408777,2.078555
59,11,378,FootLeft,0.04525383,-0.7757983,1.977504
59,11,378,HipRight,0.2982806,-0.2124309,2.091897
59,11,378,KneeRight,0.3970772,-0.4819334,2.044536
59,11,378,AnkleRight,0.3690599,-0.8518777,2.034258
59,11,378,FootRight,0.4146063,-0.9324011,1.969385
59,11,378,SpineShoulder,0.2132274,0.3739457,2.095366
59,11,378,HandTipLeft,0.4021389,-0.1884522,1.733369
59,11,378,ThumbLeft,0.3496813,-0.178397,1.698095
59,11,378,HandTipRight,0.340169,-0.2030184,2.223662
59,11,378,ThumbRight,0.3399338,-0.2021451,2.213279
59,11,413,SpineBase,0.2920592,-0.1987806,2.071267
59,11,413,SpineMid,0.2694037,0.1416273,2.073731
59,11,413,Neck,0.2426607,0.4692341,2.06549
59,11,413,Head,0.301359,0.5859088,2.08967
59,11,413,ShoulderLeft,0.1458424,0.3232688,1.961814
59,11,413,ElbowLeft,0.1640526,0.06965553,1.887302
59,11,413,WristLeft,0.2941541,-0.1291163,1.778751
59,11,413,HandLeft,0.3330236,-0.1926624,1.749529
59,11,413,ShoulderRight,0.3391804,0.2858347,2.13279
59,11,414,ElbowRight,0.3516658,0.03890926,2.195087
59,11,414,WristRight,0.3523224,-0.1582639,2.155038
59,11,414,HandRight,0.3747223,-0.1872353,2.208267
59,11,414,HipLeft,0.2416381,-0.1826304,2.013924
59,11,414,KneeLeft,0.2722433,-0.5064875,1.903953
59,11,414,AnkleLeft,0.05244935,-0.7616724,2.048826
59,11,414,FootLeft,0.03902858,-0.87286,2.031108
59,11,414,HipRight,0.3342847,-0.2097521,2.056088
59,11,414,KneeRight,0.4129455,-0.4895646,2.032398
59,11,414,AnkleRight,0.3700458,-0.8578703,2.033196
59,11,414,FootRight,0.4146997,-0.9320941,1.968489
59,11,414,SpineShoulder,0.2499157,0.3890981,2.069512
59,11,414,HandTipLeft,0.3762158,-0.2389217,1.746607
59,11,414,ThumbLeft,0.3123351,-0.2102133,1.71981
59,11,414,HandTipRight,0.3750875,-0.1884922,2.199393
59,11,414,ThumbRight,0.3746306,-0.1876936,2.189038
59,11,444,SpineBase,0.3271779,-0.1575357,2.052275
59,11,444,SpineMid,0.3007682,0.1670312,2.054909
59,11,444,Neck,0.274489,0.4826005,2.044025
59,11,444,Head,0.3408317,0.5932547,2.058916
59,11,444,ShoulderLeft,0.1796469,0.3392627,1.944032
59,11,444,ElbowLeft,0.183046,0.08236708,1.880872
59,11,445,WristLeft,0.2669816,-0.1506173,1.800643
59,11,445,HandLeft,0.2839802,-0.2237397,1.79415
59,11,445,ShoulderRight,0.3709136,0.2991168,2.111358
59,11,445,ElbowRight,0.3831145,0.05203736,2.173748
59,11,445,WristRight,0.3835961,-0.1452217,2.133741
59,11,445,HandRight,0.4059871,-0.1741985,2.18697
59,11,445,HipLeft,0.2699626,-0.1593609,1.985105
59,11,445,KneeLeft,0.3225883,-0.4716291,1.879514
59,11,445,AnkleLeft,0.1541975,-0.7758303,1.998235
59,11,445,FootLeft,0.1752214,-0.8852267,1.978411
59,11,445,HipRight,0.3716326,-0.1514793,2.050328
59,11,445,KneeRight,0.447289,-0.4875257,2.043961
59,11,445,AnkleRight,0.3716463,-0.8512047,2.031879
59,11,445,FootRight,0.4073861,-0.9334269,1.968967
59,11,445,SpineShoulder,0.2807621,0.4049469,2.049272
59,11,445,HandTipLeft,0.3242543,-0.2799212,1.784166
59,11,445,ThumbLeft,0.2475194,-0.2447078,1.837952
59,11,445,HandTipRight,0.406199,-0.1755079,2.178118
59,11,445,ThumbRight,0.4055424,-0.1747777,2.167794
59,11,479,SpineBase,0.3648216,-0.1452124,2.029015
59,11,479,SpineMid,0.3376729,0.1805943,2.031585
59,11,479,Neck,0.3079654,0.4943558,2.022048
59,11,479,Head,0.3734002,0.6059456,2.035247
59,11,479,ShoulderLeft,0.2055087,0.3471632,1.928668
59,11,479,ElbowLeft,0.1919502,0.08840776,1.877566
59,11,479,WristLeft,0.2501999,-0.1557763,1.810126
59,11,479,HandLeft,0.2607631,-0.2097096,1.80291
59,11,479,ShoulderRight,0.4042868,0.3107912,2.08941
59,11,479,ElbowRight,0.4161862,0.0635687,2.1519
59,11,479,WristRight,0.416482,-0.1337666,2.111937
59,11,479,HandRight,0.4388637,-0.162748,2.165166
59,11,479,HipLeft,0.3089222,-0.1466636,1.958609
59,11,479,KneeLeft,0.35731,-0.4882379,1.875044
59,11,479,AnkleLeft,0.2544432,-0.8293186,1.966119
59,11,479,FootLeft,0.3345295,-0.9067727,1.918725
59,11,479,HipRight,0.4096859,-0.1382235,2.027962
59,11,479,KneeRight,0.4704122,-0.4769676,2.028222
59,11,479,AnkleRight,0.3729408,-0.8355412,2.027386
59,11,479,FootRight,0.3864438,-0.9271405,1.953857
59,11,479,SpineShoulder,0.3160756,0.4176629,2.02633
59,11,480,HandTipLeft,0.2728764,-0.2766291,1.777841
59,11,480,ThumbLeft,0.2933959,-0.2001583,1.816079
59,11,480,HandTipRight,0.4389132,-0.1641039,2.156343
59,11,480,ThumbRight,0.438045,-0.1634339,2.146055
59,11,511,SpineBase,0.400769,-0.1444256,2.007668
59,11,511,SpineMid,0.3716299,0.1831994,2.009454
59,11,511,Neck,0.3421842,0.4990484,1.997463
59,11,511,Head,0.4092711,0.6099422,2.009026
59,11,511,ShoulderLeft,0.2364217,0.3512132,1.910102
59,11,511,ElbowLeft,0.2026692,0.09232473,1.875198
59,11,511,WristLeft,0.2187591,-0.1610123,1.820827
59,11,511,HandLeft,0.218576,-0.2337963,1.811111
59,11,511,ShoulderRight,0.4383969,0.3154128,2.064839
59,11,511,ElbowRight,0.4499777,0.06809931,2.127417
59,11,511,WristRight,0.5381563,-0.172163,2.110412
59,11,511,HandRight,0.5620287,-0.226278,2.098737
59,11,511,HipLeft,0.3399251,-0.1482371,1.938583
59,11,511,KneeLeft,0.4212679,-0.4605429,1.832165
59,11,511,AnkleLeft,0.3205866,-0.8105304,1.882298
59,11,511,FootLeft,0.3963459,-0.8917325,1.846497
59,11,511,HipRight,0.4464526,-0.1354102,2.00738
59,11,511,KneeRight,0.518904,-0.468611,2.013717
59,11,511,AnkleRight,0.3743483,-0.8068374,1.941458
59,11,511,FootRight,0.4253263,-0.9042565,1.899518
59,11,512,SpineShoulder,0.3494627,0.4216718,2.00291
59,11,512,HandTipLeft,0.2231444,-0.3002857,1.811776
59,11,512,ThumbLeft,0.2493668,-0.222372,1.820636
59,11,512,HandTipRight,0.5801646,-0.2843137,2.077926
59,11,512,ThumbRight,0.544557,-0.229642,2.119167
59,11,546,SpineBase,0.4119945,-0.1430866,1.997453
59,11,546,SpineMid,0.3922971,0.1847968,1.99353
59,11,546,Neck,0.3728657,0.5006124,1.975983
59,11,546,Head,0.4384155,0.6107076,1.98173
59,11,546,ShoulderLeft,0.2747701,0.3527225,1.885455
59,11,546,ElbowLeft,0.2169579,0.09709778,1.869602
59,11,546,WristLeft,0.2123973,-0.1582056,1.824149
59,11,547,HandLeft,0.190711,-0.2323858,1.828442
59,11,547,ShoulderRight,0.4689768,0.3169217,2.043366
59,11,547,ElbowRight,0.4802684,0.0695505,2.106021
59,11,547,WristRight,0.592276,-0.1547321,2.07494
59,11,547,HandRight,0.6212671,-0.2069684,2.054113
59,11,547,HipLeft,0.3571576,-0.1454943,1.91575
59,11,547,KneeLeft,0.4797483,-0.4603561,1.79981
59,11,547,AnkleLeft,0.4782471,-0.8291448,1.826177
59,11,547,FootLeft,0.5336549,-0.8626688,1.721065
59,11,547,HipRight,0.4538379,-0.1349917,2.004269
59,11,547,KneeRight,0.3608831,-0.4692813,2.015103
59,11,547,AnkleRight,0.3824624,-0.8392131,2.012765
59,11,547,FootRight,0.4393429,-0.9027323,1.905165
59,11,547,SpineShoulder,0.3781049,0.4233228,1.982449
59,11,547,HandTipLeft,0.1920734,-0.3008621,1.838302
59,11,547,ThumbLeft,0.2211394,-0.212133,1.831066
59,11,547,HandTipRight,0.6409503,-0.2635353,2.02585
59,11,547,ThumbRight,0.6031792,-0.2140789,2.063815
59,11,579,SpineBase,0.4597785,-0.1459701,1.971924
59,11,579,SpineMid,0.4361222,0.1815172,1.966995
59,11,579,Neck,0.4079691,0.4972701,1.950912
59,11,579,Head,0.4756731,0.6067303,1.956359
59,11,579,ShoulderLeft,0.3033877,0.3514304,1.867476
59,11,579,ElbowLeft,0.2306826,0.09989849,1.8667
59,11,579,WristLeft,0.199025,-0.154945,1.832929
59,11,579,HandLeft,0.1708522,-0.2286394,1.84415
59,11,579,ShoulderRight,0.5039587,0.3135279,2.01829
59,11,579,ElbowRight,0.5149111,0.06613253,2.081026
59,11,579,WristRight,0.638238,-0.1254387,2.043546
59,11,579,HandRight,0.6765447,-0.1916355,2.01581
59,11,579,HipLeft,0.3940006,-0.1464876,1.900738
59,11,579,KneeLeft,0.4835918,-0.465475,1.796171
59,11,579,AnkleLeft,0.5728589,-0.8212799,1.763789
59,11,579,FootLeft,0.6238753,-0.8544267,1.656895
59,11,579,HipRight,0.5038639,-0.1401691,1.975691
59,11,579,KneeRight,0.4496668,-0.4800653,1.99677
59,11,579,AnkleRight,0.3857977,-0.7467998,1.984767
59,11,579,FootRight,0.4404295,-0.7819894,1.876083
59,11,579,SpineShoulder,0.4152336,0.4199888,1.957135
59,11,579,HandTipLeft,0.1596829,-0.2962419,1.858474
59,11,579,ThumbLeft,0.2015364,-0.2240597,1.844636
59,11,579,HandTipRight,0.6982208,-0.2465224,1.991634
59,11,579,ThumbRight,0.6708761,-0.2085025,2.021191
59,11,615,SpineBase,0.485269,-0.153541,1.942802
59,11,615,SpineMid,0.4602348,0.1749702,1.943095
59,11,615,Neck,0.4343404,0.4908959,1.928718
59,11,615,Head,0.5036523,0.5990931,1.932374
59,11,615,ShoulderLeft,0.3344736,0.3447964,1.842896
59,11,615,ElbowLeft,0.2441571,0.1002355,1.857249
59,11,615,WristLeft,0.1943842,-0.1525976,1.835345
59,11,615,HandLeft,0.1613457,-0.2226938,1.849504
59,11,615,ShoulderRight,0.5302349,0.3071149,1.996087
59,11,615,ElbowRight,0.5409199,0.05972413,2.05888
59,11,615,WristRight,0.6792738,-0.1092836,2.011164
59,11,615,HandRight,0.7232263,-0.1795463,1.976519
59,11,615,HipLeft,0.4301224,-0.1495351,1.866577
59,11,615,KneeLeft,0.489149,-0.4672301,1.785136
59,11,615,AnkleLeft,0.6510854,-0.7902487,1.705744
59,11,615,FootLeft,0.7021402,-0.8235074,1.600481
59,11,615,HipRight,0.5265968,-0.1524868,1.945885
59,11,615,KneeRight,0.4394669,-0.4827829,1.98431
59,11,615,AnkleRight,0.3752207,-0.8769594,2.01841
59,11,615,FootRight,0.4209279,-0.9411479,1.974381
59,11,615,SpineShoulder,0.4412489,0.4135646,1.934427
59,11,615,HandTipLeft,0.1482719,-0.2883278,1.865724
59,11,615,ThumbLeft,0.1869582,-0.2301978,1.847167
59,11,615,HandTipRight,0.751842,-0.2306091,1.946673
59,11,615,ThumbRight,0.7162431,-0.2046608,1.971357
59,11,647,SpineBase,0.5217447,-0.1630022,1.92073
59,11,647,SpineMid,0.4970097,0.1650482,1.915477
59,11,647,Neck,0.4683783,0.4813443,1.897903
59,11,647,Head,0.5473256,0.5840073,1.901874
59,11,648,ShoulderLeft,0.3646702,0.3340845,1.818268
59,11,648,ElbowLeft,0.2631854,0.09439255,1.837307
59,11,648,WristLeft,0.19199,-0.1534584,1.834702
59,11,648,HandLeft,0.1556122,-0.2265287,1.850313
59,11,648,ShoulderRight,0.5641451,0.2975112,1.965258
59,11,648,ElbowRight,0.5744737,0.05013341,2.028131
59,11,648,WristRight,0.7267302,-0.1158967,1.975798
59,11,648,HandRight,0.7701622,-0.1786614,1.937784
59,11,648,HipLeft,0.4558686,-0.1570665,1.855105
59,11,648,KneeLeft,0.5341388,-0.4685604,1.754098
59,11,648,AnkleLeft,0.7054424,-0.7730535,1.658461
59,11,648,FootLeft,0.752919,-0.8066814,1.551803
59,11,648,HipRight,0.5665885,-0.1622384,1.917426
59,11,648,KneeRight,0.4809861,-0.4924794,1.957862
59,11,648,AnkleRight,0.3771698,-0.8776608,2.016714
59,11,648,FootRight,0.4205792,-0.9409717,1.972711
59,11,648,SpineShoulder,0.475928,0.4039584,1.904515
59,11,648,HandTipLeft,0.1432723,-0.286493,1.872334
59,11,648,ThumbLeft,0.1886968,-0.2216076,1.847218
59,11,648,HandTipRight,0.7980757,-0.2239466,1.90194
59,11,648,ThumbRight,0.7712764,-0.2089109,1.938167
59,11,681,SpineBase,0.549871,-0.1680538,1.881083
59,11,681,SpineMid,0.5235567,0.1555075,1.884945
59,11,681,Neck,0.4959571,0.4669377,1.873334
59,11,681,Head,0.5727849,0.572149,1.878389
59,11,681,ShoulderLeft,0.3893494,0.3198829,1.793743
59,11,681,ElbowLeft,0.2838458,0.0817987,1.812762
59,11,681,WristLeft,0.1919187,-0.1578025,1.829025
59,11,681,HandLeft,0.1580351,-0.2327871,1.84366
59,11,681,ShoulderRight,0.5916114,0.2830817,1.940659
59,11,681,ElbowRight,0.6016418,0.03576744,2.003585
59,11,681,WristRight,0.7658127,-0.122019,1.939466
59,11,681,HandRight,0.8116232,-0.1826436,1.898466
59,11,682,HipLeft,0.4885767,-0.1678814,1.809193
59,11,682,KneeLeft,0.5903261,-0.4461243,1.725415
59,11,682,AnkleLeft,0.7534868,-0.7684157,1.632723
59,11,682,FootLeft,0.7998982,-0.8016176,1.526021
59,11,682,HipRight,0.5889992,-0.1623992,1.887069
59,11,682,KneeRight,0.5106074,-0.4900986,1.942945
59,11,682,AnkleRight,0.380946,-0.8789006,2.013307
59,11,682,FootRight,0.4241163,-0.9425859,1.971315
59,11,682,SpineShoulder,0.503294,0.3907448,1.878468
59,11,682,HandTipLeft,0.1424971,-0.2945171,1.88799
59,11,682,ThumbLeft,0.1945549,-0.2271852,1.839385
59,11,682,HandTipRight,0.8412998,-0.2301881,1.862781
59,11,682,ThumbRight,0.8203204,-0.2372551,1.872889
59,11,712,SpineBase,0.5514923,-0.1773133,1.828819
59,11,712,SpineMid,0.5391998,0.1432559,1.846319
59,11,712,Neck,0.5228511,0.4514959,1.847688
59,11,712,Head,0.6020615,0.5516938,1.845486
59,11,712,ShoulderLeft,0.4150591,0.3048781,1.76426
59,11,712,ElbowLeft,0.3000511,0.07199892,1.789111
59,11,712,WristLeft,0.2039081,-0.1663966,1.801932
59,11,712,HandLeft,0.1683857,-0.240562,1.820485
59,11,712,ShoulderRight,0.6183903,0.2676181,1.914982
59,11,713,ElbowRight,0.6281194,0.02038317,1.977961
59,11,713,WristRight,0.8075042,-0.1451408,1.89568
59,11,713,HandRight,0.845976,-0.1917338,1.861313
59,11,713,HipLeft,0.4874271,-0.1759605,1.757339
59,11,713,KneeLeft,0.6386386,-0.4082278,1.687008
59,11,713,AnkleLeft,0.7074465,-0.6785914,1.610909
59,11,713,FootLeft,0.7811967,-0.7533485,1.560284
59,11,713,HipRight,0.5948485,-0.1720579,1.831992
59,11,713,KneeRight,0.5550453,-0.5035251,1.892472
59,11,713,AnkleRight,0.396642,-0.8673861,1.998872
59,11,713,FootRight,0.4254292,-0.939652,1.967193
59,11,713,SpineShoulder,0.5271993,0.3762883,1.850034
59,11,713,HandTipLeft,0.1527322,-0.3029537,1.867466
59,11,713,ThumbLeft,0.2084499,-0.2296708,1.811
59,11,713,HandTipRight,0.8735409,-0.2406376,1.829641
59,11,713,ThumbRight,0.8182292,-0.2064436,1.855636
59,11,745,SpineBase,0.6150575,-0.2031668,1.837814
59,11,745,SpineMid,0.585709,0.1211546,1.834434
59,11,745,Neck,0.5501469,0.4353335,1.820783
59,11,745,Head,0.6272534,0.5392332,1.821637
59,11,745,ShoulderLeft,0.436202,0.2919278,1.741963
59,11,745,ElbowLeft,0.3229778,0.05625124,1.754654
59,11,745,WristLeft,0.2341111,-0.1805611,1.763068
59,11,745,HandLeft,0.1924391,-0.2508946,1.786452
59,11,745,ShoulderRight,0.6455634,0.2514348,1.888046
59,11,745,ElbowRight,0.6549791,0.004286173,1.951085
59,11,745,WristRight,0.8380513,-0.158749,1.87351
59,11,745,HandRight,0.8761291,-0.2075371,1.825416
59,11,746,HipLeft,0.5490039,-0.2033661,1.77837
59,11,746,KneeLeft,0.6899619,-0.3825802,1.636585
59,11,746,AnkleLeft,0.7462276,-0.7109062,1.582998
59,11,746,FootLeft,0.8192827,-0.7850868,1.53294
59,11,746,HipRight,0.6583989,-0.1955098,1.829674
59,11,746,KneeRight,0.6498388,-0.5186273,1.915022
59,11,746,AnkleRight,0.4463525,-0.8247225,1.97199
59,11,746,FootRight,0.4396881,-0.9290003,1.955456
59,11,746,SpineShoulder,0.5589362,0.3587222,1.826334
59,11,746,HandTipLeft,0.1652905,-0.3100733,1.826203
59,11,746,ThumbLeft,0.2266862,-0.2525143,1.783084
59,11,746,HandTipRight,0.9037849,-0.2537781,1.796715
59,11,746,ThumbRight,0.8798187,-0.2361279,1.827864
59,11,779,SpineBase,0.6405262,-0.2160972,1.813189
59,11,779,SpineMid,0.6066272,0.1106466,1.813126
59,11,779,Neck,0.5712793,0.4245241,1.797852
59,11,779,Head,0.6506709,0.5246467,1.793918
59,11,779,ShoulderLeft,0.4734736,0.2789885,1.713785
59,11,779,ElbowLeft,0.3538495,0.04598035,1.724358
59,11,779,WristLeft,0.2680772,-0.1974296,1.722375
59,11,779,HandLeft,0.2244885,-0.2734475,1.746548
59,11,779,ShoulderRight,0.6665984,0.2405995,1.8651
59,11,779,ElbowRight,0.6757636,-0.006500732,1.928199
59,11,779,WristRight,0.8560944,-0.1655997,1.835598
59,11,779,HandRight,0.8893776,-0.212045,1.799648
59,11,779,HipLeft,0.5748158,-0.2150496,1.753887
59,11,779,KneeLeft,0.7211701,-0.4069424,1.611732
59,11,779,AnkleLeft,0.8118213,-0.7337233,1.551016
59,11,779,FootLeft,0.8596243,-0.767151,1.447242
59,11,779,HipRight,0.6824604,-0.2091627,1.80532
59,11,779,KneeRight,0.6531197,-0.5422155,1.86073
59,11,779,AnkleRight,0.468224,-0.8205165,1.958628
59,11,780,FootRight,0.4702128,-0.8983707,1.939209
59,11,780,SpineShoulder,0.5808125,0.3476463,1.803591
59,11,780,HandTipLeft,0.1935001,-0.3313057,1.785224
59,11,780,ThumbLeft,0.258237,-0.2764491,1.7446
59,11,780,HandTipRight,0.9217006,-0.2697121,1.761602
59,11,780,ThumbRight,0.8867887,-0.2272251,1.810091
59,11,814,SpineBase,0.7023515,-0.2194377,1.846717
59,11,814,SpineMid,0.6466449,0.1051112,1.816739
59,11,814,Neck,0.5904234,0.4191182,1.781202
59,11,814,Head,0.6656192,0.5187629,1.771146
59,11,814,ShoulderLeft,0.4816808,0.2760834,1.707562
59,11,814,ElbowLeft,0.3821901,0.03268423,1.698798
59,11,814,WristLeft,0.3135374,-0.203292,1.682758
59,11,814,HandLeft,0.2751315,-0.288384,1.696444
59,11,814,ShoulderRight,0.6856558,0.2351725,1.848448
59,11,815,ElbowRight,0.7912646,0.002910383,1.866053
59,11,815,WristRight,0.8704537,-0.1731549,1.825164
59,11,815,HandRight,0.904869,-0.2303473,1.766539
59,11,815,HipLeft,0.6301343,-0.2246725,1.788636
59,11,815,KneeLeft,0.7392935,-0.3875788,1.594823
59,11,815,AnkleLeft,0.7051113,-0.5992701,1.787872
59,11,815,FootLeft,0.7504459,-0.6365376,1.678026
59,11,815,HipRight,0.7491474,-0.2063173,1.838225
59,11,815,KneeRight,0.7403147,-0.5187119,1.947882
59,11,815,AnkleRight,0.5166877,-0.80506,1.928769
59,11,815,FootRight,0.5020235,-0.8754798,1.93638
59,11,815,SpineShoulder,0.6027334,0.3426026,1.792253
59,11,815,HandTipLeft,0.2423989,-0.3513859,1.721402
59,11,815,ThumbLeft,0.320886,-0.2639492,1.695909
59,11,815,HandTipRight,0.9289953,-0.2907352,1.733534
59,11,815,ThumbRight,0.912384,-0.2967829,1.748833
59,11,846,SpineBase,0.7063754,-0.2191071,1.790187
59,11,846,SpineMid,0.658902,0.1066922,1.791343
59,11,846,Neck,0.6069179,0.4207864,1.768679
59,11,846,Head,0.6790704,0.5197865,1.754096
59,11,846,ShoulderLeft,0.4946725,0.2754332,1.698487
59,11,846,ElbowLeft,0.3988148,0.03051575,1.67876
59,11,846,WristLeft,0.3865054,-0.1588425,1.650305
59,11,846,HandLeft,0.35742,-0.2456426,1.650072
59,11,846,ShoulderRight,0.7020807,0.2368113,1.835943
59,11,846,ElbowRight,0.8021318,0.002873304,1.859072
59,11,846,WristRight,0.9032286,-0.2138953,1.760236
59,11,846,HandRight,0.9146041,-0.2477676,1.730646
59,11,846,HipLeft,0.6350726,-0.2181785,1.734068
59,11,846,KneeLeft,0.7637455,-0.3945289,1.575291
59,11,846,AnkleLeft,0.7306163,-0.6231069,1.77853
59,11,846,FootLeft,0.7747924,-0.6589633,1.667799
59,11,847,HipRight,0.7514423,-0.2119425,1.780079
59,11,847,KneeRight,0.7293562,-0.5390526,1.854932
59,11,847,AnkleRight,0.5506147,-0.8137023,1.905407
59,11,847,FootRight,0.584712,-0.8789989,1.896643
59,11,847,SpineShoulder,0.620317,0.3440812,1.776452
59,11,847,HandTipLeft,0.3384016,-0.3057781,1.631834
59,11,847,ThumbLeft,0.3756606,-0.2684493,1.6552
59,11,847,HandTipRight,0.9202362,-0.3097314,1.71918
59,11,847,ThumbRight,0.8741078,-0.2244269,1.7252
59,11,880,SpineBase,0.6980274,-0.2041064,1.762696
59,11,880,SpineMid,0.6630067,0.1179788,1.770287
59,11,880,Neck,0.6209174,0.4290133,1.758838
59,11,881,Head,0.6903788,0.5299879,1.739946
59,11,881,ShoulderLeft,0.5093212,0.2854171,1.690944
59,11,881,ElbowLeft,0.419515,0.0382293,1.668523
59,11,881,WristLeft,0.4213473,-0.2064651,1.609141
59,11,881,HandLeft,0.413182,-0.279437,1.596254
59,11,881,ShoulderRight,0.7160276,0.2449968,1.826139
59,11,882,ElbowRight,0.8169811,0.01141948,1.849136
59,11,882,WristRight,0.9041579,-0.2136379,1.755635
59,11,882,HandRight,0.910927,-0.2459307,1.717758
59,11,882,HipLeft,0.6288418,-0.2000923,1.703397
59,11,882,KneeLeft,0.7696055,-0.3874107,1.581138
59,11,882,AnkleLeft,0.7331317,-0.6549444,1.785675
59,11,882,FootLeft,0.7770287,-0.6902596,1.674795
59,11,882,HipRight,0.7410544,-0.2000721,1.755329
59,11,882,KneeRight,0.7011063,-0.5364973,1.798174
59,11,882,AnkleRight,0.5554773,-0.8566285,1.901223
59,11,882,FootRight,0.6540029,-0.9053276,1.859212
59,11,882,SpineShoulder,0.6316841,0.3525214,1.764646
59,11,882,HandTipLeft,0.4070489,-0.3416998,1.574045
59,11,882,ThumbLeft,0.4252658,-0.33103,1.5698
59,11,882,HandTipRight,0.9154035,-0.3122157,1.703062
59,11,882,ThumbRight,0.9038348,-0.2931917,1.7112
59,11,913,SpineBase,0.7459832,-0.1919961,1.750524
59,11,913,SpineMid,0.6898526,0.1317109,1.756544
59,11,913,Neck,0.6358106,0.4430845,1.747815
59,11,913,Head,0.6971859,0.5448075,1.724662
59,11,913,ShoulderLeft,0.5191831,0.3004795,1.685598
59,11,913,ElbowLeft,0.4412281,0.0526309,1.665514
59,11,913,WristLeft,0.4736387,-0.1450874,1.586553
59,11,913,HandLeft,0.4895092,-0.2290543,1.562139
59,11,913,ShoulderRight,0.7308702,0.2590084,1.815174
59,11,914,ElbowRight,0.8315083,0.02525719,1.838535
59,11,914,WristRight,0.8978712,-0.204361,1.737396
59,11,914,HandRight,0.8972211,-0.2422806,1.705408
59,11,914,HipLeft,0.6804863,-0.1879612,1.693226
59,11,914,KneeLeft,0.7821429,-0.4027484,1.576578
59,11,914,AnkleLeft,0.7508249,-0.6563821,1.763383
59,11,914,FootLeft,0.7924096,-0.6911274,1.651104
59,11,914,HipRight,0.7820717,-0.1892337,1.742788
59,11,914,KneeRight,0.7567315,-0.5254544,1.790336
59,11,914,AnkleRight,0.6416109,-0.7740644,1.808832
59,11,914,FootRight,0.7051232,-0.8606727,1.790058
59,11,914,SpineShoulder,0.6498536,0.3671453,1.752204
59,11,914,HandTipLeft,0.4945911,-0.2853692,1.52099
59,11,914,ThumbLeft,0.5118247,-0.2004288,1.571862
59,11,914,HandTipRight,0.9029815,-0.301298,1.67518
59,11,914,ThumbRight,0.8908668,-0.2724951,1.716429
59,11,945,SpineBase,0.7798932,-0.173033,1.752366
59,11,945,SpineMid,0.712441,0.1461373,1.751937
59,11,945,Neck,0.6457961,0.453266,1.740316
59,11,945,Head,0.7002673,0.5634695,1.712695
59,11,945,ShoulderLeft,0.5268192,0.3120337,1.682139
59,11,945,ElbowLeft,0.458227,0.08350024,1.658919
59,11,945,WristLeft,0.5209539,-0.1040546,1.568804
59,11,945,HandLeft,0.5600449,-0.1802829,1.534834
59,11,945,ShoulderRight,0.740823,0.2691483,1.807718
59,11,945,ElbowRight,0.8414138,0.03532203,1.83117
59,11,945,WristRight,0.9013043,-0.1834121,1.702624
59,11,945,HandRight,0.8861235,-0.22763,1.683659
59,11,945,HipLeft,0.7072158,-0.1755306,1.694776
59,11,945,KneeLeft,0.7137167,-0.4310368,1.601853
59,11,945,AnkleLeft,0.692583,-0.7082332,1.772694
59,11,945,FootLeft,0.7349073,-0.80843,1.747612
59,11,945,HipRight,0.8253911,-0.1622586,1.744915
59,11,945,KneeRight,0.787402,-0.4998246,1.788313
59,11,945,AnkleRight,0.7595773,-0.7707397,1.746415
59,11,945,FootRight,0.7519531,-0.8422852,1.768555
59,11,945,SpineShoulder,0.6623875,0.378015,1.745311
59,11,945,HandTipLeft,0.5844107,-0.2322659,1.481695
59,11,946,ThumbLeft,0.5903203,-0.1771981,1.52765
59,11,946,HandTipRight,0.8977605,-0.3011326,1.654231
59,11,946,ThumbRight,0.8448063,-0.2335442,1.667278
59,11,981,SpineBase,0.7784063,-0.1590061,1.751313
59,11,981,SpineMid,0.7165498,0.1555446,1.749403
59,11,981,Neck,0.6540212,0.4604662,1.734995
59,11,981,Head,0.7008382,0.5765305,1.702627
59,11,981,ShoulderLeft,0.5299116,0.3238483,1.681066
59,11,981,ElbowLeft,0.4649148,0.1040501,1.65677
59,11,981,WristLeft,0.5874466,-0.09571795,1.54202
59,11,981,HandLeft,0.6219904,-0.1510353,1.522811
59,11,981,ShoulderRight,0.814857,0.3449979,1.789175
59,11,981,ElbowRight,0.9148623,0.1105565,1.813138
59,11,981,WristRight,0.8877003,-0.127188,1.707526
59,11,981,HandRight,0.8807405,-0.1852991,1.680419
59,11,981,HipLeft,0.7062265,-0.1644374,1.696599
59,11,981,KneeLeft,0.7122198,-0.4429409,1.603231
59,11,981,AnkleLeft,0.7933457,-0.7744606,1.730258
59,11,981,FootLeft,0.814906,-0.8078227,1.609162
59,11,981,HipRight,0.8222497,-0.1465971,1.740227
59,11,981,KneeRight,0.7921117,-0.4851214,1.782613
59,11,981,AnkleRight,0.7479958,-0.7542992,1.740556
59,11,981,FootRight,0.7879391,-0.8533348,1.727535
59,11,981,SpineShoulder,0.669862,0.3858854,1.740739
59,11,981,HandTipLeft,0.6608163,-0.2000256,1.466047
59,11,981,ThumbLeft,0.5943653,-0.1665884,1.58534
59,11,981,HandTipRight,0.8704177,-0.2472785,1.648561
59,11,981,ThumbRight,0.825609,-0.1787046,1.652667
59,12,012,SpineBase,0.7715558,-0.1523351,1.74536
59,12,012,SpineMid,0.7168345,0.1602864,1.745427
59,12,012,Neck,0.6591864,0.4646181,1.730865
59,12,012,Head,0.6979252,0.584349,1.695637
59,12,012,ShoulderLeft,0.5302272,0.3349082,1.682812
59,12,012,ElbowLeft,0.4741945,0.1166497,1.657714
59,12,012,WristLeft,0.5981875,-0.03333237,1.547959
59,12,012,HandLeft,0.6583559,-0.09462185,1.516914
59,12,012,ShoulderRight,0.8190969,0.3456828,1.783151
59,12,012,ElbowRight,1.017546,0.1885293,1.78684
59,12,012,WristRight,0.9394361,-0.05091104,1.716108
59,12,012,HandRight,0.8980224,-0.1125146,1.694977
59,12,012,HipLeft,0.6932031,-0.1528665,1.69365
59,12,012,KneeLeft,0.7004057,-0.451308,1.605676
59,12,012,AnkleLeft,0.8145864,-0.7986726,1.551593
59,12,012,FootLeft,0.8325841,-0.8308243,1.430986
59,12,012,HipRight,0.8189085,-0.143408,1.731271
59,12,012,KneeRight,0.7230108,-0.4816675,1.727116
59,12,012,AnkleRight,0.9161499,-0.4531091,1.524733
59,12,012,FootRight,0.8710896,-0.5661963,1.500721
59,12,012,SpineShoulder,0.6737559,0.3901023,1.736745
59,12,012,HandTipLeft,0.6993319,-0.1449623,1.458598
59,12,012,ThumbLeft,0.6540578,-0.1399228,1.571636
59,12,012,HandTipRight,0.8850795,-0.1707295,1.636604
59,12,012,ThumbRight,0.8650929,-0.1371408,1.648
59,12,048,SpineBase,0.7258938,-0.1470752,1.721494
59,12,048,SpineMid,0.7075132,0.1641051,1.735597
59,12,048,Neck,0.6619459,0.4661357,1.727433
59,12,048,Head,0.6945148,0.5897609,1.690346
59,12,048,ShoulderLeft,0.5303404,0.3413893,1.685742
59,12,048,ElbowLeft,0.4804366,0.1250063,1.65983
59,12,048,WristLeft,0.6060076,-0.02183313,1.545863
59,12,048,HandLeft,0.6745975,-0.05825366,1.528414
59,12,048,ShoulderRight,0.8363523,0.3515669,1.780658
59,12,048,ElbowRight,1.025958,0.192977,1.784956
59,12,048,WristRight,0.8050308,0.1038416,1.66988
59,12,048,HandRight,0.7281163,0.07013591,1.62761
59,12,048,HipLeft,0.6584943,-0.1467059,1.680507
59,12,048,KneeLeft,0.7004836,-0.4518615,1.60558
59,12,048,AnkleLeft,0.8170746,-0.800895,1.557769
59,12,048,FootLeft,0.7323499,-0.7400025,1.491178
59,12,048,HipRight,0.7712619,-0.1428577,1.698851
59,12,048,KneeRight,0.7050809,-0.483804,1.715071
59,12,048,AnkleRight,0.9427543,-0.8062312,1.72466
59,12,048,FootRight,0.8577873,-0.8106826,1.593996
59,12,048,SpineShoulder,0.6746279,0.3917701,1.732857
59,12,048,HandTipLeft,0.7085214,-0.08491924,1.443051
59,12,048,ThumbLeft,0.6776094,-0.1032744,1.567719
59,12,048,HandTipRight,0.6528577,0.02107937,1.59763
59,12,048,ThumbRight,0.6964145,0.1414838,1.612333
59,12,080,SpineBase,0.7353964,-0.1444712,1.720309
59,12,080,SpineMid,0.7086263,0.1653145,1.732994
59,12,080,Neck,0.6647417,0.4663376,1.725033
59,12,081,Head,0.6913955,0.5935444,1.687583
59,12,081,ShoulderLeft,0.5310184,0.3478565,1.691933
59,12,081,ElbowLeft,0.4864375,0.1346191,1.668415
59,12,081,WristLeft,0.6349811,3.287263E-05,1.544157
59,12,081,HandLeft,0.7265142,-0.0331486,1.468155
59,12,081,ShoulderRight,0.8434866,0.3528546,1.772023
59,12,081,ElbowRight,1.031919,0.1960717,1.771651
59,12,081,WristRight,0.8084696,0.1070179,1.661588
59,12,081,HandRight,0.7326792,0.07840212,1.622027
59,12,081,HipLeft,0.6621523,-0.1451085,1.680164
59,12,081,KneeLeft,0.702975,-0.4597575,1.604004
59,12,081,AnkleLeft,0.772807,-0.7203637,1.553287
59,12,081,FootLeft,0.7115507,-0.593907,1.549351
59,12,081,HipRight,0.7832708,-0.1393486,1.695793
59,12,081,KneeRight,0.7114797,-0.4794095,1.713216
59,12,081,AnkleRight,0.9682869,-0.7403671,1.706171
59,12,081,FootRight,0.8815184,-0.792684,1.597528
59,12,081,SpineShoulder,0.6768603,0.3923977,1.730005
59,12,081,HandTipLeft,0.7823696,-0.0496321,1.445114
59,12,081,ThumbLeft,0.7880436,-0.06383014,1.45775
59,12,081,HandTipRight,0.6498306,0.03276363,1.573911
59,12,081,ThumbRight,0.6965362,0.1434818,1.609573
59,12,115,SpineBase,0.7470468,-0.1413553,1.718036
59,12,115,SpineMid,0.7143235,0.166847,1.729272
59,12,115,Neck,0.6732196,0.4657138,1.721822
59,12,115,Head,0.6877683,0.5948761,1.685218
59,12,115,ShoulderLeft,0.5332323,0.3522218,1.70117
59,12,115,ElbowLeft,0.4961139,0.1441544,1.692
59,12,115,WristLeft,0.6365526,0.004979758,1.546342
59,12,115,HandLeft,0.7171894,-0.008487172,1.467405
59,12,115,ShoulderRight,0.8507578,0.3561835,1.760002
59,12,115,ElbowRight,1.03654,0.1924003,1.748294
59,12,115,WristRight,0.8275292,0.08739536,1.624352
59,12,115,HandRight,0.7147645,-0.004447673,1.473169
59,12,115,HipLeft,0.6700047,-0.1429891,1.68076
59,12,115,KneeLeft,0.7038865,-0.4580704,1.603767
59,12,115,AnkleLeft,0.7718799,-0.7192978,1.553696
59,12,115,FootLeft,0.7098799,-0.5933079,1.550341
59,12,115,HipRight,0.7970976,-0.1347128,1.689337
59,12,115,KneeRight,0.7187133,-0.4734992,1.708994
59,12,115,AnkleRight,0.980011,-0.7442526,1.706079
59,12,115,FootRight,0.8877413,-0.789951,1.597381
59,12,115,SpineShoulder,0.6843002,0.3925155,1.726331
59,12,115,HandTipLeft,0.765299,-0.03104975,1.439904
59,12,115,ThumbLeft,0.7102991,-0.02968398,1.47475
59,12,115,HandTipRight,0.699762,-0.02478236,1.449593
59,12,115,ThumbRight,0.6703269,0.0005827743,1.491639
59,12,145,SpineBase,0.7521564,-0.1417739,1.716578
59,12,145,SpineMid,0.7200517,0.1664719,1.725857
59,12,145,Neck,0.6819855,0.464149,1.718179
59,12,145,Head,0.6818346,0.5940099,1.682393
59,12,145,ShoulderLeft,0.5357701,0.3520144,1.713619
59,12,145,ElbowLeft,0.505312,0.1452945,1.71519
59,12,145,WristLeft,0.6382709,0.006910454,1.546438
59,12,145,HandLeft,0.7106083,0.002097452,1.471761
59,12,145,ShoulderRight,0.8564665,0.3543006,1.741061
59,12,145,ElbowRight,0.7900013,0.1724175,1.606372
59,12,145,WristRight,0.6957594,0.001919852,1.50665
59,12,145,HandRight,0.7119851,0.002528885,1.472424
59,12,145,HipLeft,0.6741642,-0.1438523,1.681718
59,12,145,KneeLeft,0.7074119,-0.4560605,1.601695
59,12,145,AnkleLeft,0.7712861,-0.7187051,1.553837
59,12,145,FootLeft,0.6854481,-0.6039829,1.510028
59,12,145,HipRight,0.8030956,-0.1344304,1.68484
59,12,145,KneeRight,0.7237696,-0.4728104,1.706149
59,12,145,AnkleRight,0.9816416,-0.744638,1.70532
59,12,145,FootRight,0.8880119,-0.7835364,1.593356
59,12,145,SpineShoulder,0.6922236,0.3913466,1.722489
59,12,145,HandTipLeft,0.7466311,-0.007575755,1.443808
59,12,145,ThumbLeft,0.7496632,-0.03586794,1.466
59,12,145,HandTipRight,0.725086,-0.01875869,1.439668
59,12,145,ThumbRight,0.6647159,-0.002251945,1.496596
59,12,179,SpineBase,0.7544681,-0.1430431,1.71812
59,12,179,SpineMid,0.7227612,0.1652009,1.724646
59,12,179,Neck,0.6873314,0.4616716,1.713763
59,12,179,Head,0.6738026,0.5903394,1.67975
59,12,179,ShoulderLeft,0.5359551,0.3515531,1.713527
59,12,179,ElbowLeft,0.517475,0.1447039,1.749018
59,12,180,WristLeft,0.6497623,0.01077115,1.567942
59,12,180,HandLeft,0.704341,-0.003091699,1.480656
59,12,180,ShoulderRight,0.8582106,0.3514701,1.719338
59,12,180,ElbowRight,0.9097545,0.09673379,1.706042
59,12,180,WristRight,0.7078665,0.01435668,1.555457
59,12,180,HandRight,0.6663774,-0.002339498,1.525015
59,12,180,HipLeft,0.6775339,-0.1467369,1.689561
59,12,180,KneeLeft,0.7082929,-0.4541368,1.602327
59,12,180,AnkleLeft,0.7979024,-0.7665634,1.541086
59,12,180,FootLeft,0.7140865,-0.6484026,1.511701
59,12,180,HipRight,0.8049467,-0.1351006,1.683883
59,12,180,KneeRight,0.7247431,-0.4732437,1.705619
59,12,180,AnkleRight,0.9665457,-0.6898931,1.69071
59,12,180,FootRight,0.8828959,-0.7542265,1.589333
59,12,180,SpineShoulder,0.6968508,0.3892179,1.718923
59,12,180,HandTipLeft,0.7365664,-0.01155836,1.458638
59,12,180,ThumbLeft,0.7251561,-0.03317961,1.504286
59,12,180,HandTipRight,0.6639237,-0.01240794,1.476833
59,12,180,ThumbRight,0.6229008,0.007321525,1.537912
