59,21,545,SpineBase,-1.711112,-0.2048747,2.953064
59,21,545,SpineMid,-1.692093,0.1146953,2.951376
59,21,545,Neck,-1.666775,0.42513,2.934739
59,21,545,Head,-1.619342,0.5374228,2.928104
59,21,545,ShoulderLeft,-1.722325,0.312126,2.824093
59,21,545,ElbowLeft,-1.746376,0.1353289,2.74118
59,21,545,WristLeft,-1.581136,-0.06140253,2.694575
59,21,545,HandLeft,-1.514102,-0.1425369,2.686359
59,21,545,ShoulderRight,-1.592272,0.2659677,3.00519
59,21,545,ElbowRight,-1.623227,0.05714349,3.133769
59,21,545,WristRight,-1.619893,-0.1948689,3.165309
59,21,546,HandRight,-1.622168,-0.2855786,3.158335
59,21,546,HipLeft,-1.728562,-0.1903026,2.887092
59,21,546,KneeLeft,-1.728744,-0.4933245,2.817233
59,21,546,AnkleLeft,-1.777278,-0.7969174,2.878362
59,21,546,FootLeft,-1.679912,-0.8381456,2.794152
59,21,546,HipRight,-1.657636,-0.2155952,2.956605
59,21,546,KneeRight,-1.657714,-0.5371521,3.007262
59,21,546,AnkleRight,-1.777777,-0.7971969,3.04756
59,21,546,FootRight,-1.759752,-0.8743786,2.981817
59,21,546,SpineShoulder,-1.674404,0.3485358,2.941527
59,21,546,HandTipLeft,-1.456221,-0.1861642,2.67628
59,21,546,ThumbLeft,-1.516478,-0.1138271,2.635375
59,21,546,HandTipRight,-1.627328,-0.3415444,3.156052
59,21,546,ThumbRight,-1.609729,-0.2819013,3.109334
59,21,579,SpineBase,-1.706683,-0.2058171,2.946213
59,21,579,SpineMid,-1.689263,0.1144463,2.946864
59,21,579,Neck,-1.66563,0.425769,2.933469
59,21,579,Head,-1.611772,0.5404065,2.929855
59,21,579,ShoulderLeft,-1.709107,0.312508,2.817698
59,21,579,ElbowLeft,-1.742575,0.1331158,2.740967
59,21,579,WristLeft,-1.591202,-0.07551353,2.702944
59,21,579,HandLeft,-1.554362,-0.1545142,2.703628
59,21,579,ShoulderRight,-1.590429,0.2630395,3.003875
59,21,579,ElbowRight,-1.621365,0.05425783,3.132496
59,21,579,WristRight,-1.606277,-0.2006657,3.136942
59,21,579,HandRight,-1.605032,-0.3101568,3.130247
59,21,579,HipLeft,-1.721482,-0.1907222,2.874821
59,21,579,KneeLeft,-1.724428,-0.4965793,2.814294
59,21,579,AnkleLeft,-1.777013,-0.8049169,2.880006
59,21,579,FootLeft,-1.676486,-0.845835,2.800455
59,21,579,HipRight,-1.65535,-0.216507,2.953803
59,21,579,KneeRight,-1.657985,-0.5378482,3.005165
59,21,579,AnkleRight,-1.777394,-0.7968536,3.047509
59,21,579,FootRight,-1.677545,-0.8381589,2.967446
59,21,579,SpineShoulder,-1.672813,0.3490514,2.939425
59,21,579,HandTipLeft,-1.481867,-0.2048837,2.689275
59,21,579,ThumbLeft,-1.533716,-0.1324344,2.64725
59,21,579,HandTipRight,-1.618027,-0.3725875,3.124576
59,21,579,ThumbRight,-1.593448,-0.2916763,3.086083
59,21,610,SpineBase,-1.696335,-0.2062372,2.937994
59,21,610,SpineMid,-1.674459,0.1153948,2.935557
59,21,610,Neck,-1.646736,0.429974,2.921348
59,21,611,Head,-1.603918,0.5419962,2.928588
59,21,611,ShoulderLeft,-1.695992,0.312967,2.810497
59,21,611,ElbowLeft,-1.738442,0.1304738,2.739563
59,21,611,WristLeft,-1.611742,-0.09434291,2.710035
59,21,611,HandLeft,-1.603792,-0.1502608,2.722882
59,21,611,ShoulderRight,-1.571009,0.2657357,2.993107
59,21,611,ElbowRight,-1.601919,0.05694369,3.121758
59,21,611,WristRight,-1.585784,-0.1983274,3.105123
59,21,611,HandRight,-1.580181,-0.3113729,3.092784
59,21,611,HipLeft,-1.714348,-0.1905522,2.869062
59,21,611,KneeLeft,-1.719789,-0.4907385,2.80625
59,21,611,AnkleLeft,-1.777103,-0.8060202,2.880078
59,21,611,FootLeft,-1.678669,-0.8473914,2.797684
59,21,611,HipRight,-1.642452,-0.2176743,2.944306
59,21,611,KneeRight,-1.657547,-0.5388173,3.004872
59,21,611,AnkleRight,-1.77084,-0.7819197,3.034651
59,21,611,FootRight,-1.673065,-0.8237963,2.951726
59,21,611,SpineShoulder,-1.654655,0.3523015,2.926962
59,21,611,HandTipLeft,-1.531628,-0.2133513,2.695525
59,21,611,ThumbLeft,-1.647326,-0.1802692,2.725762
59,21,611,HandTipRight,-1.59159,-0.3741226,3.088386
59,21,611,ThumbRight,-1.555616,-0.3238405,3.078714
59,21,645,SpineBase,-1.688187,-0.2058092,2.933167
59,21,645,SpineMid,-1.664362,0.1174157,2.928738
59,21,645,Neck,-1.634546,0.4341591,2.912686
59,21,645,Head,-1.588404,0.5441675,2.921884
59,21,645,ShoulderLeft,-1.683978,0.3129168,2.803222
59,21,645,ElbowLeft,-1.724425,0.1177459,2.730018
59,21,645,WristLeft,-1.639964,-0.07236944,2.695562
59,21,645,HandLeft,-1.63074,-0.1469124,2.727586
59,21,645,ShoulderRight,-1.557376,0.2623498,2.978526
59,21,645,ElbowRight,-1.588316,0.05358114,3.107195
59,21,645,WristRight,-1.563627,-0.20054,3.077679
59,21,645,HandRight,-1.561725,-0.2640337,3.073207
59,21,645,HipLeft,-1.707181,-0.1895954,2.862757
59,21,645,KneeLeft,-1.712982,-0.4863716,2.80242
59,21,645,AnkleLeft,-1.776231,-0.806493,2.879193
59,21,645,FootLeft,-1.679401,-0.8481269,2.794703
59,21,645,HipRight,-1.633296,-0.2177194,2.941099
59,21,645,KneeRight,-1.657007,-0.5394548,3.004006
59,21,645,AnkleRight,-1.773059,-0.8050581,3.044821
59,21,645,FootRight,-1.756842,-0.8700895,2.958625
59,21,645,SpineShoulder,-1.643094,0.3558772,2.918779
59,21,645,HandTipLeft,-1.573561,-0.2200708,2.691366
59,21,645,ThumbLeft,-1.677199,-0.1760993,2.712154
59,21,645,HandTipRight,-1.550429,-0.3231195,3.064757
59,21,645,ThumbRight,-1.552361,-0.2716789,3.0726
59,21,677,SpineBase,-1.676864,-0.2053854,2.930835
59,21,677,SpineMid,-1.652822,0.116344,2.924208
59,21,678,Neck,-1.622679,0.431359,2.906006
59,21,678,Head,-1.576757,0.5435853,2.915424
59,21,678,ShoulderLeft,-1.669513,0.313366,2.790809
59,21,678,ElbowLeft,-1.715421,0.1040753,2.724747
59,21,678,WristLeft,-1.633109,-0.1374554,2.687743
59,21,678,HandLeft,-1.636986,-0.2164372,2.719172
59,21,678,ShoulderRight,-1.54815,0.2638533,2.970542
59,21,678,ElbowRight,-1.579102,0.05506087,3.099203
59,21,678,WristRight,-1.55106,-0.1894253,3.018156
59,21,678,HandRight,-1.544317,-0.2632293,3.032386
59,21,678,HipLeft,-1.69548,-0.1902047,2.857823
59,21,678,KneeLeft,-1.706442,-0.484364,2.797942
59,21,678,AnkleLeft,-1.77313,-0.803551,2.875757
59,21,678,FootLeft,-1.674735,-0.8454239,2.793769
59,21,678,HipRight,-1.622198,-0.2162921,2.941236
59,21,678,KneeRight,-1.654481,-0.541537,2.999966
59,21,678,AnkleRight,-1.770513,-0.7987424,3.044215
59,21,678,FootRight,-1.766235,-0.8752888,2.979319
59,21,678,SpineShoulder,-1.631314,0.3535421,2.912628
59,21,678,HandTipLeft,-1.602185,-0.2859266,2.701179
59,21,678,ThumbLeft,-1.69295,-0.2366208,2.702096
59,21,678,HandTipRight,-1.518593,-0.3344369,3.021907
59,21,678,ThumbRight,-1.514122,-0.2907694,3.027572
59,21,712,SpineBase,-1.663252,-0.2079513,2.919134
59,21,712,SpineMid,-1.635171,0.1130413,2.910198
59,21,712,Neck,-1.601089,0.4273525,2.890156
59,21,712,Head,-1.556172,0.5393863,2.902365
59,21,712,ShoulderLeft,-1.652864,0.3105114,2.778271
59,21,712,ElbowLeft,-1.710424,0.1016573,2.722074
59,21,712,WristLeft,-1.643354,-0.1363384,2.686822
59,21,712,HandLeft,-1.651253,-0.2129418,2.712447
59,21,712,ShoulderRight,-1.527535,0.2628148,2.953154
59,21,712,ElbowRight,-1.558533,0.05400273,3.081792
59,21,712,WristRight,-1.532645,-0.1987443,3.039448
59,21,712,HandRight,-1.518358,-0.2972827,3.0288
59,21,712,HipLeft,-1.682502,-0.194914,2.842774
59,21,712,KneeLeft,-1.695835,-0.4812793,2.787954
59,21,712,AnkleLeft,-1.773643,-0.8083435,2.873475
59,21,712,FootLeft,-1.762484,-0.8677903,2.90708
59,21,712,HipRight,-1.608428,-0.216835,2.932732
59,21,712,KneeRight,-1.631574,-0.5393541,2.968265
59,21,712,AnkleRight,-1.756285,-0.7897155,3.039008
59,21,712,FootRight,-1.660577,-0.832487,2.954093
59,21,712,SpineShoulder,-1.610697,0.34971,2.897188
59,21,712,HandTipLeft,-1.630577,-0.2862377,2.687809
59,21,712,ThumbLeft,-1.706437,-0.2334713,2.692611
59,21,712,HandTipRight,-1.521467,-0.3595694,3.024045
59,21,712,ThumbRight,-1.517483,-0.3206491,3.025333
59,21,744,SpineBase,-1.653131,-0.2086844,2.913212
59,21,744,SpineMid,-1.621994,0.1118526,2.901282
59,21,744,Neck,-1.584758,0.4256613,2.877788
59,21,744,Head,-1.531729,0.5357352,2.890543
59,21,744,ShoulderLeft,-1.634919,0.3046637,2.765896
59,21,744,ElbowLeft,-1.702445,0.09337293,2.717703
59,21,744,WristLeft,-1.667724,-0.1599225,2.685386
59,21,744,HandLeft,-1.656224,-0.2727545,2.695931
59,21,744,ShoulderRight,-1.521231,0.2642087,2.951599
59,21,744,ElbowRight,-1.552254,0.05538157,3.080228
59,21,744,WristRight,-1.528124,-0.1974128,3.0371
59,21,744,HandRight,-1.501728,-0.3060845,3.020306
59,21,744,HipLeft,-1.670365,-0.1970302,2.835058
59,21,744,KneeLeft,-1.692865,-0.480499,2.78316
59,21,744,AnkleLeft,-1.772506,-0.810796,2.872828
59,21,744,FootLeft,-1.672583,-0.853739,2.794415
59,21,744,HipRight,-1.600384,-0.2163112,2.928605
59,21,744,KneeRight,-1.614715,-0.5362358,2.946244
59,21,744,AnkleRight,-1.719353,-0.7763759,3.023258
59,21,744,FootRight,-1.620412,-0.8198672,2.944115
59,21,744,SpineShoulder,-1.595165,0.3481513,2.88573
59,21,744,HandTipLeft,-1.652094,-0.3400098,2.699117
59,21,744,ThumbLeft,-1.675934,-0.2986433,2.658312
59,21,744,HandTipRight,-1.507064,-0.3627482,3.009654
59,21,745,ThumbRight,-1.521263,-0.3628715,3.010334
59,21,780,SpineBase,-1.634462,-0.2117186,2.907272
59,21,780,SpineMid,-1.600641,0.1111478,2.890803
59,21,780,Neck,-1.560665,0.4278013,2.862265
59,21,780,Head,-1.50799,0.5335595,2.876743
59,21,780,ShoulderLeft,-1.608139,0.3049563,2.75552
59,21,780,ElbowLeft,-1.692883,0.093819,2.713451
59,21,780,WristLeft,-1.663123,-0.1598393,2.679463
59,21,780,HandLeft,-1.65914,-0.2420659,2.690146
59,21,780,ShoulderRight,-1.505373,0.2624435,2.944257
59,21,780,ElbowRight,-1.536448,0.05361307,3.072856
59,21,780,WristRight,-1.512535,-0.1992633,3.030242
59,21,780,HandRight,-1.487372,-0.309312,3.013924
59,21,780,HipLeft,-1.650422,-0.2022135,2.830781
59,21,780,KneeLeft,-1.68868,-0.4908881,2.781482
59,21,780,AnkleLeft,-1.770541,-0.8185908,2.876004
59,21,780,FootLeft,-1.668705,-0.8621364,2.801732
59,21,780,HipRight,-1.583209,-0.2169838,2.921254
59,21,780,KneeRight,-1.569671,-0.5268548,2.913546
59,21,780,AnkleRight,-1.687328,-0.7767262,2.994932
59,21,780,FootRight,-1.586566,-0.8208019,2.919883
59,21,780,SpineShoulder,-1.571748,0.349535,2.871513
59,21,780,HandTipLeft,-1.651737,-0.3123607,2.665851
59,21,780,ThumbLeft,-1.692224,-0.237179,2.667667
59,21,780,HandTipRight,-1.491428,-0.3647789,2.99689
59,21,780,ThumbRight,-1.499763,-0.3576306,2.989667
59,21,810,SpineBase,-1.615808,-0.2136487,2.904255
59,21,810,SpineMid,-1.579616,0.1098286,2.881916
59,21,810,Neck,-1.537185,0.4268742,2.846931
59,21,810,Head,-1.474718,0.5360582,2.860239
59,21,810,ShoulderLeft,-1.590487,0.3026368,2.744582
59,21,810,ElbowLeft,-1.672614,0.0934487,2.701297
59,21,810,WristLeft,-1.658349,-0.1617102,2.673385
59,21,810,HandLeft,-1.657353,-0.2454608,2.682592
59,21,810,ShoulderRight,-1.485513,0.266118,2.934386
59,21,810,ElbowRight,-1.516657,0.05723954,3.062961
59,21,810,WristRight,-1.501176,-0.19765,3.035838
59,21,811,HandRight,-1.477117,-0.3059736,3.020797
59,21,811,HipLeft,-1.631183,-0.2062422,2.827445
59,21,811,KneeLeft,-1.680161,-0.4984846,2.777733
59,21,811,AnkleLeft,-1.765788,-0.8232816,2.88104
59,21,811,FootLeft,-1.664701,-0.8674617,2.806253
59,21,811,HipRight,-1.565517,-0.216691,2.91847
59,21,811,KneeRight,-1.530275,-0.5227854,2.895544
59,21,811,AnkleRight,-1.648383,-0.7931179,2.963341
59,21,811,FootRight,-1.548498,-0.8376114,2.887765
59,21,811,SpineShoulder,-1.548871,0.3485415,2.85784
59,21,811,HandTipLeft,-1.66076,-0.3180929,2.655764
59,21,811,ThumbLeft,-1.656232,-0.2379625,2.625334
59,21,811,HandTipRight,-1.480053,-0.3583498,3.019705
59,21,811,ThumbRight,-1.468027,-0.318408,2.978667
59,21,843,SpineBase,-1.596608,-0.215985,2.899981
59,21,843,SpineMid,-1.556196,0.1053938,2.873024
59,21,843,Neck,-1.510079,0.4198515,2.833812
59,21,843,Head,-1.449325,0.531629,2.844749
59,21,843,ShoulderLeft,-1.566666,0.3004444,2.731614
59,21,843,ElbowLeft,-1.656205,0.08439694,2.69209
59,21,843,WristLeft,-1.654984,-0.1710306,2.667417
59,21,843,HandLeft,-1.655725,-0.2621999,2.677282
59,21,843,ShoulderRight,-1.460645,0.2673472,2.918756
59,21,844,ElbowRight,-1.491866,0.05843347,3.047295
59,21,844,WristRight,-1.479298,-0.1969944,3.028915
59,21,844,HandRight,-1.462134,-0.3027328,3.022557
59,21,844,HipLeft,-1.611722,-0.2108951,2.823004
59,21,844,KneeLeft,-1.665438,-0.5045956,2.769591
59,21,844,AnkleLeft,-1.766747,-0.823271,2.879421
59,21,844,FootLeft,-1.666601,-0.8682429,2.80384
59,21,844,HipRight,-1.546811,-0.2165896,2.914223
59,21,844,KneeRight,-1.484746,-0.5181792,2.879058
59,21,844,AnkleRight,-1.588491,-0.7991785,2.924401
59,21,844,FootRight,-1.489882,-0.8442646,2.847899
59,21,844,SpineShoulder,-1.522644,0.3422098,2.845727
59,21,844,HandTipLeft,-1.670197,-0.3265546,2.65518
59,21,844,ThumbLeft,-1.6761,-0.2735673,2.61969
59,21,844,HandTipRight,-1.454533,-0.3564373,3.009987
59,21,844,ThumbRight,-1.456056,-0.2843282,2.976546
59,21,878,SpineBase,-1.577087,-0.2213866,2.889421
59,21,878,SpineMid,-1.531781,0.09945461,2.860392
59,21,878,Neck,-1.480917,0.4137168,2.819977
59,21,878,Head,-1.411141,0.5219567,2.82739
59,21,878,ShoulderLeft,-1.543388,0.2972087,2.719868
59,21,878,ElbowLeft,-1.633496,0.05997954,2.680594
59,21,878,WristLeft,-1.64238,-0.1915198,2.640917
59,21,878,HandLeft,-1.659831,-0.2762086,2.656346
59,21,878,ShoulderRight,-1.440965,0.2665963,2.904616
59,21,878,ElbowRight,-1.472244,0.05766225,3.033128
59,21,878,WristRight,-1.45706,-0.1977069,3.015487
59,21,878,HandRight,-1.448557,-0.2957856,3.031464
59,21,878,HipLeft,-1.592605,-0.2167306,2.812142
59,21,878,KneeLeft,-1.642082,-0.5109148,2.767225
59,21,878,AnkleLeft,-1.764908,-0.8158684,2.87049
59,21,878,FootLeft,-1.664727,-0.861612,2.795753
59,21,878,HipRight,-1.527377,-0.2212628,2.903954
59,21,878,KneeRight,-1.447427,-0.4979422,2.869951
59,21,878,AnkleRight,-1.513801,-0.8087094,2.887473
59,21,878,FootRight,-1.415662,-0.8542631,2.811629
59,21,878,SpineShoulder,-1.494669,0.3360965,2.832136
59,21,878,HandTipLeft,-1.67638,-0.344425,2.634207
59,21,878,ThumbLeft,-1.676331,-0.2787328,2.60226
59,21,878,HandTipRight,-1.43936,-0.3269583,3.021779
59,21,878,ThumbRight,-1.431908,-0.3162142,2.9975
59,21,911,SpineBase,-1.553443,-0.2273754,2.87621
59,21,911,SpineMid,-1.504365,0.09320743,2.846755
59,21,911,Neck,-1.449709,0.4071824,2.806029
59,21,911,Head,-1.385846,0.5131788,2.811061
59,21,911,ShoulderLeft,-1.51807,0.2908669,2.704299
59,21,911,ElbowLeft,-1.605021,0.08376263,2.660218
59,21,911,WristLeft,-1.630622,-0.1652604,2.629278
59,21,911,HandLeft,-1.642983,-0.2513724,2.645615
59,21,911,ShoulderRight,-1.410984,0.2677519,2.89189
59,21,912,ElbowRight,-1.442374,0.05877436,3.020356
59,21,912,WristRight,-1.427586,-0.1966604,3.003623
59,21,912,HandRight,-1.410462,-0.3279123,3.003881
59,21,912,HipLeft,-1.56882,-0.2237253,2.79853
59,21,912,KneeLeft,-1.628635,-0.5185565,2.764492
59,21,912,AnkleLeft,-1.765877,-0.8213436,2.871881
59,21,912,FootLeft,-1.666413,-0.8675411,2.796481
59,21,912,HipRight,-1.504047,-0.2260975,2.890926
59,21,912,KneeRight,-1.386404,-0.4895523,2.840196
59,21,912,AnkleRight,-1.424367,-0.7995406,2.842811
59,21,912,FootRight,-1.327506,-0.8454879,2.766032
59,21,912,SpineShoulder,-1.464389,0.3296362,2.818264
59,21,912,HandTipLeft,-1.665882,-0.3166718,2.620569
59,21,912,ThumbLeft,-1.625976,-0.2188128,2.5738
59,21,912,HandTipRight,-1.40133,-0.3589794,2.994175
59,21,912,ThumbRight,-1.393964,-0.3480946,2.969872
59,21,946,SpineBase,-1.529783,-0.2353832,2.865548
59,21,946,SpineMid,-1.47594,0.08442424,2.83535
59,21,946,Neck,-1.416518,0.3976257,2.79381
59,21,946,Head,-1.345297,0.5005499,2.794358
59,21,946,ShoulderLeft,-1.488177,0.2851482,2.696324
59,21,946,ElbowLeft,-1.594249,0.0760648,2.653077
59,21,946,WristLeft,-1.616145,-0.1774693,2.622073
59,21,946,HandLeft,-1.634694,-0.2937206,2.636041
59,21,946,ShoulderRight,-1.37885,0.25289,2.877428
59,21,946,ElbowRight,-1.410353,0.04395843,3.005827
59,21,946,WristRight,-1.395189,-0.2114322,2.989034
59,21,946,HandRight,-1.378789,-0.3426599,2.989892
59,21,946,HipLeft,-1.548455,-0.2301087,2.788037
59,21,946,KneeLeft,-1.60172,-0.506979,2.764479
59,21,946,AnkleLeft,-1.752133,-0.8225909,2.864194
59,21,946,FootLeft,-1.654589,-0.8693801,2.786361
59,21,946,HipRight,-1.477215,-0.2356253,2.880017
59,21,946,KneeRight,-1.355512,-0.4856238,2.830939
59,21,946,AnkleRight,-1.348586,-0.8238614,2.815641
59,21,946,FootRight,-1.254159,-0.8700492,2.736289
59,21,946,SpineShoulder,-1.432381,0.3202735,2.806265
59,21,947,HandTipLeft,-1.672424,-0.353277,2.639146
59,21,947,ThumbLeft,-1.648939,-0.2853294,2.576529
59,21,947,HandTipRight,-1.369721,-0.3736758,2.980161
59,21,947,ThumbRight,-1.362441,-0.3627222,2.955826
59,21,978,SpineBase,-1.485329,-0.2459244,2.850083
59,21,978,SpineMid,-1.435866,0.07406568,2.821751
59,21,978,Neck,-1.381242,0.3875347,2.781914
59,21,978,Head,-1.317421,0.4928242,2.78328
59,21,978,ShoulderLeft,-1.457726,0.2739817,2.683302
59,21,978,ElbowLeft,-1.565226,0.06607375,2.635
59,21,978,WristLeft,-1.594275,-0.1865815,2.604267
59,21,978,HandLeft,-1.607149,-0.2764122,2.624903
59,21,978,ShoulderRight,-1.350569,0.2442551,2.869837
59,21,978,ElbowRight,-1.382186,0.03535179,2.998171
59,21,978,WristRight,-1.367324,-0.2200306,2.981442
59,21,978,HandRight,-1.350394,-0.3513769,2.982142
59,21,978,HipLeft,-1.502782,-0.2386225,2.770289
59,21,979,KneeLeft,-1.575965,-0.5067103,2.764592
59,21,979,AnkleLeft,-1.747322,-0.8145769,2.854254
59,21,979,FootLeft,-1.648194,-0.8607752,2.778321
59,21,979,HipRight,-1.434904,-0.2476618,2.866437
59,21,979,KneeRight,-1.287705,-0.5214263,2.807375
59,21,979,AnkleRight,-1.263983,-0.816158,2.778788
59,21,979,FootRight,-1.168607,-0.8615949,2.701083
59,21,979,SpineShoulder,-1.395869,0.310106,2.793962
59,21,979,HandTipLeft,-1.629679,-0.3417911,2.615114
59,21,979,ThumbLeft,-1.610078,-0.2775292,2.562474
59,21,979,HandTipRight,-1.34139,-0.3823611,2.972385
59,21,979,ThumbRight,-1.334193,-0.3713649,2.948018
59,22,011,SpineBase,-1.455864,-0.2459427,2.83499
59,22,011,SpineMid,-1.401848,0.06719665,2.803397
59,22,012,Neck,-1.341563,0.3723382,2.759444
59,22,012,Head,-1.272903,0.4838122,2.762142
59,22,012,ShoulderLeft,-1.426395,0.2643067,2.671549
59,22,012,ElbowLeft,-1.545191,0.06561599,2.624974
59,22,012,WristLeft,-1.56803,-0.1878496,2.5943
59,22,012,HandLeft,-1.573227,-0.2749065,2.611737
59,22,012,ShoulderRight,-1.314694,0.2414506,2.854276
59,22,012,ElbowRight,-1.346448,0.03252971,2.982543
59,22,012,WristRight,-1.331511,-0.2228524,2.965728
59,22,012,HandRight,-1.314924,-0.3541864,2.966544
59,22,012,HipLeft,-1.473823,-0.2376257,2.759514
59,22,012,KneeLeft,-1.542611,-0.5030182,2.764788
59,22,012,AnkleLeft,-1.715864,-0.7750497,2.835764
59,22,012,FootLeft,-1.618645,-0.8226017,2.757853
59,22,012,HipRight,-1.404899,-0.2488113,2.846315
59,22,012,KneeRight,-1.244317,-0.5044193,2.788063
59,22,012,AnkleRight,-1.186247,-0.7985681,2.74585
59,22,012,FootRight,-1.093254,-0.8450627,2.666056
59,22,012,SpineShoulder,-1.357683,0.2971475,2.772605
59,22,012,HandTipLeft,-1.593246,-0.3391983,2.589531
59,22,012,ThumbLeft,-1.571204,-0.2900448,2.53932
59,22,012,HandTipRight,-1.305993,-0.3851537,2.956756
59,22,012,ThumbRight,-1.298892,-0.374133,2.932349
59,22,045,SpineBase,-1.420938,-0.2581804,2.816326
59,22,045,SpineMid,-1.366123,0.05623547,2.789491
59,22,045,Neck,-1.307227,0.3640777,2.750956
59,22,045,Head,-1.243675,0.4758569,2.751536
59,22,045,ShoulderLeft,-1.392758,0.2544877,2.657839
59,22,045,ElbowLeft,-1.513193,0.05743517,2.609129
59,22,045,WristLeft,-1.535478,-0.1963003,2.581217
59,22,045,HandLeft,-1.541991,-0.2848755,2.597104
59,22,045,ShoulderRight,-1.275139,0.2293618,2.83376
59,22,045,ElbowRight,-1.307037,0.02047165,2.961948
59,22,045,WristRight,-1.284818,-0.2194556,2.86515
59,22,045,HandRight,-1.26521,-0.3672159,2.84328
59,22,045,HipLeft,-1.440668,-0.2471485,2.740455
59,22,045,KneeLeft,-1.53595,-0.5068032,2.761641
59,22,045,AnkleLeft,-1.716051,-0.7765958,2.836914
59,22,045,FootLeft,-1.62065,-0.8235796,2.755574
59,22,045,HipRight,-1.369317,-0.2633316,2.828552
59,22,045,KneeRight,-1.190969,-0.5310273,2.770663
59,22,045,AnkleRight,-1.122232,-0.818953,2.716672
59,22,045,FootRight,-1.036314,-0.9032999,2.647094
59,22,045,SpineShoulder,-1.322813,0.2880784,2.762735
59,22,045,HandTipLeft,-1.560699,-0.3508276,2.579793
59,22,045,ThumbLeft,-1.524682,-0.290218,2.644563
59,22,045,HandTipRight,-1.256269,-0.3981013,2.833505
59,22,045,ThumbRight,-1.249157,-0.3869616,2.809119
59,22,078,SpineBase,-1.378512,-0.2673928,2.798907
59,22,078,SpineMid,-1.320563,0.04626019,2.773201
59,22,078,Neck,-1.258496,0.3534542,2.736034
59,22,078,Head,-1.194509,0.4675158,2.733637
59,22,078,ShoulderLeft,-1.347978,0.2450039,2.642603
59,22,078,ElbowLeft,-1.476351,0.04755058,2.59449
59,22,078,WristLeft,-1.497847,-0.2056791,2.559505
59,22,078,HandLeft,-1.505086,-0.2889213,2.579775
59,22,078,ShoulderRight,-1.231706,0.2199457,2.819999
59,22,078,ElbowRight,-1.263789,0.01107668,2.948093
59,22,078,WristRight,-1.24426,-0.2292697,2.851953
59,22,078,HandRight,-1.225452,-0.3757272,2.830782
59,22,078,HipLeft,-1.400288,-0.2568613,2.72616
59,22,078,KneeLeft,-1.509458,-0.5163589,2.747199
59,22,078,AnkleLeft,-1.718073,-0.7901638,2.84382
59,22,078,FootLeft,-1.622425,-0.8373782,2.763278
59,22,078,HipRight,-1.324744,-0.2718273,2.807203
59,22,078,KneeRight,-1.156969,-0.5272576,2.755675
59,22,078,AnkleRight,-1.078322,-0.8099561,2.701682
59,22,078,FootRight,-0.9877768,-0.8558818,2.618972
59,22,078,SpineShoulder,-1.274738,0.2775596,2.747398
59,22,078,HandTipLeft,-1.519052,-0.3549837,2.555781
59,22,078,ThumbLeft,-1.486207,-0.2963701,2.632474
59,22,078,HandTipRight,-1.216604,-0.4065762,2.820971
59,22,078,ThumbRight,-1.209616,-0.3953866,2.796537
59,22,114,SpineBase,-1.346373,-0.2766759,2.787944
59,22,114,SpineMid,-1.291929,0.04136781,2.763779
59,22,114,Neck,-1.232052,0.3522043,2.727502
59,22,114,Head,-1.162657,0.4655072,2.729395
59,22,114,ShoulderLeft,-1.320184,0.2405284,2.635096
59,22,114,ElbowLeft,-1.446027,0.03838418,2.585411
59,22,114,WristLeft,-1.473349,-0.2140688,2.549688
59,22,114,HandLeft,-1.472673,-0.2975097,2.561071
59,22,114,ShoulderRight,-1.193354,0.2134753,2.812799
59,22,115,ElbowRight,-1.225616,0.004619955,2.940807
59,22,115,WristRight,-1.20387,-0.2354377,2.844288
59,22,115,HandRight,-1.184363,-0.3827543,2.822693
59,22,115,HipLeft,-1.363156,-0.2675018,2.712217
59,22,115,KneeLeft,-1.44335,-0.5045778,2.732055
59,22,115,AnkleLeft,-1.676398,-0.7661969,2.825544
59,22,115,FootLeft,-1.582756,-0.8129461,2.741599
59,22,115,HipRight,-1.2984,-0.2794838,2.799083
59,22,115,KneeRight,-1.124917,-0.5226307,2.740598
59,22,115,AnkleRight,-1.069238,-0.8069468,2.697968
59,22,115,FootRight,-0.9805576,-0.8522705,2.61199
59,22,115,SpineShoulder,-1.248014,0.2754786,2.738748
59,22,115,HandTipLeft,-1.482504,-0.3672894,2.54424
59,22,115,ThumbLeft,-1.448656,-0.2993688,2.6196
59,22,115,HandTipRight,-1.17562,-0.4135724,2.81284
59,22,115,ThumbRight,-1.16877,-0.4023405,2.788355
59,22,144,SpineBase,-1.288171,-0.2770785,2.769556
59,22,144,SpineMid,-1.234963,0.04077459,2.746306
59,22,144,Neck,-1.177284,0.3518405,2.711139
59,22,144,Head,-1.115112,0.4615127,2.71422
59,22,144,ShoulderLeft,-1.264942,0.2389169,2.615407
59,22,144,ElbowLeft,-1.39755,0.03632246,2.571729
59,22,145,WristLeft,-1.427759,-0.2158737,2.536983
59,22,145,HandLeft,-1.43519,-0.300842,2.538352
59,22,145,ShoulderRight,-1.139884,0.2154052,2.792566
59,22,145,ElbowRight,-1.172385,0.006490763,2.920478
59,22,145,WristRight,-1.151829,-0.2337054,2.823996
59,22,145,HandRight,-1.132633,-0.3807016,2.802554
59,22,145,HipLeft,-1.306165,-0.266444,2.695425
59,22,145,KneeLeft,-1.394089,-0.5036965,2.706873
59,22,145,AnkleLeft,-1.636052,-0.7535303,2.808295
59,22,145,FootLeft,-1.542096,-0.8000894,2.724731
59,22,145,HipRight,-1.240089,-0.2812343,2.778944
59,22,145,KneeRight,-1.079431,-0.5248337,2.716436
59,22,145,AnkleRight,-1.050413,-0.8219646,2.686101
59,22,145,FootRight,-0.9613553,-0.866838,2.600652
59,22,145,SpineShoulder,-1.192544,0.2750394,2.72208
59,22,145,HandTipLeft,-1.445878,-0.3681323,2.515362
59,22,145,ThumbLeft,-1.403241,-0.2798072,2.594
59,22,145,HandTipRight,-1.124012,-0.4115125,2.792652
59,22,145,ThumbRight,-1.117321,-0.4002673,2.768103
59,22,177,SpineBase,-1.233912,-0.2738319,2.754406
59,22,177,SpineMid,-1.186,0.04461268,2.731059
59,22,177,Neck,-1.13726,0.3557946,2.697017
59,22,177,Head,-1.075706,0.4674553,2.702145
59,22,177,ShoulderLeft,-1.217874,0.2430359,2.600185
59,22,177,ElbowLeft,-1.358964,0.03580376,2.561455
59,22,177,WristLeft,-1.391894,-0.2156893,2.523393
59,22,177,HandLeft,-1.397593,-0.2973129,2.511539
59,22,177,ShoulderRight,-1.09043,0.2092393,2.77329
59,22,177,ElbowRight,-1.123155,0.0003187263,2.901105
59,22,177,WristRight,-1.102728,-0.2398771,2.804568
59,22,177,HandRight,-1.083528,-0.3868864,2.783122
59,22,177,HipLeft,-1.255791,-0.2635294,2.678311
59,22,177,KneeLeft,-1.321441,-0.4996109,2.685581
59,22,177,AnkleLeft,-1.57322,-0.7414768,2.783021
59,22,178,FootLeft,-1.48046,-0.7871351,2.697233
59,22,178,HipRight,-1.182868,-0.2776544,2.765332
59,22,178,KneeRight,-1.051502,-0.5218555,2.707617
59,22,178,AnkleRight,-1.037285,-0.8264337,2.679364
59,22,178,FootRight,-0.9491549,-0.8703269,2.591892
59,22,178,SpineShoulder,-1.150247,0.2789967,2.707644
59,22,178,HandTipLeft,-1.404075,-0.3649873,2.495333
59,22,178,ThumbLeft,-1.373287,-0.3241293,2.517572
59,22,178,HandTipRight,-1.075027,-0.4176635,2.773176
59,22,178,ThumbRight,-1.068493,-0.4063708,2.748572
59,22,212,SpineBase,-1.18283,-0.2588229,2.738292
59,22,212,SpineMid,-1.139599,0.05945839,2.715298
59,22,212,Neck,-1.092255,0.3706014,2.68041
59,22,213,Head,-1.029454,0.4802171,2.682618
59,22,213,ShoulderLeft,-1.177948,0.2532894,2.585746
59,22,213,ElbowLeft,-1.303441,0.03283987,2.54894
59,22,213,WristLeft,-1.341268,-0.2177866,2.509733
59,22,213,HandLeft,-1.360583,-0.3031417,2.495147
59,22,213,ShoulderRight,-1.043815,0.2175587,2.762038
59,22,213,ElbowRight,-1.076779,0.008545079,2.889776
59,22,213,WristRight,-1.056487,-0.2317032,2.793187
59,22,213,HandRight,-1.037286,-0.3787118,2.771744
59,22,213,HipLeft,-1.205317,-0.24974,2.663023
59,22,213,KneeLeft,-1.258856,-0.4920296,2.658079
59,22,213,AnkleLeft,-1.514513,-0.7322261,2.750553
59,22,213,FootLeft,-1.422795,-0.7775141,2.663341
59,22,213,HipRight,-1.132045,-0.2617066,2.747984
59,22,213,KneeRight,-1.021321,-0.5196061,2.699421
59,22,213,AnkleRight,-1.029409,-0.8298694,2.67622
59,22,213,FootRight,-0.9420554,-0.8733779,2.587489
59,22,213,SpineShoulder,-1.104886,0.2938233,2.691283
59,22,213,HandTipLeft,-1.368871,-0.3683178,2.491839
59,22,213,ThumbLeft,-1.316424,-0.3040902,2.49175
59,22,213,HandTipRight,-1.028906,-0.4095057,2.761749
59,22,213,ThumbRight,-1.022532,-0.3982318,2.737081
59,22,247,SpineBase,-1.133902,-0.2446013,2.720778
59,22,247,SpineMid,-1.091744,0.07404573,2.698868
59,22,247,Neck,-1.045449,0.3854409,2.664948
59,22,248,Head,-0.988417,0.4964955,2.671002
59,22,248,ShoulderLeft,-1.129403,0.2699125,2.569268
59,22,248,ElbowLeft,-1.255497,0.04907161,2.53794
59,22,249,WristLeft,-1.301302,-0.2005267,2.501935
59,22,249,HandLeft,-1.317244,-0.2873668,2.484346
59,22,249,ShoulderRight,-0.9958456,0.2335489,2.746406
59,22,249,ElbowRight,-1.029057,0.02438799,2.874079
59,22,249,WristRight,-1.008904,-0.2159428,2.777445
59,22,249,HandRight,-0.9897017,-0.3629562,2.756007
59,22,249,HipLeft,-1.158411,-0.2354692,2.639821
59,22,249,KneeLeft,-1.183904,-0.488993,2.62781
59,22,249,AnkleLeft,-1.451999,-0.7141376,2.722762
59,22,249,FootLeft,-1.360302,-0.7593084,2.635644
59,22,249,HipRight,-1.081938,-0.2478021,2.735771
59,22,249,KneeRight,-0.9956664,-0.5192005,2.692231
59,22,249,AnkleRight,-1.017307,-0.8193974,2.674994
59,22,249,FootRight,-0.9296899,-0.8628281,2.586516
59,22,249,SpineShoulder,-1.057796,0.3086216,2.675589
59,22,249,HandTipLeft,-1.333061,-0.3534271,2.486321
59,22,249,ThumbLeft,-1.285543,-0.2968077,2.489187
59,22,249,HandTipRight,-0.9814452,-0.3937911,2.745961
59,22,249,ThumbRight,-0.9752314,-0.3825671,2.721228
59,22,278,SpineBase,-1.08836,-0.2221241,2.700366
59,22,278,SpineMid,-1.049579,0.09614221,2.679946
59,22,278,Neck,-1.009168,0.4056166,2.648599
59,22,278,Head,-0.9503263,0.5118468,2.653236
59,22,278,ShoulderLeft,-1.095405,0.2855072,2.557397
59,22,278,ElbowLeft,-1.211323,0.05843422,2.527727
59,22,278,WristLeft,-1.246276,-0.1926193,2.486127
59,22,278,HandLeft,-1.270781,-0.2735784,2.476127
59,22,278,ShoulderRight,-0.9564008,0.2399604,2.732285
59,22,278,ElbowRight,-0.9898161,0.03071455,2.859902
59,22,278,WristRight,-0.9697753,-0.2096643,2.763223
59,22,278,HandRight,-0.9299465,-0.3203056,2.695111
59,22,278,HipLeft,-1.118009,-0.2113721,2.620304
59,22,278,KneeLeft,-1.110831,-0.472277,2.598888
59,22,278,AnkleLeft,-1.374776,-0.704084,2.690929
59,22,278,FootLeft,-1.284796,-0.7485033,2.601386
59,22,278,HipRight,-1.032017,-0.2274183,2.714107
59,22,278,KneeRight,-0.9808931,-0.5242044,2.687386
59,22,278,AnkleRight,-1.015542,-0.8184736,2.674803
59,22,278,FootRight,-0.9291208,-0.8612111,2.584157
59,22,278,SpineShoulder,-1.020023,0.3293207,2.658595
59,22,278,HandTipLeft,-1.284619,-0.3401278,2.483559
59,22,278,ThumbLeft,-1.230865,-0.2828093,2.467333
59,22,278,HandTipRight,-0.9185176,-0.3530813,2.679106
59,22,278,ThumbRight,-0.9279158,-0.2837839,2.679445
59,22,312,SpineBase,-1.041963,-0.2006232,2.692089
59,22,312,SpineMid,-1.006293,0.1134275,2.667479
59,22,312,Neck,-0.9641165,0.4209909,2.630134
59,22,313,Head,-0.90352,0.5306306,2.637659
59,22,313,ShoulderLeft,-1.054138,0.3108163,2.542274
59,22,313,ElbowLeft,-1.15984,0.07805966,2.513941
59,22,313,WristLeft,-1.19385,-0.1740052,2.478822
59,22,313,HandLeft,-1.217972,-0.2597799,2.466507
59,22,313,ShoulderRight,-0.9026095,0.2558637,2.733191
59,22,313,ElbowRight,-0.9363519,0.04648882,2.860723
59,22,313,WristRight,-0.9340553,-0.1566191,2.809056
59,22,313,HandRight,-0.919285,-0.2380643,2.811004
59,22,313,HipLeft,-1.073492,-0.1883062,2.61106
59,22,313,KneeLeft,-1.033777,-0.4667388,2.564085
59,22,313,AnkleLeft,-1.277954,-0.7224563,2.649775
59,22,313,FootLeft,-1.189057,-0.7668841,2.559909
59,22,313,HipRight,-0.9847034,-0.2079916,2.706408
59,22,313,KneeRight,-0.9671141,-0.5228401,2.670898
59,22,313,AnkleRight,-1.013852,-0.8170779,2.675054
59,22,313,FootRight,-0.9277898,-0.8602421,2.584335
59,22,313,SpineShoulder,-0.975189,0.3452575,2.641583
59,22,313,HandTipLeft,-1.225359,-0.3205635,2.468108
59,22,313,ThumbLeft,-1.182333,-0.2604523,2.462087
59,22,313,HandTipRight,-0.908002,-0.2711501,2.794923
59,22,313,ThumbRight,-0.9020146,-0.2724766,2.785208
59,22,348,SpineBase,-0.994113,-0.1796749,2.679576
59,22,348,SpineMid,-0.9614874,0.131736,2.653208
59,22,348,Neck,-0.928804,0.4341434,2.616387
59,22,348,Head,-0.8710057,0.5415761,2.623787
59,22,348,ShoulderLeft,-1.020691,0.3193801,2.529078
59,22,348,ElbowLeft,-1.12271,0.08506878,2.500626
59,22,348,WristLeft,-1.140094,-0.1689503,2.464075
59,22,348,HandLeft,-1.159229,-0.2447109,2.457175
59,22,348,ShoulderRight,-0.8604758,0.2859963,2.717711
59,22,348,ElbowRight,-0.8944568,0.07637672,2.845222
59,22,348,WristRight,-0.8762083,-0.1790309,2.82337
59,22,348,HandRight,-0.866372,-0.2670401,2.814645
59,22,348,HipLeft,-1.026376,-0.1703741,2.595926
59,22,348,KneeLeft,-0.9636288,-0.4577237,2.52729
59,22,348,AnkleLeft,-1.1756,-0.7424355,2.609998
59,22,348,FootLeft,-1.177877,-0.8568157,2.592279
59,22,348,HipRight,-0.9369979,-0.1844734,2.696118
59,22,348,KneeRight,-0.9139916,-0.4875284,2.629277
59,22,348,AnkleRight,-1.012561,-0.8117604,2.675374
59,22,348,FootRight,-0.9277746,-0.8543943,2.58258
59,22,348,SpineShoulder,-0.9379637,0.359492,2.627796
59,22,348,HandTipLeft,-1.165687,-0.3107555,2.458268
59,22,348,ThumbLeft,-1.122115,-0.2593949,2.442445
59,22,348,HandTipRight,-0.8571621,-0.3267692,2.807336
59,22,348,ThumbRight,-0.8459088,-0.279263,2.777
59,22,379,SpineBase,-0.9498351,-0.1717069,2.648579
59,22,379,SpineMid,-0.9211784,0.1379702,2.629841
59,22,379,Neck,-0.8883142,0.4399851,2.598437
59,22,379,Head,-0.8238884,0.5536652,2.602074
59,22,379,ShoulderLeft,-0.9818575,0.3313342,2.510603
59,22,379,ElbowLeft,-1.075813,0.09284844,2.481349
59,22,379,WristLeft,-1.086286,-0.1621267,2.448673
59,22,379,HandLeft,-1.093624,-0.2232329,2.445091
59,22,379,ShoulderRight,-0.8148936,0.2930173,2.706577
59,22,379,ElbowRight,-0.8291845,0.04819202,2.770237
59,22,379,WristRight,-0.7973788,-0.1913463,2.783935
59,22,379,HandRight,-0.7745972,-0.2652168,2.767021
59,22,379,HipLeft,-0.9826767,-0.1652557,2.568034
59,22,379,KneeLeft,-0.91266,-0.5015407,2.50199
59,22,379,AnkleLeft,-1.071856,-0.8171813,2.59146
59,22,379,FootLeft,-1.054097,-0.8991748,2.551685
59,22,380,HipRight,-0.8928705,-0.1737889,2.661743
59,22,380,KneeRight,-0.8739989,-0.4643119,2.602133
59,22,380,AnkleRight,-1.006442,-0.7989894,2.669321
59,22,380,FootRight,-1.050713,-0.8814577,2.574543
59,22,380,SpineShoulder,-0.8970376,0.3656023,2.608386
59,22,380,HandTipLeft,-1.108073,-0.2947309,2.436209
59,22,380,ThumbLeft,-1.071174,-0.2726352,2.429823
59,22,380,HandTipRight,-0.7594624,-0.3296567,2.761271
59,22,380,ThumbRight,-0.7515797,-0.2708778,2.729615
59,22,414,SpineBase,-0.9005802,-0.1681275,2.636076
59,22,414,SpineMid,-0.8766587,0.1415704,2.615568
59,22,414,Neck,-0.8493633,0.4433581,2.583355
59,22,415,Head,-0.7886636,0.554323,2.585306
59,22,415,ShoulderLeft,-0.9427838,0.3304998,2.491565
59,22,415,ElbowLeft,-1.036287,0.1008946,2.462925
59,22,415,WristLeft,-1.024096,-0.1385103,2.437338
59,22,415,HandLeft,-1.032141,-0.2176405,2.43054
59,22,415,ShoulderRight,-0.7762555,0.3006687,2.688266
59,22,415,ElbowRight,-0.7739899,0.05225981,2.743355
59,22,415,WristRight,-0.716799,-0.1921228,2.733288
59,22,415,HandRight,-0.6817942,-0.261634,2.70956
59,22,415,HipLeft,-0.9355689,-0.1634082,2.55637
59,22,415,KneeLeft,-0.8439448,-0.4744083,2.465234
59,22,415,AnkleLeft,-0.9784383,-0.8103387,2.517538
59,22,415,FootLeft,-0.9106445,-0.9067383,2.46875
59,22,415,HipRight,-0.8431232,-0.1685318,2.648189
59,22,415,KneeRight,-0.9358156,-0.4974766,2.576978
59,22,415,AnkleRight,-0.9684342,-0.8374311,2.542943
59,22,415,FootRight,-0.882809,-0.8782209,2.450465
59,22,415,SpineShoulder,-0.8570462,0.3690127,2.593617
59,22,415,HandTipLeft,-1.041309,-0.2906521,2.417121
59,22,415,ThumbLeft,-1.00379,-0.2623177,2.413727
59,22,415,HandTipRight,-0.6637433,-0.3190434,2.699547
59,22,415,ThumbRight,-0.6519644,-0.2596322,2.679534
59,22,445,SpineBase,-0.8653161,-0.1761351,2.59892
59,22,445,SpineMid,-0.8371723,0.1357543,2.588447
59,22,445,Neck,-0.8047832,0.4393969,2.564914
59,22,445,Head,-0.7442166,0.5509565,2.569278
59,22,445,ShoulderLeft,-0.9050742,0.3247131,2.478229
59,22,445,ElbowLeft,-0.9911413,0.1162847,2.446432
59,22,445,WristLeft,-0.9843048,-0.139341,2.414211
59,22,445,HandLeft,-0.9834461,-0.2591999,2.407946
59,22,445,ShoulderRight,-0.7295434,0.2856466,2.675324
59,22,445,ElbowRight,-0.7256944,0.03729577,2.730397
59,22,445,WristRight,-0.6617439,-0.1461105,2.70606
59,22,445,HandRight,-0.6167316,-0.2299091,2.6794
59,22,445,HipLeft,-0.9002872,-0.1687263,2.522464
59,22,445,KneeLeft,-0.7721649,-0.467376,2.432344
59,22,445,AnkleLeft,-0.8085135,-0.8335571,2.458727
59,22,445,FootLeft,-0.7257815,-0.873539,2.363919
59,22,445,HipRight,-0.8081777,-0.1788799,2.607859
59,22,445,KneeRight,-0.9287441,-0.498201,2.591205
59,22,445,AnkleRight,-0.9996297,-0.8059298,2.658432
59,22,445,FootRight,-0.9750977,-0.8950195,2.585938
59,22,445,SpineShoulder,-0.8135386,0.3646211,2.572989
59,22,445,HandTipLeft,-0.9839076,-0.3179556,2.402792
59,22,445,ThumbLeft,-0.9541293,-0.2369508,2.418619
59,22,445,HandTipRight,-0.5772532,-0.2846501,2.651376
59,22,445,ThumbRight,-0.5637538,-0.2715656,2.647
59,22,478,SpineBase,-0.8195803,-0.1784957,2.573324
59,22,478,SpineMid,-0.7927003,0.1308986,2.564393
59,22,478,Neck,-0.764691,0.4325513,2.544318
59,22,478,Head,-0.7070783,0.5430266,2.552303
59,22,478,ShoulderLeft,-0.8579947,0.3124057,2.455399
59,22,478,ElbowLeft,-0.9467865,0.09811836,2.42512
59,22,478,WristLeft,-0.92483,-0.1377452,2.396576
59,22,478,HandLeft,-0.9169815,-0.2188528,2.397958
59,22,478,ShoulderRight,-0.6871136,0.2843016,2.664621
59,22,478,ElbowRight,-0.6688466,0.03272723,2.70633
59,22,478,WristRight,-0.5955457,-0.1418737,2.675998
59,22,478,HandRight,-0.5457947,-0.2219976,2.650589
59,22,478,HipLeft,-0.855188,-0.169812,2.494784
59,22,478,KneeLeft,-0.7226667,-0.4389218,2.407231
59,22,478,AnkleLeft,-0.6841838,-0.8080965,2.398661
59,22,478,FootLeft,-0.59978,-0.847689,2.306739
59,22,478,HipRight,-0.7622989,-0.1824473,2.583677
59,22,478,KneeRight,-0.8996128,-0.4919341,2.589348
59,22,478,AnkleRight,-1.009259,-0.838164,2.6599
59,22,478,FootRight,-0.9220807,-0.8786514,2.568607
59,22,478,SpineShoulder,-0.7722977,0.3582501,2.551538
59,22,478,HandTipLeft,-0.9185992,-0.2881184,2.377031
59,22,478,ThumbLeft,-0.8849607,-0.221965,2.410953
59,22,478,HandTipRight,-0.5011965,-0.2785247,2.625208
59,22,479,ThumbRight,-0.4981686,-0.2427736,2.616286
59,22,510,SpineBase,-0.7698151,-0.1895833,2.550824
59,22,510,SpineMid,-0.745864,0.1190648,2.543526
59,22,510,Neck,-0.7188455,0.4195761,2.523946
59,22,510,Head,-0.6630792,0.5314039,2.53263
59,22,510,ShoulderLeft,-0.8138911,0.3005366,2.432204
59,22,510,ElbowLeft,-0.8994422,0.08978334,2.405773
59,22,510,WristLeft,-0.8821821,-0.1654692,2.373399
59,22,510,HandLeft,-0.8670546,-0.2525577,2.376062
59,22,510,ShoulderRight,-0.6397498,0.2603806,2.636665
59,22,510,ElbowRight,-0.617942,0.009966244,2.681691
59,22,510,WristRight,-0.5283544,-0.1563787,2.646809
59,22,510,HandRight,-0.4742263,-0.2281356,2.613191
59,22,510,HipLeft,-0.8066915,-0.1776878,2.472073
59,22,510,KneeLeft,-0.7045703,-0.4332912,2.39712
59,22,510,AnkleLeft,-0.5795565,-0.782407,2.352181
59,22,510,FootLeft,-0.4974252,-0.8217491,2.258342
59,22,511,HipRight,-0.712315,-0.1963838,2.561084
59,22,511,KneeRight,-0.8712799,-0.4934968,2.573628
59,22,511,AnkleRight,-1.000836,-0.8249155,2.656646
59,22,511,FootRight,-0.9148283,-0.8652471,2.563693
59,22,511,SpineShoulder,-0.7261718,0.3455864,2.53104
59,22,511,HandTipLeft,-0.8659459,-0.3179699,2.360252
59,22,511,ThumbLeft,-0.8283879,-0.2343068,2.377318
59,22,511,HandTipRight,-0.4320042,-0.2833064,2.587947
59,22,511,ThumbRight,-0.4701022,-0.2128918,2.604333
59,22,544,SpineBase,-0.7194664,-0.2021261,2.517632
59,22,544,SpineMid,-0.6977512,0.1062876,2.515387
59,22,544,Neck,-0.6731274,0.406473,2.500758
59,22,545,Head,-0.6173745,0.5167295,2.511285
59,22,545,ShoulderLeft,-0.7692698,0.2851733,2.409016
59,22,545,ElbowLeft,-0.8481556,0.06192204,2.380579
59,22,545,WristLeft,-0.8252415,-0.1927504,2.346651
59,22,545,HandLeft,-0.8082401,-0.2750776,2.349539
59,22,545,ShoulderRight,-0.5951398,0.2480164,2.601682
59,22,545,ElbowRight,-0.5632464,0.001434809,2.65705
59,22,545,WristRight,-0.4689435,-0.1618792,2.619798
59,22,545,HandRight,-0.4165894,-0.2354593,2.591438
59,22,545,HipLeft,-0.759231,-0.1914825,2.442368
59,22,545,KneeLeft,-0.6219547,-0.4985589,2.366413
59,22,545,AnkleLeft,-0.4670134,-0.8324615,2.29894
59,22,545,FootLeft,-0.3662938,-0.8928404,2.227392
59,22,545,HipRight,-0.6600949,-0.2072461,2.524136
59,22,545,KneeRight,-0.807125,-0.4974035,2.586867
59,22,545,AnkleRight,-0.9444695,-0.7283623,2.612544
59,22,545,FootRight,-0.8602443,-0.7689486,2.517005
59,22,545,SpineShoulder,-0.6798248,0.3325707,2.506626
59,22,545,HandTipLeft,-0.8076765,-0.3468817,2.345711
59,22,545,ThumbLeft,-0.7700161,-0.2547552,2.344886
59,22,545,HandTipRight,-0.3729724,-0.2922711,2.565892
59,22,545,ThumbRight,-0.3657955,-0.2547502,2.550143
59,22,578,SpineBase,-0.6612591,-0.2152373,2.492525
59,22,579,SpineMid,-0.6477582,0.09358932,2.492236
59,22,579,Neck,-0.6331308,0.394626,2.480398
59,22,579,Head,-0.5744645,0.5060124,2.489657
59,22,579,ShoulderLeft,-0.7221345,0.2712991,2.385836
59,22,579,ElbowLeft,-0.7953632,0.0447887,2.355384
59,22,579,WristLeft,-0.7648619,-0.2094557,2.325068
59,22,579,HandLeft,-0.7527608,-0.2897135,2.326127
59,22,579,ShoulderRight,-0.5479652,0.24235,2.578425
59,22,579,ElbowRight,-0.513199,-0.005683769,2.627451
59,22,579,WristRight,-0.4049285,-0.1928583,2.595089
59,22,579,HandRight,-0.3552618,-0.2591085,2.565909
59,22,579,HipLeft,-0.7014945,-0.2046719,2.415162
59,22,579,KneeLeft,-0.7207692,-0.4759562,2.485411
59,22,579,AnkleLeft,-0.4954182,-0.7386366,2.335261
59,22,579,FootLeft,-0.4152578,-0.7768743,2.23875
59,22,579,HipRight,-0.602743,-0.2198333,2.500798
59,22,579,KneeRight,-0.7512125,-0.511565,2.557423
59,22,579,AnkleRight,-0.9243801,-0.709812,2.609677
59,22,579,FootRight,-0.8398435,-0.7497011,2.513915
59,22,579,SpineShoulder,-0.6362317,0.3201924,2.485019
59,22,579,HandTipLeft,-0.7527207,-0.3624404,2.320426
59,22,579,ThumbLeft,-0.7124808,-0.2754609,2.322057
59,22,579,HandTipRight,-0.3196167,-0.3139583,2.534696
59,22,579,ThumbRight,-0.3259913,-0.2486835,2.5221
59,22,612,SpineBase,-0.6005259,-0.227588,2.464566
59,22,612,SpineMid,-0.5960373,0.08546614,2.462759
59,22,612,Neck,-0.5886216,0.3899992,2.448426
59,22,612,Head,-0.5276678,0.4999898,2.463215
59,22,612,ShoulderLeft,-0.6675392,0.2659181,2.354847
59,22,612,ElbowLeft,-0.7243555,0.01422353,2.329019
59,22,612,WristLeft,-0.7089548,-0.220624,2.295475
59,22,612,HandLeft,-0.7006814,-0.2996156,2.296465
59,22,613,ShoulderRight,-0.5052781,0.2381883,2.547319
59,22,613,ElbowRight,-0.4627459,-0.009151385,2.594835
59,22,613,WristRight,-0.3601381,-0.2071656,2.56974
59,22,613,HandRight,-0.3099373,-0.2737387,2.54611
59,22,613,HipLeft,-0.6397563,-0.220119,2.391799
59,22,613,KneeLeft,-0.6533474,-0.4850383,2.460246
59,22,613,AnkleLeft,-0.4508746,-0.766866,2.31311
59,22,613,FootLeft,-0.3688226,-0.8042358,2.219275
59,22,613,HipRight,-0.5444258,-0.2286472,2.467926
59,22,613,KneeRight,-0.4844627,-0.5307679,2.300326
59,22,613,AnkleRight,-0.7498644,-0.6946853,2.483039
59,22,613,FootRight,-0.6644096,-0.7338287,2.389507
59,22,613,SpineShoulder,-0.5909992,0.3150432,2.454232
59,22,613,HandTipLeft,-0.7013866,-0.3704982,2.287082
59,22,613,ThumbLeft,-0.6711791,-0.2848855,2.311894
59,22,613,HandTipRight,-0.2742371,-0.3295244,2.521068
59,22,613,ThumbRight,-0.281184,-0.2591245,2.506769
59,22,648,SpineBase,-0.5434262,-0.2286654,2.440418
59,22,648,SpineMid,-0.5437832,0.08595087,2.439093
59,22,648,Neck,-0.541316,0.3918668,2.425176
59,22,648,Head,-0.4941809,0.5008385,2.446793
59,22,648,ShoulderLeft,-0.6261528,0.2601945,2.332336
59,22,648,ElbowLeft,-0.6734385,0.006293408,2.305602
59,22,648,WristLeft,-0.6494092,-0.2194283,2.27022
59,22,648,HandLeft,-0.6444715,-0.3009589,2.271592
59,22,648,ShoulderRight,-0.4580539,0.2399923,2.524031
59,22,648,ElbowRight,-0.4170988,-0.007723209,2.571101
59,22,648,WristRight,-0.3272976,-0.2190772,2.558077
59,22,649,HandRight,-0.2749729,-0.2863154,2.53622
59,22,649,HipLeft,-0.5842451,-0.2232356,2.368596
59,22,649,KneeLeft,-0.6214163,-0.4601597,2.409247
59,22,649,AnkleLeft,-0.4307311,-0.7650029,2.29943
59,22,649,FootLeft,-0.3500344,-0.8019625,2.203936
59,22,649,HipRight,-0.4871252,-0.2275637,2.442523
59,22,649,KneeRight,-0.4258523,-0.5165015,2.273205
59,22,649,AnkleRight,-0.6943755,-0.6794063,2.453083
59,22,649,FootRight,-0.6105961,-0.7182297,2.357746
59,22,649,SpineShoulder,-0.5424318,0.3165879,2.430882
59,22,649,HandTipLeft,-0.6472916,-0.3714049,2.259282
59,22,649,ThumbLeft,-0.6142189,-0.2885427,2.285739
59,22,649,HandTipRight,-0.2348618,-0.3436918,2.509506
59,22,649,ThumbRight,-0.2571568,-0.2691457,2.491823
59,22,678,SpineBase,-0.4828404,-0.2275091,2.417166
59,22,678,SpineMid,-0.4887809,0.09046476,2.414885
59,22,678,Neck,-0.4919892,0.3994912,2.399947
59,22,679,Head,-0.436265,0.508912,2.421736
59,22,679,ShoulderLeft,-0.5775822,0.265578,2.310329
59,22,679,ElbowLeft,-0.6195748,0.01053977,2.282137
59,22,679,WristLeft,-0.592814,-0.2062766,2.241054
59,22,679,HandLeft,-0.5886384,-0.2888967,2.241627
59,22,679,ShoulderRight,-0.4088178,0.2475342,2.498774
59,22,679,ElbowRight,-0.3732274,-0.002204822,2.541155
59,22,679,WristRight,-0.2975555,-0.2257823,2.543692
59,22,679,HandRight,-0.2509075,-0.2954315,2.528028
59,22,679,HipLeft,-0.5236626,-0.2237928,2.345889
59,22,679,KneeLeft,-0.5367387,-0.5481552,2.422375
59,22,679,AnkleLeft,-0.3540868,-0.828486,2.248282
59,22,679,FootLeft,-0.2749399,-0.8640801,2.152155
59,22,679,HipRight,-0.4280718,-0.2246358,2.418408
59,22,679,KneeRight,-0.3826162,-0.5181262,2.248051
59,22,679,AnkleRight,-0.6448606,-0.6732813,2.442642
59,22,679,FootRight,-0.5622016,-0.7118309,2.346304
59,22,679,SpineShoulder,-0.4916616,0.3234686,2.405912
59,22,679,HandTipLeft,-0.5915063,-0.3593514,2.225305
59,22,679,ThumbLeft,-0.5523511,-0.2786638,2.248526
59,22,679,HandTipRight,-0.2256474,-0.3613469,2.51585
59,22,679,ThumbRight,-0.2188374,-0.2861965,2.496
59,22,711,SpineBase,-0.4253063,-0.212363,2.394699
59,22,711,SpineMid,-0.4365105,0.104943,2.393944
59,22,711,Neck,-0.4451008,0.4130935,2.380539
59,22,711,Head,-0.3857485,0.5235705,2.40237
59,22,711,ShoulderLeft,-0.529817,0.282386,2.287052
59,22,711,ElbowLeft,-0.574062,0.04238541,2.252623
59,22,711,WristLeft,-0.5347269,-0.2034823,2.207968
59,22,711,HandLeft,-0.5276077,-0.2833359,2.20585
59,22,711,ShoulderRight,-0.3620286,0.2610495,2.479347
59,22,711,ElbowRight,-0.3335593,0.009458245,2.517874
59,22,711,WristRight,-0.2711623,-0.2349692,2.530491
59,22,711,HandRight,-0.2341372,-0.3083977,2.521626
59,22,711,HipLeft,-0.4660124,-0.2091566,2.322607
59,22,711,KneeLeft,-0.4901877,-0.534697,2.394033
59,22,711,AnkleLeft,-0.3428231,-0.8730167,2.252012
59,22,711,FootLeft,-0.2627451,-0.9076634,2.157101
59,22,711,HipRight,-0.3721525,-0.2093336,2.396443
59,22,711,KneeRight,-0.3751338,-0.5087774,2.239598
59,22,711,AnkleRight,-0.6222309,-0.6830872,2.437398
59,22,711,FootRight,-0.5387204,-0.7210836,2.342069
59,22,711,SpineShoulder,-0.4434009,0.3373162,2.386118
59,22,712,HandTipLeft,-0.5338736,-0.3543498,2.193161
59,22,712,ThumbLeft,-0.4892737,-0.2762292,2.209345
59,22,712,HandTipRight,-0.2150424,-0.3712569,2.507298
59,22,712,ThumbRight,-0.2059456,-0.2949045,2.486632
59,22,744,SpineBase,-0.3876643,-0.2002911,2.385308
59,22,745,SpineMid,-0.3924916,0.1216962,2.379255
59,22,745,Neck,-0.3979331,0.4334494,2.361086
59,22,745,Head,-0.3388866,0.5382317,2.38294
59,22,745,ShoulderLeft,-0.4795063,0.3054355,2.267665
59,22,745,ElbowLeft,-0.5221301,0.05878922,2.229342
59,22,745,WristLeft,-0.4847811,-0.1906668,2.168807
59,22,745,HandLeft,-0.4731364,-0.2714721,2.165474
59,22,745,ShoulderRight,-0.3149676,0.2813012,2.459889
59,22,745,ElbowRight,-0.2964543,0.02785725,2.494566
59,22,745,WristRight,-0.258408,-0.2233523,2.517137
59,22,745,HandRight,-0.2288686,-0.3039462,2.516399
59,22,745,HipLeft,-0.4278235,-0.1959414,2.313894
59,22,745,KneeLeft,-0.4629553,-0.522078,2.380774
59,22,745,AnkleLeft,-0.3405718,-0.8719509,2.250879
59,22,745,FootLeft,-0.2602437,-0.9072533,2.156794
59,22,745,HipRight,-0.3360265,-0.1986729,2.386187
59,22,745,KneeRight,-0.3558953,-0.5098735,2.223481
59,22,745,AnkleRight,-0.6052834,-0.6774303,2.424201
59,22,745,FootRight,-0.5216655,-0.7160894,2.329659
59,22,745,SpineShoulder,-0.3967182,0.35691,2.367769
59,22,745,HandTipLeft,-0.4746617,-0.342034,2.156293
59,22,745,ThumbLeft,-0.4389129,-0.2643018,2.167136
59,22,745,HandTipRight,-0.2185634,-0.3649867,2.506021
59,22,745,ThumbRight,-0.1948051,-0.3475813,2.492
59,22,778,SpineBase,-0.3359497,-0.1890577,2.375363
59,22,779,SpineMid,-0.3483853,0.1371476,2.36525
59,22,779,Neck,-0.3561234,0.4544923,2.341651
59,22,779,Head,-0.2970617,0.5600657,2.365289
59,22,779,ShoulderLeft,-0.4316829,0.3230127,2.244351
59,22,779,ElbowLeft,-0.4729134,0.06956068,2.202135
59,22,779,WristLeft,-0.4199754,-0.1769735,2.140126
59,22,779,HandLeft,-0.3983321,-0.2647212,2.13797
59,22,779,ShoulderRight,-0.2732545,0.3022401,2.44046
59,22,779,ElbowRight,-0.2523108,0.04845588,2.473543
59,22,779,WristRight,-0.2317605,-0.2071476,2.465575
59,22,779,HandRight,-0.2211122,-0.2676457,2.483617
59,22,779,HipLeft,-0.3742979,-0.1824115,2.304316
59,22,779,KneeLeft,-0.418728,-0.5122613,2.356341
59,22,779,AnkleLeft,-0.3376566,-0.8725752,2.249415
59,22,779,FootLeft,-0.2732443,-0.9326714,2.199009
59,22,779,HipRight,-0.2889073,-0.190295,2.3759
59,22,779,KneeRight,-0.3160141,-0.5116035,2.242842
59,22,779,AnkleRight,-0.5804464,-0.6771392,2.427036
59,22,779,FootRight,-0.5853743,-0.7879472,2.426574
59,22,779,SpineShoulder,-0.3548723,0.3763287,2.349937
59,22,779,HandTipLeft,-0.4025756,-0.3319184,2.134417
59,22,779,ThumbLeft,-0.3502635,-0.2597133,2.146323
59,22,779,HandTipRight,-0.2039383,-0.3290785,2.482542
59,22,779,ThumbRight,-0.2146442,-0.2191602,2.4818
59,22,810,SpineBase,-0.3001001,-0.1755508,2.358596
59,22,810,SpineMid,-0.3046936,0.1542786,2.347998
59,22,810,Neck,-0.3100177,0.4731586,2.326009
59,22,810,Head,-0.250932,0.5791722,2.347219
59,22,810,ShoulderLeft,-0.385564,0.3393363,2.224927
59,22,810,ElbowLeft,-0.427885,0.09735934,2.174896
59,22,810,WristLeft,-0.3691809,-0.1478202,2.111749
59,22,810,HandLeft,-0.3504312,-0.2069463,2.116219
59,22,810,ShoulderRight,-0.2272639,0.3208138,2.424813
59,22,810,ElbowRight,-0.2067349,0.06685552,2.457941
59,22,810,WristRight,-0.1864291,-0.1888576,2.449991
59,22,810,HandRight,-0.1963285,-0.1994131,2.406507
59,22,810,HipLeft,-0.3379604,-0.1716107,2.286834
59,22,810,KneeLeft,-0.401955,-0.4973681,2.341533
59,22,810,AnkleLeft,-0.336238,-0.8691768,2.249872
59,22,810,FootLeft,-0.2766394,-0.931608,2.199589
59,22,811,HipRight,-0.2522619,-0.1737529,2.358915
59,22,811,KneeRight,-0.210407,-0.4945187,2.324686
59,22,811,AnkleRight,-0.4315169,-0.776327,2.404102
59,22,811,FootRight,-0.3481326,-0.8139117,2.3124
59,22,811,SpineShoulder,-0.308827,0.3948955,2.333653
59,22,811,HandTipLeft,-0.3436541,-0.2745578,2.07953
59,22,811,ThumbLeft,-0.3083676,-0.2064027,2.1414
59,22,811,HandTipRight,-0.195629,-0.2052484,2.39802
59,22,811,ThumbRight,-0.193707,-0.2019589,2.391381
59,22,844,SpineBase,-0.2549639,-0.1677666,2.332544
59,22,844,SpineMid,-0.262146,0.1639363,2.327599
59,22,844,Neck,-0.2655438,0.485805,2.308769
59,22,845,Head,-0.2036806,0.5906728,2.329169
59,22,845,ShoulderLeft,-0.3396797,0.3509273,2.203544
59,22,845,ElbowLeft,-0.3872881,0.118593,2.151546
59,22,845,WristLeft,-0.3167089,-0.1069942,2.083416
59,22,845,HandLeft,-0.2980888,-0.1901688,2.089083
59,22,845,ShoulderRight,-0.1829,0.3333798,2.407564
59,22,845,ElbowRight,-0.1626824,0.07928289,2.440698
59,22,845,WristRight,-0.2190144,-0.1367429,2.303939
59,22,845,HandRight,-0.1878103,-0.1866723,2.277906
59,22,845,HipLeft,-0.2930844,-0.1640002,2.264543
59,22,845,KneeLeft,-0.301083,-0.4964879,2.201296
59,22,845,AnkleLeft,-0.3332976,-0.8599554,2.250421
59,22,845,FootLeft,-0.2821457,-0.9281262,2.202392
59,22,845,HipRight,-0.2093866,-0.1664663,2.329577
59,22,845,KneeRight,-0.1863934,-0.5054553,2.312888
59,22,845,AnkleRight,-0.3842945,-0.8165725,2.333399
59,22,845,FootRight,-0.3038132,-0.9021147,2.324448
59,22,845,SpineShoulder,-0.2651898,0.4066931,2.315773
59,22,845,HandTipLeft,-0.2703996,-0.2547406,2.050436
59,22,845,ThumbLeft,-0.348271,-0.2086558,2.113563
59,22,845,HandTipRight,-0.1984449,-0.2519474,2.259703
59,22,845,ThumbRight,-0.1531386,-0.2001035,2.309812
59,22,879,SpineBase,-0.2127729,-0.1656521,2.308287
59,22,879,SpineMid,-0.2192374,0.1680083,2.306411
59,22,879,Neck,-0.2260146,0.4909321,2.292393
59,22,879,Head,-0.160708,0.5929686,2.309643
59,22,879,ShoulderLeft,-0.296336,0.3566358,2.182672
59,22,879,ElbowLeft,-0.3424679,0.1332647,2.124294
59,22,879,WristLeft,-0.2589926,-0.1046229,2.059536
59,22,880,HandLeft,-0.2376449,-0.1884015,2.046521
59,22,880,ShoulderRight,-0.1434687,0.3384481,2.391169
59,22,880,ElbowRight,-0.1235305,0.08426792,2.424299
59,22,880,WristRight,-0.1805795,-0.1318238,2.287831
59,22,880,HandRight,-0.1414389,-0.1789035,2.251261
59,22,880,HipLeft,-0.249711,-0.1626075,2.237454
59,22,880,KneeLeft,-0.2971003,-0.4949187,2.199541
59,22,880,AnkleLeft,-0.3183858,-0.8580146,2.255333
59,22,880,FootLeft,-0.2674316,-0.9243674,2.209452
59,22,880,HipRight,-0.1689963,-0.1636155,2.307617
59,22,880,KneeRight,-0.1009537,-0.4852755,2.279898
59,22,880,AnkleRight,-0.2066799,-0.8389193,2.298792
59,22,880,FootRight,-0.1812744,-0.918457,2.240234
59,22,880,SpineShoulder,-0.2244051,0.4116775,2.298078
59,22,880,HandTipLeft,-0.2082604,-0.2485247,2.008818
59,22,880,ThumbLeft,-0.2637857,-0.1934996,2.099667
59,22,880,HandTipRight,-0.1506179,-0.2487857,2.235707
59,22,880,ThumbRight,-0.1141356,-0.2070084,2.272684
59,22,913,SpineBase,-0.1733402,-0.1721544,2.289035
59,22,913,SpineMid,-0.1752658,0.1631117,2.285501
59,22,913,Neck,-0.177027,0.4880135,2.269551
59,22,913,Head,-0.1154807,0.5947131,2.289649
59,22,913,ShoulderLeft,-0.2494674,0.3526306,2.1608
59,22,913,ElbowLeft,-0.299262,0.1325673,2.103463
59,22,913,WristLeft,-0.2121768,-0.08621033,2.035712
59,22,913,HandLeft,-0.1828242,-0.1712327,2.018293
59,22,913,ShoulderRight,-0.0946018,0.3354744,2.36829
59,22,913,ElbowRight,-0.07501394,0.08125058,2.401399
59,22,913,WristRight,-0.1320266,-0.1348504,2.264809
59,22,913,HandRight,-0.09414144,-0.1758358,2.232074
59,22,913,HipLeft,-0.2169882,-0.1652402,2.221772
59,22,913,KneeLeft,-0.2783733,-0.4917318,2.193356
59,22,913,AnkleLeft,-0.3183398,-0.8522524,2.253734
59,22,913,FootLeft,-0.2628469,-0.9235669,2.207447
59,22,913,HipRight,-0.1240512,-0.1742696,2.284742
59,22,913,KneeRight,-0.04500758,-0.4863934,2.252559
59,22,913,AnkleRight,-0.07351255,-0.8526713,2.259257
59,22,913,FootRight,-0.02790833,-0.9199219,2.195313
59,22,913,SpineShoulder,-0.176479,0.4082232,2.275622
59,22,913,HandTipLeft,-0.1422266,-0.2284185,1.976068
59,22,913,ThumbLeft,-0.2132247,-0.2046189,2.0626
59,22,913,HandTipRight,-0.09861897,-0.2472044,2.221684
59,22,914,ThumbRight,-0.05958592,-0.1661463,2.266429
59,22,947,SpineBase,-0.1280018,-0.1826787,2.271263
59,22,947,SpineMid,-0.1294115,0.1527225,2.265103
59,22,947,Neck,-0.1307453,0.477646,2.246214
59,22,948,Head,-0.06611067,0.5838955,2.269621
59,22,948,ShoulderLeft,-0.204871,0.3456101,2.141758
59,22,948,ElbowLeft,-0.2539978,0.1328337,2.073695
59,22,948,WristLeft,-0.1649839,-0.08094832,2.004999
59,22,948,HandLeft,-0.1278255,-0.1655047,1.981482
59,22,948,ShoulderRight,-0.04843604,0.3250707,2.344903
59,22,948,ElbowRight,-0.02918607,0.0708593,2.37798
59,22,948,WristRight,-0.08640462,-0.1452213,2.241388
59,22,948,HandRight,-0.04617141,-0.1798353,2.216141
59,22,948,HipLeft,-0.1659478,-0.1753192,2.204228
59,22,948,KneeLeft,-0.2550341,-0.4893968,2.185366
59,22,948,AnkleLeft,-0.3158652,-0.8455022,2.252218
59,22,948,FootLeft,-0.2721646,-0.9256005,2.207265
59,22,948,HipRight,-0.08853436,-0.1835836,2.268226
59,22,948,KneeRight,0.009291188,-0.4996837,2.231007
59,22,948,AnkleRight,0.05888435,-0.844515,2.208426
59,22,948,FootRight,0.1248169,-0.9160156,2.125
59,22,948,SpineShoulder,-0.1305012,0.3978775,2.253147
59,22,948,HandTipLeft,-0.08290568,-0.2191531,1.939224
59,22,948,ThumbLeft,-0.1642887,-0.1669031,2.041
59,22,948,HandTipRight,-0.03860345,-0.262697,2.219434
59,22,948,ThumbRight,-0.01056503,-0.1754126,2.253154
59,22,977,SpineBase,-0.08302359,-0.1995357,2.253866
59,22,977,SpineMid,-0.08527993,0.1390939,2.248196
59,22,977,Neck,-0.08617569,0.4667178,2.229085
59,22,977,Head,-0.02167608,0.5732883,2.251263
59,22,978,ShoulderLeft,-0.1546456,0.3300608,2.121998
59,22,978,ElbowLeft,-0.2172379,0.1270359,2.058073
59,22,978,WristLeft,-0.1187272,-0.08410485,1.977201
59,22,978,HandLeft,-0.07379416,-0.1678229,1.943782
59,22,978,ShoulderRight,-0.003988845,0.3141233,2.327722
59,22,978,ElbowRight,0.0149273,0.05994422,2.360768
59,22,978,WristRight,-0.0424921,-0.1561074,2.224174
59,22,978,HandRight,-0.0005820763,-0.1796276,2.198816
59,22,978,HipLeft,-0.1236889,-0.1913454,2.186914
59,22,978,KneeLeft,-0.230182,-0.5107989,2.176083
59,22,978,AnkleLeft,-0.3168148,-0.8585953,2.253756
59,22,978,FootLeft,-0.2771223,-0.9303427,2.206639
59,22,978,HipRight,-0.0400144,-0.2013083,2.249561
59,22,978,KneeRight,0.04317033,-0.4959764,2.208154
59,22,978,AnkleRight,0.1758759,-0.8309177,2.15166
59,22,978,FootRight,0.2527287,-0.8668268,2.063243
59,22,978,SpineShoulder,-0.08610314,0.3863089,2.236128
59,22,978,HandTipLeft,-0.02788431,-0.2202091,1.90433
59,22,978,ThumbLeft,-0.100246,-0.1597471,2.014667
59,22,978,HandTipRight,0.01271825,-0.2615976,2.185017
59,22,978,ThumbRight,0.03079204,-0.1922953,2.229923
59,23,013,SpineBase,-0.04066306,-0.2198772,2.23004
59,23,013,SpineMid,-0.04022779,0.1199872,2.226304
59,23,014,Neck,-0.03956355,0.4490761,2.209294
59,23,014,Head,0.02297474,0.5580164,2.233485
59,23,014,ShoulderLeft,-0.110388,0.313642,2.100626
59,23,014,ElbowLeft,-0.1655578,0.1070599,2.029915
59,23,014,WristLeft,-0.06220035,-0.1159245,1.941865
59,23,014,HandLeft,-0.0107085,-0.2019472,1.900184
59,23,014,ShoulderRight,0.04249195,0.2964758,2.307866
59,23,014,ElbowRight,0.06105189,0.04237444,2.340871
59,23,014,WristRight,0.003419261,-0.1736197,2.204272
59,23,014,HandRight,0.05871052,-0.2021468,2.203356
59,23,014,HipLeft,-0.08146144,-0.2102077,2.163001
59,23,014,KneeLeft,-0.1813981,-0.5236234,2.162315
59,23,014,AnkleLeft,-0.312535,-0.8543701,2.249459
59,23,014,FootLeft,-0.2852405,-0.9304571,2.203307
59,23,014,HipRight,0.001387975,-0.2225088,2.225733
59,23,014,KneeRight,0.05910848,-0.4992864,2.191914
59,23,014,AnkleRight,0.2508514,-0.8092558,2.108802
59,23,014,FootRight,0.3262632,-0.845377,2.020212
59,23,014,SpineShoulder,-0.0397689,0.3682914,2.215802
59,23,014,HandTipLeft,0.0290693,-0.2514978,1.881994
59,23,014,ThumbLeft,0.03780304,-0.2373958,1.8938
59,23,014,HandTipRight,0.06168826,-0.2431765,2.185425
59,23,014,ThumbRight,0.06660088,-0.2284836,2.190286
59,23,047,SpineBase,0.008093939,-0.2334997,2.211168
59,23,047,SpineMid,0.008241516,0.1058256,2.208156
59,23,047,Neck,0.008334478,0.4343956,2.19178
59,23,047,Head,0.07176542,0.5425904,2.213596
59,23,047,ShoulderLeft,-0.06554126,0.2944662,2.077289
59,23,047,ElbowLeft,-0.1122414,0.08497301,2.006556
59,23,047,WristLeft,-0.01024396,-0.1368186,1.913939
59,23,047,HandLeft,0.03726107,-0.2227155,1.866716
59,23,047,ShoulderRight,0.09024517,0.2817898,2.290291
59,23,047,ElbowRight,0.1084317,0.02775476,2.32327
59,23,047,WristRight,0.007233394,-0.1894948,2.220386
59,23,047,HandRight,0.0250278,-0.2500044,2.236485
59,23,047,HipLeft,-0.03250426,-0.2258044,2.144649
59,23,047,KneeLeft,-0.1542539,-0.5188641,2.143292
59,23,047,AnkleLeft,-0.3007919,-0.8398175,2.24059
59,23,047,FootLeft,-0.2874458,-0.9252768,2.202949
59,23,047,HipRight,0.04838368,-0.2336645,2.206384
59,23,047,KneeRight,-0.03652673,-0.5560042,2.168167
59,23,047,AnkleRight,0.2476182,-0.7852743,2.084314
59,23,047,FootRight,0.3232229,-0.8215824,1.995919
59,23,047,SpineShoulder,0.008320336,0.353737,2.198139
59,23,047,HandTipLeft,0.07394999,-0.2683433,1.852255
59,23,047,ThumbLeft,0.07497344,-0.237749,1.866875
59,23,047,HandTipRight,0.02815966,-0.2908311,2.218568
59,23,047,ThumbRight,0.03327496,-0.2758836,2.223455
59,23,078,SpineBase,0.06270235,-0.2478413,2.184999
59,23,078,SpineMid,0.05934503,0.092097,2.185372
59,23,078,Neck,0.05572352,0.4212172,2.172277
59,23,078,Head,0.1239354,0.5249749,2.188815
59,23,078,ShoulderLeft,-0.01701549,0.282767,2.059766
59,23,078,ElbowLeft,-0.07560543,0.08106303,1.993746
59,23,078,WristLeft,0.02069394,-0.1421092,1.898268
59,23,078,HandLeft,0.06928211,-0.2238854,1.849184
59,23,078,ShoulderRight,0.1374859,0.2686004,2.270736
59,23,078,ElbowRight,0.1552959,0.01461949,2.303699
59,23,078,WristRight,0.04478953,-0.2128851,2.248098
59,23,078,HandRight,0.06257752,-0.2733835,2.26419
59,23,078,HipLeft,0.0206168,-0.2408517,2.119408
59,23,078,KneeLeft,-0.08294767,-0.5203875,2.117473
59,23,078,AnkleLeft,-0.2742337,-0.8144081,2.222237
59,23,078,FootLeft,-0.2848376,-0.9223327,2.200643
59,23,078,HipRight,0.1026959,-0.2467537,2.179376
59,23,078,KneeRight,-0.01360087,-0.5734671,2.148222
59,23,078,AnkleRight,0.2816667,-0.7897225,2.069163
59,23,078,FootRight,0.356899,-0.8255215,1.980791
59,23,078,SpineShoulder,0.05667685,0.3404251,2.177824
59,23,078,HandTipLeft,0.1116337,-0.2749404,1.823311
59,23,078,ThumbLeft,0.106831,-0.2369287,1.825546
59,23,078,HandTipRight,0.0655454,-0.3141188,2.246284
59,23,078,ThumbRight,0.07044696,-0.2990603,2.251191
59,23,114,SpineBase,0.1241184,-0.2530912,2.162754
59,23,114,SpineMid,0.1148135,0.08704894,2.164491
59,23,114,Neck,0.1050772,0.4162965,2.152704
59,23,114,Head,0.1653695,0.5262946,2.17014
59,23,114,ShoulderLeft,0.03009418,0.2770794,2.039264
59,23,114,ElbowLeft,-0.02041144,0.06642261,1.973417
59,23,114,WristLeft,0.06702133,-0.1595815,1.876246
59,23,114,HandLeft,0.1042263,-0.2411762,1.827094
59,23,114,ShoulderRight,0.1866778,0.263648,2.251129
59,23,114,ElbowRight,0.2040906,0.009662627,2.284108
59,23,114,WristRight,0.09868667,-0.2167206,2.212808
59,23,114,HandRight,0.1164711,-0.2772262,2.228893
59,23,114,HipLeft,0.07978085,-0.2446966,2.097945
59,23,114,KneeLeft,-0.01586609,-0.5638503,2.097723
59,23,114,AnkleLeft,-0.2527865,-0.8206231,2.207807
59,23,114,FootLeft,-0.2748379,-0.9108689,2.185677
59,23,114,HipRight,0.164325,-0.2531646,2.156465
59,23,114,KneeRight,0.06195411,-0.5847793,2.11908
59,23,114,AnkleRight,0.3419801,-0.8230092,2.053774
59,23,114,FootRight,0.4162406,-0.8578842,1.965305
59,23,114,SpineShoulder,0.1075932,0.3354813,2.157927
59,23,115,HandTipLeft,0.1406161,-0.2908214,1.799164
59,23,115,ThumbLeft,0.1360692,-0.2454091,1.805917
59,23,115,HandTipRight,0.1191947,-0.3179304,2.210999
59,23,115,ThumbRight,0.1237764,-0.3028235,2.215926
59,23,144,SpineBase,0.1832963,-0.2435957,2.145055
59,23,144,SpineMid,0.1682606,0.09437049,2.145797
59,23,144,Neck,0.1526297,0.4213935,2.133054
59,23,145,Head,0.2265128,0.5254686,2.147601
59,23,145,ShoulderLeft,0.07130927,0.2785633,2.019855
59,23,145,ElbowLeft,0.02524992,0.05823158,1.964958
59,23,145,WristLeft,0.09864157,-0.171684,1.86536
59,23,145,HandLeft,0.1329911,-0.2556902,1.816843
59,23,145,ShoulderRight,0.2340698,0.2686867,2.231474
59,23,145,ElbowRight,0.2510968,0.0146225,2.264503
59,23,145,WristRight,0.1496087,-0.2127346,2.18981
59,23,145,HandRight,0.1673887,-0.2732455,2.205891
59,23,145,HipLeft,0.1389451,-0.2413092,2.077794
59,23,145,KneeLeft,0.06896214,-0.5157495,2.051015
59,23,145,AnkleLeft,-0.1774689,-0.760239,2.169523
59,23,145,FootLeft,-0.09619037,-0.7961354,2.078578
59,23,145,HipRight,0.2215287,-0.2378286,2.141332
59,23,145,KneeRight,0.3480159,-0.5273876,2.085601
59,23,145,AnkleRight,0.3879793,-0.8520416,2.038069
59,23,145,FootRight,0.4605189,-0.8861837,1.948249
59,23,145,SpineShoulder,0.1566526,0.3411434,2.138509
59,23,145,HandTipLeft,0.1605147,-0.3080969,1.786657
59,23,145,ThumbLeft,0.1509931,-0.2373821,1.804059
59,23,145,HandTipRight,0.1698784,-0.3139587,2.18801
59,23,145,ThumbRight,0.1741541,-0.2988584,2.192957
59,23,177,SpineBase,0.2337205,-0.2287522,2.12147
59,23,177,SpineMid,0.2144434,0.1087007,2.125098
59,23,177,Neck,0.1912508,0.4339686,2.116644
59,23,177,Head,0.2669469,0.5380332,2.128825
59,23,177,ShoulderLeft,0.1160467,0.2888983,1.999255
59,23,177,ElbowLeft,0.07894307,0.03411263,1.941538
59,23,177,WristLeft,0.1347621,-0.1818703,1.8561
59,23,177,HandLeft,0.1571601,-0.2645262,1.809521
59,23,177,ShoulderRight,0.2725585,0.2811905,2.215084
59,23,177,ElbowRight,0.2892724,0.02698827,2.248185
59,23,177,WristRight,0.1875826,-0.2004534,2.173542
59,23,177,HandRight,0.1495823,-0.2787406,2.15925
59,23,177,HipLeft,0.1877914,-0.2264691,2.05228
59,23,177,KneeLeft,0.1405969,-0.5101943,2.013807
59,23,177,AnkleLeft,-0.1154341,-0.7376594,2.145429
59,23,177,FootLeft,-0.03328104,-0.7732475,2.056455
59,23,177,HipRight,0.2717846,-0.2234029,2.119802
59,23,177,KneeRight,0.3781993,-0.5193855,2.074499
59,23,177,AnkleRight,0.3929303,-0.8552283,2.034231
59,23,177,FootRight,0.4671778,-0.8888295,1.946547
59,23,177,SpineShoulder,0.1972251,0.3542005,2.121017
59,23,177,HandTipLeft,0.1755004,-0.3226707,1.786967
59,23,177,ThumbLeft,0.1626139,-0.2592447,1.769029
59,23,177,HandTipRight,0.1521382,-0.3194074,2.141369
59,23,177,ThumbRight,0.1564994,-0.3042344,2.14632
59,23,212,SpineBase,0.2823221,-0.2122212,2.099491
59,23,212,SpineMid,0.2589848,0.1255272,2.101267
59,23,212,Neck,0.2347371,0.4519096,2.089674
59,23,212,Head,0.3143575,0.5554592,2.103599
59,23,212,ShoulderLeft,0.147557,0.3054788,1.982733
59,23,212,ElbowLeft,0.1219291,0.04902919,1.925577
59,23,212,WristLeft,0.1653654,-0.1834802,1.850627
59,23,212,HandLeft,0.1802875,-0.2618298,1.818567
59,23,212,ShoulderRight,0.3158973,0.2990212,2.188155
59,23,212,ElbowRight,0.3322495,0.0446194,2.221359
59,23,212,WristRight,0.2512018,-0.1902081,2.143764
59,23,212,HandRight,0.2113263,-0.2273421,2.179192
59,23,212,HipLeft,0.2348088,-0.2096217,2.030235
59,23,212,KneeLeft,0.1905809,-0.5535088,1.979244
59,23,212,AnkleLeft,-0.05550277,-0.7857406,2.120068
59,23,212,FootLeft,-0.0814209,-0.8696289,2.103516
59,23,212,HipRight,0.320267,-0.2076814,2.098048
59,23,212,KneeRight,0.3974399,-0.4965779,2.063135
59,23,212,AnkleRight,0.3967218,-0.8616031,2.02947
59,23,212,FootRight,0.4324863,-0.9301835,1.973762
59,23,212,SpineShoulder,0.2409757,0.3718764,2.094815
59,23,212,HandTipLeft,0.191943,-0.3281953,1.800124
59,23,212,ThumbLeft,0.1648107,-0.2492782,1.779861
59,23,212,HandTipRight,0.2136068,-0.2682528,2.161311
59,23,212,ThumbRight,0.2176073,-0.2534021,2.166248
59,23,247,SpineBase,0.3097964,-0.1946626,2.078707
59,23,247,SpineMid,0.2917195,0.1425599,2.07948
59,23,247,Neck,0.2730524,0.4681705,2.066876
59,23,247,Head,0.3370553,0.5821143,2.090148
59,23,247,ShoulderLeft,0.1851391,0.3264481,1.964472
59,23,247,ElbowLeft,0.1482737,0.06914756,1.921535
59,23,247,WristLeft,0.1838507,-0.1771413,1.845389
59,23,247,HandLeft,0.2058886,-0.2564006,1.829328
59,23,247,ShoulderRight,0.3540798,0.315187,2.165398
59,23,247,ElbowRight,0.3701115,0.06061275,2.198703
59,23,247,WristRight,0.2885975,-0.1763658,2.129142
59,23,247,HandRight,0.2487142,-0.2135049,2.164581
59,23,247,HipLeft,0.2579756,-0.1919525,2.011671
59,23,247,KneeLeft,0.2738795,-0.5142738,1.939147
59,23,247,AnkleLeft,0.04133023,-0.7651399,2.07286
59,23,247,FootLeft,0.02061462,-0.8632813,2.044922
59,23,247,HipRight,0.3514056,-0.1908213,2.074923
59,23,247,KneeRight,0.4196495,-0.5061495,2.045752
59,23,247,AnkleRight,0.3970745,-0.8619447,2.029395
59,23,247,FootRight,0.4378684,-0.9326296,1.971267
59,23,247,SpineShoulder,0.2778884,0.3883642,2.072259
59,23,247,HandTipLeft,0.2134947,-0.3258051,1.82044
59,23,247,ThumbLeft,0.2528781,-0.2582245,1.87435
59,23,247,HandTipRight,0.2508184,-0.2544749,2.146714
59,23,247,ThumbRight,0.2545876,-0.2396982,2.151667
59,23,279,SpineBase,0.350836,-0.1708318,2.061584
59,23,279,SpineMid,0.3281955,0.1622376,2.061093
59,23,279,Neck,0.304262,0.48383,2.047793
59,23,279,Head,0.3739762,0.5920761,2.060784
59,23,280,ShoulderLeft,0.2062825,0.3362179,1.951804
59,23,280,ElbowLeft,0.1790642,0.07794852,1.906089
59,23,280,WristLeft,0.2127502,-0.170272,1.836329
59,23,280,HandLeft,0.2172804,-0.2348317,1.824301
59,23,280,ShoulderRight,0.3851805,0.3307622,2.146359
59,23,280,ElbowRight,0.4009507,0.07602408,2.17976
59,23,280,WristRight,0.3083113,-0.07864175,1.986493
59,23,280,HandRight,0.307763,-0.1006534,1.907347
59,23,280,HipLeft,0.2967058,-0.1711627,1.994832
59,23,280,KneeLeft,0.3364893,-0.4642353,1.90594
59,23,280,AnkleLeft,0.1535686,-0.7630401,2.01859
59,23,280,FootLeft,0.1617627,-0.8749594,1.992787
59,23,280,HipRight,0.3927109,-0.1647047,2.057997
59,23,280,KneeRight,0.433277,-0.5003905,1.998816
59,23,280,AnkleRight,0.3975852,-0.8599439,2.028868
59,23,280,FootRight,0.4168074,-0.9342475,1.978047
59,23,280,SpineShoulder,0.3104826,0.4050157,2.053295
59,23,280,HandTipLeft,0.2202696,-0.3001759,1.814781
59,23,280,ThumbLeft,0.2498106,-0.2208326,1.82725
59,23,280,HandTipRight,0.2718306,-0.1874587,1.882966
59,23,280,ThumbRight,0.3557974,-0.1846593,1.9445
59,23,311,SpineBase,0.3814841,-0.1505729,2.039898
59,23,311,SpineMid,0.3623248,0.1780098,2.040042
59,23,311,Neck,0.3422624,0.4950255,2.026897
59,23,311,Head,0.4088864,0.6056461,2.0383
59,23,311,ShoulderLeft,0.2435804,0.3495509,1.932597
59,23,311,ElbowLeft,0.1991851,0.0921119,1.900738
59,23,311,WristLeft,0.2453652,-0.0934489,1.84129
59,23,311,HandLeft,0.2520743,-0.1461251,1.84082
59,23,311,ShoulderRight,0.4230438,0.3418841,2.125498
59,23,311,ElbowRight,0.4384928,0.08701629,2.159
59,23,311,WristRight,0.3419124,-0.06883651,1.96863
59,23,311,HandRight,0.2545052,-0.2535602,1.834665
59,23,311,HipLeft,0.3296097,-0.143147,1.968572
59,23,311,KneeLeft,0.3915852,-0.4538487,1.876408
59,23,311,AnkleLeft,0.2600831,-0.7870583,1.963616
59,23,311,FootLeft,0.3248881,-0.8781883,1.929352
59,23,311,HipRight,0.420612,-0.1514815,2.04017
59,23,311,KneeRight,0.462237,-0.4582415,1.979803
59,23,311,AnkleRight,0.4037929,-0.8206966,2.022706
59,23,311,FootRight,0.3844585,-0.9168984,1.951544
59,23,311,SpineShoulder,0.3475106,0.417385,2.032394
59,23,311,HandTipLeft,0.24282,-0.219237,1.811787
59,23,311,ThumbLeft,0.2917579,-0.1296183,1.819565
59,23,311,HandTipRight,0.2302796,-0.2845263,1.820075
59,23,311,ThumbRight,0.2956567,-0.2946219,1.851269
59,23,348,SpineBase,0.4211982,-0.1339156,2.035766
59,23,348,SpineMid,0.3949301,0.1899057,2.029938
59,23,348,Neck,0.3684814,0.5029389,2.011847
59,23,348,Head,0.4376271,0.6111825,2.019401
59,23,348,ShoulderLeft,0.2671451,0.3547434,1.919993
59,23,348,ElbowLeft,0.228078,0.09619748,1.891078
59,23,348,WristLeft,0.2611848,-0.1170335,1.83533
59,23,348,HandLeft,0.2728741,-0.2009907,1.831577
59,23,348,ShoulderRight,0.4491669,0.3497455,2.110476
59,23,348,ElbowRight,0.464393,0.09478369,2.144054
59,23,348,WristRight,0.5471132,-0.1476055,2.131833
59,23,348,HandRight,0.5698538,-0.2091473,2.126228
59,23,348,HipLeft,0.3630651,-0.1311389,1.958026
59,23,348,KneeLeft,0.4327994,-0.4582363,1.863577
59,23,348,AnkleLeft,0.3207744,-0.8054669,1.923103
59,23,348,FootLeft,0.4000651,-0.8812682,1.869022
59,23,348,HipRight,0.4659544,-0.131232,2.044461
59,23,348,KneeRight,0.4071842,-0.4720612,1.950423
59,23,348,AnkleRight,0.3938546,-0.8358553,1.941726
59,23,348,FootRight,0.4387207,-0.9116211,1.90332
59,23,348,SpineShoulder,0.3752638,0.4262236,2.018527
59,23,348,HandTipLeft,0.2700962,-0.272309,1.823006
59,23,348,ThumbLeft,0.3031812,-0.1942981,1.828261
59,23,348,HandTipRight,0.5984651,-0.2674884,2.11276
59,23,348,ThumbRight,0.5568675,-0.2279328,2.133389
59,23,377,SpineBase,0.4496063,-0.1292799,2.003742
59,23,377,SpineMid,0.430398,0.1942493,2.00034
59,23,377,Neck,0.4096759,0.505979,1.984381
59,23,377,Head,0.48259,0.6120139,1.990062
59,23,377,ShoulderLeft,0.3032514,0.3560974,1.898841
59,23,377,ElbowLeft,0.2585708,0.09801168,1.877807
59,23,377,WristLeft,0.2898214,-0.1253457,1.827697
59,23,377,HandLeft,0.3011924,-0.206623,1.820734
59,23,377,ShoulderRight,0.4902057,0.3527209,2.083038
59,23,377,ElbowRight,0.5050671,0.0976749,2.116716
59,23,378,WristRight,0.6040224,-0.1382331,2.099173
59,23,378,HandRight,0.6355344,-0.1957399,2.083742
59,23,378,HipLeft,0.3928053,-0.1256375,1.92222
59,23,378,KneeLeft,0.4872771,-0.4547174,1.825922
59,23,378,AnkleLeft,0.4481008,-0.8076186,1.920267
59,23,378,FootLeft,0.4929287,-0.8989302,1.844677
59,23,378,HipRight,0.4908484,-0.1282429,2.01539
59,23,378,KneeRight,0.4212382,-0.4674988,2.027804
59,23,378,AnkleRight,0.3978024,-0.8858793,2.021749
59,23,378,FootRight,0.4675425,-0.9029743,1.896015
59,23,378,SpineShoulder,0.4152379,0.4296817,1.990479
59,23,378,HandTipLeft,0.2977889,-0.2773699,1.816682
59,23,378,ThumbLeft,0.3333543,-0.2030681,1.810333
59,23,378,HandTipRight,0.6693306,-0.2550337,2.068844
59,23,378,ThumbRight,0.6519843,-0.2530391,2.089
59,23,416,SpineBase,0.4801538,-0.1343437,1.97848
59,23,416,SpineMid,0.4591246,0.1898112,1.981133
59,23,416,Neck,0.4359925,0.502041,1.970436
59,23,416,Head,0.5167002,0.6046835,1.972416
59,23,416,ShoulderLeft,0.3322521,0.3536221,1.881848
59,23,416,ElbowLeft,0.2837016,0.09607593,1.865064
59,23,416,WristLeft,0.3225145,-0.1341341,1.808618
59,23,416,HandLeft,0.3308784,-0.21464,1.803518
59,23,416,ShoulderRight,0.5164177,0.3487684,2.069094
59,23,416,ElbowRight,0.5310461,0.09372534,2.10282
59,23,416,WristRight,0.6588721,-0.1259754,2.068908
59,23,416,HandRight,0.6995105,-0.1960849,2.043725
59,23,416,HipLeft,0.4213348,-0.1305231,1.901077
59,23,416,KneeLeft,0.5296051,-0.4546309,1.804455
59,23,416,AnkleLeft,0.5822139,-0.8057602,1.78837
59,23,416,FootLeft,0.6269531,-0.8671875,1.705078
59,23,416,HipRight,0.522018,-0.1334153,1.986104
59,23,416,KneeRight,0.381352,-0.4387935,2.0518
59,23,416,AnkleRight,0.3975648,-0.8092114,2.022377
59,23,416,FootRight,0.4621967,-0.8435399,1.923003
59,23,416,SpineShoulder,0.4421356,0.4256247,1.97533
59,23,416,HandTipLeft,0.3308107,-0.2811678,1.803811
59,23,416,ThumbLeft,0.3639929,-0.1988582,1.793625
59,23,416,HandTipRight,0.7243976,-0.2536879,2.026981
59,23,416,ThumbRight,0.6916171,-0.2113435,2.052454
59,23,446,SpineBase,0.5020397,-0.1516973,1.95532
59,23,446,SpineMid,0.4887701,0.1774716,1.956769
59,23,446,Neck,0.4746183,0.4949735,1.944615
59,23,446,Head,0.5498791,0.5983227,1.945382
59,23,446,ShoulderLeft,0.366496,0.3456047,1.857559
59,23,446,ElbowLeft,0.3154091,0.08845063,1.842022
59,23,446,WristLeft,0.3426122,-0.1117761,1.793672
59,23,446,HandLeft,0.361808,-0.1969513,1.781752
59,23,446,ShoulderRight,0.5548861,0.3416707,2.043278
59,23,446,ElbowRight,0.569159,0.08662748,2.077082
59,23,446,WristRight,0.7097685,-0.123827,2.033551
59,23,446,HandRight,0.7530756,-0.191044,1.999599
59,23,447,HipLeft,0.4531406,-0.1321434,1.868854
59,23,447,KneeLeft,0.53766,-0.4667808,1.796903
59,23,447,AnkleLeft,0.6912119,-0.8003095,1.739117
59,23,447,FootLeft,0.7489261,-0.8342918,1.640866
59,23,447,HipRight,0.5381966,-0.1694187,1.967086
59,23,447,KneeRight,0.5102459,-0.4947461,1.856985
59,23,447,AnkleRight,0.4148476,-0.8207279,1.993716
59,23,447,FootRight,0.4311592,-0.9263328,1.993459
59,23,447,SpineShoulder,0.4784701,0.4171781,1.949837
59,23,447,HandTipLeft,0.3610195,-0.2646152,1.76401
59,23,447,ThumbLeft,0.39494,-0.1859451,1.771584
59,23,447,HandTipRight,0.77874,-0.2456841,1.977738
59,23,447,ThumbRight,0.7338364,-0.2000563,2.003174
59,23,481,SpineBase,0.5353603,-0.1624233,1.913353
59,23,481,SpineMid,0.5186154,0.1699151,1.928158
59,23,481,Neck,0.4975161,0.4899762,1.929163
59,23,481,Head,0.5806676,0.5871954,1.928727
59,23,481,ShoulderLeft,0.390448,0.3393039,1.837024
59,23,481,ElbowLeft,0.3381989,0.08232421,1.82195
59,23,481,WristLeft,0.3607829,-0.1042828,1.781424
59,23,481,HandLeft,0.3853469,-0.1831608,1.765247
59,23,481,ShoulderRight,0.5776879,0.3366586,2.02783
59,23,481,ElbowRight,0.5917462,0.08163541,2.06168
59,23,481,WristRight,0.7483824,-0.1130019,1.9999
59,23,481,HandRight,0.8023013,-0.1891971,1.963252
59,23,481,HipLeft,0.4807011,-0.1394321,1.836861
59,23,481,KneeLeft,0.5545318,-0.4571056,1.787123
59,23,481,AnkleLeft,0.7345082,-0.7724484,1.703545
59,23,481,FootLeft,0.7927693,-0.8058008,1.60638
59,23,481,HipRight,0.5680068,-0.1788232,1.924173
59,23,481,KneeRight,0.4729893,-0.5020239,1.98075
59,23,481,AnkleRight,0.3989636,-0.8792515,2.020523
59,23,482,FootRight,0.4460403,-0.9404883,1.98113
59,23,482,SpineShoulder,0.5031943,0.4116623,1.931388
59,23,482,HandTipLeft,0.3817152,-0.2519416,1.739631
59,23,482,ThumbLeft,0.3930192,-0.1714043,1.726539
59,23,482,HandTipRight,0.8281855,-0.2400831,1.937342
59,23,482,ThumbRight,0.7967849,-0.2177658,1.965727
59,23,511,SpineBase,0.562735,-0.1688994,1.88745
59,23,511,SpineMid,0.5475588,0.1604456,1.901559
59,23,511,Neck,0.5298097,0.4770436,1.902217
59,23,511,Head,0.6150516,0.5775815,1.905958
59,23,511,ShoulderLeft,0.4222615,0.3283782,1.809407
59,23,511,ElbowLeft,0.3711387,0.07114994,1.790383
59,23,511,WristLeft,0.4752883,-0.1600575,1.740393
59,23,511,HandLeft,0.4557229,-0.2223868,1.743435
59,23,511,ShoulderRight,0.6098382,0.3237095,2.00088
59,23,511,ElbowRight,0.6235759,0.06873353,2.034789
59,23,511,WristRight,0.7859107,-0.1175659,1.962033
59,23,511,HandRight,0.834215,-0.1739604,1.934194
59,23,511,HipLeft,0.5133425,-0.1492017,1.805012
59,23,511,KneeLeft,0.6139922,-0.472879,1.760411
59,23,511,AnkleLeft,0.7619721,-0.7816776,1.679556
59,23,511,FootLeft,0.8096154,-0.8170686,1.601208
59,23,511,HipRight,0.5941294,-0.183248,1.899105
59,23,511,KneeRight,0.5910528,-0.5020448,1.822163
59,23,511,AnkleRight,0.4414328,-0.8004321,1.974301
59,23,511,FootRight,0.4462776,-0.9081881,1.972723
59,23,511,SpineShoulder,0.5349115,0.3995308,1.904077
59,23,511,HandTipLeft,0.4429488,-0.3004464,1.722487
59,23,511,ThumbLeft,0.4992881,-0.2207395,1.717604
59,23,511,HandTipRight,0.8715153,-0.2269532,1.897795
59,23,511,ThumbRight,0.8035694,-0.1671925,1.9044
59,23,545,SpineBase,0.6083987,-0.1892451,1.858764
59,23,545,SpineMid,0.583514,0.1456318,1.875649
59,23,545,Neck,0.5535931,0.4685088,1.881657
59,23,545,Head,0.6426954,0.5633229,1.883402
59,23,545,ShoulderLeft,0.452897,0.3138021,1.785113
59,23,545,ElbowLeft,0.3987684,0.05719482,1.76303
59,23,545,WristLeft,0.5043507,-0.1704829,1.718364
59,23,545,HandLeft,0.4785203,-0.2274387,1.722928
59,23,545,ShoulderRight,0.6335135,0.3151593,1.980323
59,23,545,ElbowRight,0.6470117,0.06020287,2.014286
59,23,545,WristRight,0.8176768,-0.1193821,1.945276
59,23,545,HandRight,0.8722413,-0.1847132,1.895757
59,23,545,HipLeft,0.5544072,-0.1695228,1.787105
59,23,546,KneeLeft,0.66608,-0.4906773,1.730507
59,23,546,AnkleLeft,0.7557035,-0.7369059,1.643831
59,23,546,FootLeft,0.8080029,-0.6866401,1.561355
59,23,546,HipRight,0.6388125,-0.201385,1.863204
59,23,546,KneeRight,0.6430557,-0.5317961,1.796156
59,23,546,AnkleRight,0.4586642,-0.8030071,1.961413
59,23,546,FootRight,0.4579987,-0.9100531,1.963802
59,23,546,SpineShoulder,0.561276,0.389658,1.882445
59,23,546,HandTipLeft,0.4710729,-0.3101102,1.69912
59,23,546,ThumbLeft,0.5262782,-0.2168732,1.704825
59,23,546,HandTipRight,0.8998843,-0.2398322,1.864604
59,23,546,ThumbRight,0.8521927,-0.1742453,1.8455
59,23,582,SpineBase,0.6585181,-0.1989944,1.839284
59,23,582,SpineMid,0.6217486,0.1331477,1.853173
59,23,582,Neck,0.5852296,0.4522707,1.852419
59,23,582,Head,0.6731454,0.5484974,1.853374
59,23,582,ShoulderLeft,0.4949819,0.3012606,1.757814
59,23,582,ElbowLeft,0.4342924,0.04621512,1.7298
59,23,582,WristLeft,0.4783123,-0.1895785,1.699041
59,23,582,HandLeft,0.4838473,-0.2775449,1.687162
59,23,582,ShoulderRight,0.6649974,0.2989124,1.95108
59,23,582,ElbowRight,0.6781632,0.0440247,1.985108
59,23,582,WristRight,0.8577601,-0.1227437,1.906965
59,23,582,HandRight,0.8972485,-0.1873252,1.855699
59,23,582,HipLeft,0.6040857,-0.1840217,1.766684
59,23,582,KneeLeft,0.6890361,-0.4948052,1.710539
59,23,582,AnkleLeft,0.7784771,-0.7409939,1.623894
59,23,582,FootLeft,0.8303247,-0.6906127,1.541682
59,23,582,HipRight,0.6888469,-0.2066872,1.844763
59,23,582,KneeRight,0.6002728,-0.5287883,1.910968
59,23,582,AnkleRight,0.4269801,-0.846469,1.987729
59,23,582,FootRight,0.4632446,-0.939429,1.961606
59,23,582,SpineShoulder,0.5950075,0.374136,1.854717
59,23,582,HandTipLeft,0.4871573,-0.3427429,1.677892
59,23,582,ThumbLeft,0.5149593,-0.2599718,1.695375
59,23,582,HandTipRight,0.9227938,-0.2397073,1.828145
59,23,582,ThumbRight,0.8702969,-0.1815825,1.81619
59,23,613,SpineBase,0.6711115,-0.2151727,1.794728
59,23,613,SpineMid,0.6413036,0.1209886,1.823031
59,23,613,Neck,0.6072351,0.4436634,1.83473
59,23,613,Head,0.6965135,0.5379973,1.833457
59,23,613,ShoulderLeft,0.5152496,0.2807743,1.739325
59,23,613,ElbowLeft,0.4531122,0.02914466,1.712535
59,23,613,WristLeft,0.5026788,-0.1861451,1.67767
59,23,613,HandLeft,0.5186056,-0.2755015,1.66353
59,23,613,ShoulderRight,0.6868969,0.2903001,1.933394
59,23,613,ElbowRight,0.6998383,0.03544353,1.967477
59,23,613,WristRight,0.873424,-0.1305956,1.873604
59,23,613,HandRight,0.9125517,-0.1793585,1.834261
59,23,613,HipLeft,0.6149688,-0.1946645,1.733462
59,23,613,KneeLeft,0.7691972,-0.4734869,1.633542
59,23,613,AnkleLeft,0.8406389,-0.7596074,1.605715
59,23,613,FootLeft,0.8999659,-0.7920504,1.512602
59,23,613,HipRight,0.7008533,-0.2264969,1.793156
59,23,613,KneeRight,0.6521468,-0.5427084,1.89045
59,23,613,AnkleRight,0.4721399,-0.8251904,1.971922
59,23,613,FootRight,0.4959949,-0.9324672,1.930178
59,23,613,SpineShoulder,0.616205,0.3648502,1.834435
59,23,613,HandTipLeft,0.5220394,-0.3368783,1.646477
59,23,613,ThumbLeft,0.5462186,-0.2600286,1.668478
59,23,613,HandTipRight,0.9421047,-0.2391945,1.799636
59,23,613,ThumbRight,0.8958068,-0.2003665,1.777038
59,23,649,SpineBase,0.6957744,-0.2213176,1.761652
59,23,649,SpineMid,0.6672149,0.1150703,1.79516
59,23,649,Neck,0.6342632,0.4386306,1.814842
59,23,649,Head,0.7213058,0.534476,1.811509
59,23,649,ShoulderLeft,0.5513403,0.273625,1.716401
59,23,649,ElbowLeft,0.4997068,0.03124724,1.680968
59,23,649,WristLeft,0.5384411,-0.1929915,1.650306
59,23,649,HandLeft,0.5506063,-0.2807998,1.638264
59,23,649,ShoulderRight,0.7137983,0.2852505,1.913526
59,23,649,ElbowRight,0.7264723,0.03040454,1.947694
59,23,649,WristRight,0.8953325,-0.1436391,1.860999
59,23,649,HandRight,0.937914,-0.1985083,1.799056
59,23,649,HipLeft,0.6444428,-0.1981364,1.695936
59,23,649,KneeLeft,0.7801793,-0.4013132,1.611921
59,23,649,AnkleLeft,0.8568429,-0.7636575,1.5997
59,23,649,FootLeft,0.9180292,-0.7959457,1.509191
59,23,649,HipRight,0.7233239,-0.2364708,1.758168
59,23,649,KneeRight,0.6967935,-0.5249677,1.883091
59,23,649,AnkleRight,0.4984742,-0.8099002,1.95755
59,23,649,FootRight,0.497374,-0.8870948,1.944487
59,23,650,SpineShoulder,0.6432847,0.3594504,1.812099
59,23,650,HandTipLeft,0.5510932,-0.34456,1.622281
59,23,650,ThumbLeft,0.5798392,-0.2775704,1.642462
59,23,650,HandTipRight,0.9519946,-0.2549932,1.758321
59,23,650,ThumbRight,0.9137447,-0.1940932,1.759227
59,23,679,SpineBase,0.7397919,-0.1907798,1.751881
59,23,679,SpineMid,0.6981854,0.1296986,1.781788
59,23,679,Neck,0.6571177,0.4422652,1.798945
59,23,679,Head,0.7427003,0.538822,1.793425
59,23,679,ShoulderLeft,0.5753395,0.2783887,1.702358
59,23,679,ElbowLeft,0.5464714,0.03993871,1.666199
59,23,679,WristLeft,0.5603986,-0.1733198,1.622684
59,23,679,HandLeft,0.5809067,-0.2614311,1.611691
59,23,679,ShoulderRight,0.7365518,0.2888499,1.89767
59,23,679,ElbowRight,0.7490107,0.03395187,1.931936
59,23,679,WristRight,0.9071342,-0.1383575,1.821508
59,23,679,HandRight,0.9378728,-0.1807704,1.798797
59,23,679,HipLeft,0.6869675,-0.1683954,1.674165
59,23,679,KneeLeft,0.780381,-0.3991713,1.606412
59,23,679,AnkleLeft,0.7548329,-0.6341589,1.839408
59,23,679,FootLeft,0.8186164,-0.6690862,1.746306
59,23,679,HipRight,0.7646289,-0.2061099,1.763888
59,23,679,KneeRight,0.7376487,-0.4829427,1.892816
59,23,679,AnkleRight,0.5628511,-0.780745,1.925805
59,23,679,FootRight,0.6301399,-0.8136174,1.832243
59,23,679,SpineShoulder,0.6675668,0.3654798,1.796942
59,23,679,HandTipLeft,0.5801518,-0.3249218,1.593178
59,23,679,ThumbLeft,0.6088158,-0.2398139,1.612833
59,23,679,HandTipRight,0.9629176,-0.2541205,1.76725
59,23,679,ThumbRight,0.9255524,-0.1976154,1.741062
59,23,715,SpineBase,0.7458573,-0.187213,1.747462
59,23,715,SpineMid,0.7145442,0.1393496,1.773062
59,23,715,Neck,0.6821499,0.4553745,1.785937
59,23,715,Head,0.766526,0.5527638,1.778507
59,23,715,ShoulderLeft,0.5960231,0.2914494,1.690795
59,23,715,ElbowLeft,0.564541,0.04961596,1.656148
59,23,715,WristLeft,0.602117,-0.1409085,1.601686
59,23,715,HandLeft,0.6156121,-0.2255871,1.592197
59,23,715,ShoulderRight,0.7614855,0.3019058,1.884729
59,23,715,ElbowRight,0.7737326,0.04689037,1.919128
59,23,715,WristRight,0.9183489,-0.1399177,1.813977
59,23,715,HandRight,0.9449421,-0.1802173,1.772195
59,23,715,HipLeft,0.6932883,-0.163509,1.670482
59,23,715,KneeLeft,0.6958883,-0.471691,1.631254
59,23,715,AnkleLeft,0.6747061,-0.7318004,1.870708
59,23,715,FootLeft,0.7388837,-0.7657343,1.776536
59,23,715,HipRight,0.7704979,-0.2037507,1.758693
59,23,715,KneeRight,0.7369931,-0.5368444,1.815243
59,23,715,AnkleRight,0.5642832,-0.7296701,1.902321
59,23,715,FootRight,0.5927249,-0.8361102,1.882249
59,23,715,SpineShoulder,0.6909361,0.3781072,1.784796
59,23,715,HandTipLeft,0.6141758,-0.2898788,1.566601
59,23,716,ThumbLeft,0.6456099,-0.2113339,1.592375
59,23,716,HandTipRight,0.9528355,-0.2409691,1.733405
59,23,716,ThumbRight,0.9517856,-0.1961452,1.716391
59,23,745,SpineBase,0.7813357,-0.199319,1.76452
59,23,745,SpineMid,0.738101,0.1430756,1.774954
59,23,745,Neck,0.7015901,0.4714236,1.77588
59,23,745,Head,0.7839475,0.5695434,1.765721
59,23,745,ShoulderLeft,0.6113803,0.3052001,1.680505
59,23,745,ElbowLeft,0.598801,0.04533847,1.635028
59,23,745,WristLeft,0.6570503,-0.1984398,1.56909
59,23,745,HandLeft,0.6544527,-0.2515857,1.560633
59,23,745,ShoulderRight,0.7808555,0.3178969,1.874742
59,23,745,ElbowRight,0.7929475,0.06274413,1.909264
59,23,745,WristRight,0.9082754,-0.1306317,1.779142
59,23,745,HandRight,0.9456714,-0.1809567,1.751784
59,23,745,HipLeft,0.7296301,-0.1780269,1.700688
59,23,745,KneeLeft,0.7660166,-0.4207318,1.598276
59,23,745,AnkleLeft,0.6819451,-0.7003034,1.816547
59,23,745,FootLeft,0.7448487,-0.7347229,1.721658
59,23,745,HipRight,0.8058236,-0.2140659,1.765676
59,23,745,KneeRight,0.7472595,-0.5474303,1.813587
59,23,745,AnkleRight,0.6263497,-0.7832624,1.877331
59,23,745,FootRight,0.6586914,-0.8613281,1.853516
59,23,745,SpineShoulder,0.7105487,0.3903683,1.778214
59,23,745,HandTipLeft,0.6660848,-0.3196509,1.55731
59,23,746,ThumbLeft,0.687404,-0.2299932,1.561715
59,23,746,HandTipRight,0.9465179,-0.2338336,1.718761
59,23,746,ThumbRight,0.9480846,-0.1914979,1.69975
59,23,781,SpineBase,0.7905931,-0.1807552,1.765431
59,23,781,SpineMid,0.7555171,0.1609822,1.771771
59,23,781,Neck,0.7188651,0.4877966,1.766053
59,23,781,Head,0.8014158,0.5863254,1.755301
59,23,781,ShoulderLeft,0.6269111,0.3217428,1.672161
59,23,781,ElbowLeft,0.623327,0.06205498,1.623519
59,23,781,WristLeft,0.6734201,-0.183294,1.555697
59,23,781,HandLeft,0.6880072,-0.2302075,1.539425
59,23,781,ShoulderRight,0.798071,0.334211,1.864986
59,23,781,ElbowRight,0.810027,0.07891789,1.899628
59,23,781,WristRight,0.9111202,-0.1250573,1.773743
59,23,781,HandRight,0.9426084,-0.1728629,1.740043
59,23,781,HipLeft,0.741917,-0.1515856,1.690161
59,23,781,KneeLeft,0.7624677,-0.404736,1.604471
59,23,781,AnkleLeft,0.7188218,-0.7083853,1.801179
59,23,782,FootLeft,0.7804692,-0.7430826,1.706134
59,23,782,HipRight,0.8127072,-0.1992076,1.774143
59,23,782,KneeRight,0.7613308,-0.5399245,1.793555
59,23,782,AnkleRight,0.675225,-0.7834271,1.875319
59,23,782,FootRight,0.7388376,-0.8544259,1.789853
59,23,782,SpineShoulder,0.7289673,0.408106,1.769506
59,23,782,HandTipLeft,0.7133428,-0.2950825,1.532918
59,23,782,ThumbLeft,0.7182757,-0.2103964,1.536139
59,23,782,HandTipRight,0.9425176,-0.229078,1.709403
59,23,782,ThumbRight,0.9633301,-0.1647087,1.731857
59,23,814,SpineBase,0.8211718,-0.1780682,1.779593
59,23,814,SpineMid,0.7765034,0.1664297,1.773733
59,23,814,Neck,0.733592,0.497258,1.758668
59,23,814,Head,0.8152899,0.5965378,1.747116
59,23,814,ShoulderLeft,0.6361732,0.332204,1.666841
59,23,814,ElbowLeft,0.6336664,0.07281581,1.615591
59,23,814,WristLeft,0.7069126,-0.1513575,1.535604
59,23,814,HandLeft,0.7106519,-0.2094824,1.53858
59,23,814,ShoulderRight,0.8127437,0.3436396,1.857648
59,23,814,ElbowRight,0.8245812,0.08827384,1.892376
59,23,814,WristRight,0.9433956,-0.1075225,1.769969
59,23,814,HandRight,0.9351325,-0.1620062,1.727053
59,23,814,HipLeft,0.7666447,-0.1591161,1.704267
59,23,814,KneeLeft,0.7442722,-0.4448983,1.612729
59,23,814,AnkleLeft,0.7934893,-0.7656726,1.776093
59,23,815,FootLeft,0.784668,-0.8564453,1.749023
59,23,815,HipRight,0.8474153,-0.1883898,1.790217
59,23,815,KneeRight,0.8136829,-0.5269473,1.827688
59,23,815,AnkleRight,0.7661994,-0.796722,1.802647
59,23,815,FootRight,0.7973633,-0.8632813,1.738281
59,23,815,SpineShoulder,0.7443773,0.4161209,1.764598
59,23,815,HandTipLeft,0.7439951,-0.2675889,1.514978
59,23,815,ThumbLeft,0.6818941,-0.2375587,1.580603
59,23,815,HandTipRight,0.9256981,-0.2074103,1.696079
59,23,815,ThumbRight,0.9255751,-0.2150127,1.715667
59,23,847,SpineBase,0.827563,-0.1760705,1.780154
59,23,847,SpineMid,0.7876006,0.1699627,1.772139
59,23,847,Neck,0.7456378,0.5026636,1.752374
59,23,847,Head,0.8244317,0.6052122,1.74202
59,23,847,ShoulderLeft,0.6466237,0.3421361,1.663256
59,23,847,ElbowLeft,0.6425163,0.08288337,1.610579
59,23,847,WristLeft,0.722791,-0.1452979,1.525074
59,23,847,HandLeft,0.7409533,-0.1971058,1.527042
59,23,847,ShoulderRight,0.8247427,0.3490249,1.851387
59,23,847,ElbowRight,0.8364803,0.09361582,1.88618
59,23,847,WristRight,0.9519892,-0.1015189,1.759203
59,23,847,HandRight,0.9366627,-0.1562144,1.71325
59,23,847,HipLeft,0.7721623,-0.1582089,1.706688
59,23,847,KneeLeft,0.7446732,-0.4654321,1.615476
59,23,847,AnkleLeft,0.8173868,-0.7839551,1.773476
59,23,847,FootLeft,0.8317612,-0.8186171,1.63201
59,23,847,HipRight,0.8538216,-0.1861323,1.78885
59,23,847,KneeRight,0.8284868,-0.5248424,1.827002
59,23,847,AnkleRight,0.8556895,-0.8392913,1.615971
59,23,847,FootRight,0.9125393,-0.8718976,1.52137
59,23,847,SpineShoulder,0.7567565,0.4212283,1.759439
59,23,847,HandTipLeft,0.7811601,-0.2481512,1.498677
59,23,848,ThumbLeft,0.7136034,-0.2334575,1.57538
59,23,848,HandTipRight,0.9219895,-0.2073621,1.68302
59,23,848,ThumbRight,0.9312854,-0.1898057,1.715539
59,23,881,SpineBase,0.8452917,-0.163633,1.77826
59,23,881,SpineMid,0.8028471,0.1763753,1.769379
59,23,881,Neck,0.757154,0.5045961,1.748661
59,23,881,Head,0.8255975,0.6113691,1.734966
59,23,882,ShoulderLeft,0.65234,0.3469235,1.662796
59,23,882,ElbowLeft,0.6480839,0.08775606,1.60946
59,23,882,WristLeft,0.7453865,-0.131229,1.50849
59,23,882,HandLeft,0.7698852,-0.1711268,1.477113
59,23,882,ShoulderRight,0.8362125,0.3509544,1.847693
59,23,882,ElbowRight,0.8478567,0.09554434,1.882532
59,23,882,WristRight,0.9611557,-0.1002093,1.754442
59,23,882,HandRight,0.9629697,-0.1185242,1.723754
59,23,882,HipLeft,0.7845697,-0.1516471,1.70411
59,23,882,KneeLeft,0.7432736,-0.469526,1.61853
59,23,882,AnkleLeft,1.004204,-0.6036143,1.789994
59,23,882,FootLeft,0.9324034,-0.6849096,1.695775
59,23,882,HipRight,0.8757496,-0.1683031,1.788424
59,23,882,KneeRight,0.8476209,-0.5056669,1.83375
59,23,882,AnkleRight,0.7840577,-0.5683715,1.564629
59,23,882,FootRight,0.801584,-0.6756805,1.559354
59,23,882,SpineShoulder,0.769214,0.4241827,1.755893
59,23,882,HandTipLeft,0.8045819,-0.2286619,1.477534
59,23,882,ThumbLeft,0.785481,-0.1785338,1.507818
59,23,882,HandTipRight,0.956018,-0.1349212,1.695536
59,23,882,ThumbRight,0.9841483,-0.1072765,1.732539
59,23,913,SpineBase,0.8557526,-0.1606387,1.774932
59,23,913,SpineMid,0.8133759,0.1778572,1.766766
59,23,913,Neck,0.7669078,0.5042629,1.746472
59,23,913,Head,0.8268623,0.6136355,1.730523
59,23,913,ShoulderLeft,0.6564659,0.3494299,1.665095
59,23,913,ElbowLeft,0.6512284,0.09022864,1.611999
59,23,913,WristLeft,0.7578995,-0.1062529,1.495905
59,23,913,HandLeft,0.7906839,-0.1534486,1.461261
59,23,914,ShoulderRight,0.8459258,0.3506274,1.845513
59,23,914,ElbowRight,0.8574914,0.09523347,1.880385
59,23,914,WristRight,0.9582999,-0.09580125,1.73433
59,23,914,HandRight,0.9505939,-0.1118421,1.698054
59,23,914,HipLeft,0.7946327,-0.1488065,1.703212
59,23,914,KneeLeft,0.7443004,-0.474569,1.621349
59,23,914,AnkleLeft,0.978903,-0.705386,1.76421
59,23,914,FootLeft,0.9052616,-0.7837033,1.670519
59,23,914,HipRight,0.8862723,-0.1658595,1.782304
59,23,914,KneeRight,0.8548702,-0.5033183,1.827271
59,23,914,AnkleRight,0.8640664,-0.8342538,1.625776
59,23,914,FootRight,0.8553568,-0.9118848,1.594903
59,23,914,SpineShoulder,0.7792509,0.4243437,1.753594
59,23,914,HandTipLeft,0.8280425,-0.2134616,1.453059
59,23,914,ThumbLeft,0.8119948,-0.1179844,1.483444
59,23,914,HandTipRight,0.9476346,-0.1327644,1.674132
59,23,914,ThumbRight,0.9652919,-0.1065908,1.695909
59,23,944,SpineBase,0.8789124,-0.1521871,1.774162
59,23,944,SpineMid,0.8275297,0.179224,1.76584
59,23,944,Neck,0.7751667,0.5012653,1.745305
59,23,944,Head,0.8284031,0.612456,1.728318
59,23,944,ShoulderLeft,0.6625949,0.3497974,1.67167
59,23,944,ElbowLeft,0.6557691,0.09091881,1.616734
59,23,944,WristLeft,0.7615274,-0.09515265,1.494624
59,23,944,HandLeft,0.7995413,-0.1366963,1.448511
59,23,944,ShoulderRight,0.8541479,0.347645,1.844347
59,23,944,ElbowRight,0.8656461,0.09227856,1.879238
59,23,944,WristRight,0.9615228,-0.0992767,1.730302
59,23,944,HandRight,0.9654631,-0.10182,1.705272
59,23,944,HipLeft,0.8108736,-0.1467721,1.710451
59,23,944,KneeLeft,0.7461447,-0.4754925,1.62253
59,23,945,AnkleLeft,0.9242741,-0.7732734,1.72997
59,23,945,FootLeft,0.8628146,-0.8381817,1.615094
59,23,945,HipRight,0.9203862,-0.14827,1.769995
59,23,945,KneeRight,0.9764386,-0.4154739,1.686894
59,23,946,AnkleRight,0.8994493,-0.7790382,1.642122
59,23,946,FootRight,0.9106393,-0.8325335,1.671518
59,23,946,SpineShoulder,0.7886709,0.4222951,1.752495
59,23,946,HandTipLeft,0.8433891,-0.1847783,1.438773
59,23,946,ThumbLeft,0.8138508,-0.09605926,1.474
59,23,946,HandTipRight,0.9559029,-0.1071829,1.684719
59,23,946,ThumbRight,0.9637331,-0.09540457,1.693
59,23,979,SpineBase,0.8813735,-0.1493375,1.769914
59,23,979,SpineMid,0.8317155,0.1796579,1.763854
59,23,979,Neck,0.7815572,0.4980922,1.745048
59,23,979,Head,0.8326668,0.6102308,1.72852
59,23,979,ShoulderLeft,0.6665972,0.3514538,1.684495
59,23,979,ElbowLeft,0.654328,0.09209991,1.633589
59,23,979,WristLeft,0.7659504,-0.08470659,1.493959
59,23,979,HandLeft,0.803017,-0.1230107,1.442333
59,23,979,ShoulderRight,0.8605093,0.3444881,1.844087
59,23,979,ElbowRight,0.8719556,0.08916407,1.878986
59,23,979,WristRight,0.9650137,-0.1023377,1.728074
59,23,979,HandRight,1.010264,-0.2118612,1.650561
59,23,979,HipLeft,0.8114234,-0.1459447,1.710396
59,23,979,KneeLeft,0.7448193,-0.4597461,1.628499
59,23,979,AnkleLeft,0.9217443,-0.7585033,1.735752
59,23,979,FootLeft,0.8658533,-0.8289211,1.622915
59,23,979,HipRight,0.9227933,-0.1450108,1.76029
59,23,979,KneeRight,0.9772577,-0.4118211,1.686635
59,23,979,AnkleRight,0.9914804,-0.6836597,1.739683
59,23,979,FootRight,1.038572,-0.7191372,1.636251
59,23,979,SpineShoulder,0.7944594,0.4202681,1.75174
59,23,979,HandTipLeft,0.8452258,-0.1638368,1.427497
59,23,979,ThumbLeft,0.845926,-0.08606039,1.48
59,23,979,HandTipRight,1.004093,-0.2287722,1.643109
59,23,979,ThumbRight,1.00783,-0.2131051,1.644333
59,24,015,SpineBase,0.8852015,-0.1429296,1.769689
59,24,015,SpineMid,0.8377168,0.1813953,1.764435
59,24,015,Neck,0.7903889,0.4944179,1.746969
59,24,015,Head,0.8364902,0.6065588,1.728449
59,24,015,ShoulderLeft,0.6689189,0.3585878,1.705406
59,24,015,ElbowLeft,0.6553895,0.09957369,1.652683
59,24,015,WristLeft,0.7662618,-0.07840571,1.495996
59,24,015,HandLeft,0.7984835,-0.1123507,1.443854
59,24,015,ShoulderRight,0.9805127,0.368819,1.822812
59,24,015,ElbowRight,1.031759,0.1233334,1.872283
59,24,015,WristRight,1.003951,-0.0989842,1.735826
59,24,015,HandRight,1.011201,-0.1935183,1.665997
59,24,015,HipLeft,0.8113259,-0.1390856,1.715561
59,24,015,KneeLeft,0.7463022,-0.4581894,1.630808
59,24,015,AnkleLeft,0.9227023,-0.7575752,1.737341
59,24,015,FootLeft,0.8726143,-0.8328069,1.626792
59,24,015,HipRight,0.9305024,-0.1384366,1.756359
59,24,015,KneeRight,0.9779557,-0.4099247,1.685425
59,24,016,AnkleRight,0.9922887,-0.6839269,1.74008
59,24,016,FootRight,1.011087,-0.7198928,1.620108
59,24,016,SpineShoulder,0.8025787,0.4181529,1.753279
59,24,016,HandTipLeft,0.8375037,-0.146149,1.422898
59,24,016,ThumbLeft,0.8376987,-0.07935284,1.473429
59,24,016,HandTipRight,0.9826806,-0.228136,1.623469
59,24,016,ThumbRight,1.033015,-0.1831864,1.6795
59,24,046,SpineBase,0.8839893,-0.1383297,1.768346
59,24,046,SpineMid,0.8393274,0.181422,1.764521
59,24,046,Neck,0.7984121,0.4874701,1.749473
59,24,046,Head,0.8367572,0.6029125,1.726717
59,24,046,ShoulderLeft,0.6703397,0.3604251,1.721377
59,24,046,ElbowLeft,0.6560566,0.1105411,1.687692
59,24,046,WristLeft,0.7557337,-0.05908863,1.513989
59,24,046,HandLeft,0.7878289,-0.1071564,1.449871
59,24,046,ShoulderRight,0.9809543,0.3693111,1.815853
59,24,046,ElbowRight,1.032175,0.1238011,1.865342
59,24,046,WristRight,1.009191,-0.1173059,1.767923
59,24,046,HandRight,1.003399,-0.1974902,1.738819
59,24,046,HipLeft,0.8053701,-0.13373,1.718218
59,24,046,KneeLeft,0.7533159,-0.4243189,1.651982
59,24,046,AnkleLeft,0.8259321,-0.7239959,1.597167
59,24,046,FootLeft,0.8401531,-0.7582241,1.475026
59,24,047,HipRight,0.9316945,-0.1339097,1.752199
59,24,047,KneeRight,0.96658,-0.4768938,1.682803
59,24,047,AnkleRight,0.9972562,-0.7309338,1.764303
59,24,047,FootRight,0.9819499,-0.8105854,1.72357
59,24,047,SpineShoulder,0.80874,0.4136162,1.754953
59,24,047,HandTipLeft,0.8191178,-0.1362498,1.423541
59,24,047,ThumbLeft,0.8567541,-0.09584134,1.477111
59,24,047,HandTipRight,0.9750649,-0.2321088,1.69618
59,24,047,ThumbRight,1.025652,-0.1871795,1.752059
59,24,080,SpineBase,0.8800689,-0.135163,1.768393
59,24,080,SpineMid,0.8406501,0.1808773,1.765298
59,24,080,Neck,0.8075692,0.4805702,1.753252
59,24,080,Head,0.8369092,0.6021189,1.724185
59,24,080,ShoulderLeft,0.6719104,0.3612746,1.742854
59,24,080,ElbowLeft,0.6603287,0.1064112,1.689238
59,24,080,WristLeft,0.7492835,-0.06663846,1.525318
59,24,080,HandLeft,0.7659239,-0.1051668,1.471308
59,24,080,ShoulderRight,0.9796769,0.3691325,1.803862
59,24,080,ElbowRight,1.030867,0.1235854,1.853376
59,24,080,WristRight,1.009389,-0.1129159,1.744065
59,24,080,HandRight,0.9947224,-0.1955754,1.679669
59,24,080,HipLeft,0.7974307,-0.1298573,1.72448
59,24,080,KneeLeft,0.7554625,-0.4302694,1.668743
59,24,080,AnkleLeft,0.8333737,-0.7282296,1.600907
59,24,080,FootLeft,0.8379429,-0.7624806,1.476374
59,24,080,HipRight,0.9288781,-0.1314572,1.74854
59,24,080,KneeRight,0.9627029,-0.42684,1.665351
59,24,080,AnkleRight,0.9902768,-0.6868228,1.736805
59,24,080,FootRight,0.993439,-0.7227967,1.612306
59,24,080,SpineShoulder,0.8159493,0.4082463,1.758065
59,24,080,HandTipLeft,0.7924537,-0.13862,1.439509
59,24,080,ThumbLeft,0.7669038,-0.152467,1.471688
59,24,080,HandTipRight,0.9811621,-0.2529982,1.661265
59,24,080,ThumbRight,1.016944,-0.2451099,1.6718
59,24,118,SpineBase,0.8780006,-0.1338608,1.771361
59,24,118,SpineMid,0.8437523,0.1788519,1.768549
59,24,118,Neck,0.8144658,0.4750889,1.756199
59,24,118,Head,0.8364949,0.6008412,1.722569
59,24,118,ShoulderLeft,0.671921,0.3614398,1.742826
59,24,118,ElbowLeft,0.663173,0.1373111,1.760169
59,24,118,WristLeft,0.7223914,-0.0388124,1.5736
59,24,118,HandLeft,0.7450745,-0.1169692,1.491374
59,24,118,ShoulderRight,0.9741833,0.3656448,1.788972
59,24,118,ElbowRight,1.025358,0.1200708,1.838493
59,24,118,WristRight,1.006949,-0.119467,1.736092
59,24,118,HandRight,0.9950435,-0.1988745,1.655853
59,24,118,HipLeft,0.7932011,-0.1293713,1.735085
59,24,118,KneeLeft,0.7758757,-0.390977,1.682303
59,24,118,AnkleLeft,0.8461828,-0.7507223,1.613185
59,24,118,FootLeft,0.8464598,-0.7848045,1.48805
59,24,118,HipRight,0.928395,-0.1309533,1.748426
59,24,118,KneeRight,0.8792963,-0.3896028,1.6565
59,24,118,AnkleRight,0.9907424,-0.6868037,1.736991
59,24,118,FootRight,0.9896521,-0.7228506,1.611759
59,24,118,SpineShoulder,0.8223338,0.4031489,1.761389
59,24,118,HandTipLeft,0.7645767,-0.1506181,1.459729
59,24,118,ThumbLeft,0.7309691,-0.1526081,1.498583
59,24,118,HandTipRight,0.9775986,-0.2537613,1.623695
59,24,118,ThumbRight,0.9911029,-0.2170042,1.684667
