59,27,243,SpineBase,-1.664754,-0.2101542,2.974868
59,27,244,SpineMid,-1.642896,0.1148547,2.971846
59,27,244,Neck,-1.615097,0.4330597,2.957937
59,27,244,Head,-1.564451,0.5360882,2.97886
59,27,244,ShoulderLeft,-1.642251,0.3079949,2.842036
59,27,244,ElbowLeft,-1.683084,0.106307,2.763659
59,27,244,WristLeft,-1.596231,-0.1353793,2.730351
59,27,244,HandLeft,-1.588884,-0.2236401,2.741799
59,27,244,ShoulderRight,-1.599185,0.2495819,3.155384
59,27,244,ElbowRight,-1.644016,0.01879887,3.239714
59,27,244,WristRight,-1.667968,-0.2244423,3.277884
59,27,244,HandRight,-1.681883,-0.3080821,3.281313
59,27,244,HipLeft,-1.656742,-0.1953618,2.898104
59,27,244,KneeLeft,-1.681717,-0.4871992,2.817508
59,27,244,AnkleLeft,-1.76054,-0.8251608,2.898133
59,27,244,FootLeft,-1.748881,-0.8777447,2.93827
59,27,244,HipRight,-1.63783,-0.2205619,2.989129
59,27,244,KneeRight,-1.652768,-0.5379294,3.060937
59,27,244,AnkleRight,-1.766286,-0.8090489,3.036248
59,27,244,FootRight,-1.653568,-0.8514163,2.994986
59,27,244,SpineShoulder,-1.623118,0.3543782,2.963451
59,27,244,HandTipLeft,-1.531069,-0.2808098,2.712873
59,27,244,ThumbLeft,-1.557466,-0.1894903,2.687833
59,27,244,HandTipRight,-1.688313,-0.3524319,3.298977
59,27,244,ThumbRight,-1.667075,-0.2832959,3.242072
59,27,278,SpineBase,-1.651901,-0.2088414,2.963443
59,27,278,SpineMid,-1.626463,0.1173544,2.959749
59,27,278,Neck,-1.594811,0.4370029,2.945027
59,27,278,Head,-1.542738,0.5411949,2.964434
59,27,278,ShoulderLeft,-1.632267,0.3070181,2.831582
59,27,278,ElbowLeft,-1.675075,0.1034339,2.759708
59,27,278,WristLeft,-1.593514,-0.1402488,2.729557
59,27,278,HandLeft,-1.592446,-0.2263564,2.745236
59,27,278,ShoulderRight,-1.579151,0.2530976,3.142373
59,27,278,ElbowRight,-1.623958,0.02230341,3.226786
59,27,278,WristRight,-1.648084,-0.2209511,3.264745
59,27,278,HandRight,-1.661933,-0.3049516,3.268507
59,27,278,HipLeft,-1.645616,-0.1936649,2.887488
59,27,278,KneeLeft,-1.675076,-0.4858949,2.811452
59,27,278,AnkleLeft,-1.757304,-0.8258622,2.895955
59,27,278,FootLeft,-1.749922,-0.8755379,2.938044
59,27,278,HipRight,-1.623242,-0.2196693,2.976837
59,27,278,KneeRight,-1.641016,-0.5422213,3.05307
59,27,278,AnkleRight,-1.764151,-0.8094718,3.033377
59,27,279,FootRight,-1.748473,-0.8864138,2.967453
59,27,279,SpineShoulder,-1.603813,0.3579915,2.950733
59,27,279,HandTipLeft,-1.532712,-0.2875874,2.719708
59,27,279,ThumbLeft,-1.566454,-0.1600284,2.713143
59,27,279,HandTipRight,-1.668392,-0.3493061,3.286157
59,27,279,ThumbRight,-1.647191,-0.2801743,3.229232
59,27,310,SpineBase,-1.643165,-0.211058,2.956801
59,27,310,SpineMid,-1.617685,0.1152675,2.952741
59,27,310,Neck,-1.586413,0.4350026,2.93773
59,27,310,Head,-1.530747,0.5386795,2.954956
59,27,311,ShoulderLeft,-1.619355,0.3033733,2.819089
59,27,311,ElbowLeft,-1.668984,0.1012917,2.754396
59,27,311,WristLeft,-1.605512,-0.08048463,2.723073
59,27,311,HandLeft,-1.605924,-0.1546708,2.756341
59,27,311,ShoulderRight,-1.570707,0.2510073,3.13498
59,27,311,ElbowRight,-1.615548,0.02023578,3.219424
59,27,311,WristRight,-1.639685,-0.2230315,3.257316
59,27,311,HandRight,-1.653444,-0.3071075,3.261094
59,27,311,HipLeft,-1.636376,-0.195735,2.881917
59,27,311,KneeLeft,-1.669973,-0.4863194,2.803723
59,27,311,AnkleLeft,-1.753955,-0.8297622,2.895308
59,27,311,FootLeft,-1.74874,-0.8761119,2.939617
59,27,311,HipRight,-1.615116,-0.221958,2.969046
59,27,311,KneeRight,-1.622941,-0.5442808,3.03004
59,27,311,AnkleRight,-1.757846,-0.804386,3.034192
59,27,311,FootRight,-1.751175,-0.8837485,2.976158
59,27,311,SpineShoulder,-1.595294,0.3559872,2.943504
59,27,311,HandTipLeft,-1.572033,-0.2303536,2.731763
59,27,311,ThumbLeft,-1.651443,-0.1770701,2.721542
59,27,311,HandTipRight,-1.659913,-0.3514541,3.278738
59,27,311,ThumbRight,-1.638727,-0.2823112,3.221808
59,27,346,SpineBase,-1.630083,-0.2152039,2.94157
59,27,346,SpineMid,-1.599559,0.1107134,2.935147
59,27,346,Neck,-1.562583,0.4299276,2.917387
59,27,346,Head,-1.510318,0.5373161,2.939091
59,27,346,ShoulderLeft,-1.604276,0.3040734,2.806724
59,27,346,ElbowLeft,-1.662369,0.09871521,2.748071
59,27,346,WristLeft,-1.60509,-0.08977962,2.72223
59,27,346,HandLeft,-1.600855,-0.1644511,2.75077
59,27,346,ShoulderRight,-1.54691,0.2458531,3.114604
59,27,346,ElbowRight,-1.591798,0.01508476,3.199035
59,27,346,WristRight,-1.615993,-0.2281774,3.236872
59,27,346,HandRight,-1.629715,-0.3123112,3.240698
59,27,346,HipLeft,-1.624132,-0.1997516,2.866838
59,27,346,KneeLeft,-1.661083,-0.4890853,2.796984
59,27,346,AnkleLeft,-1.755312,-0.8274956,2.895303
59,27,346,FootLeft,-1.745945,-0.8648262,2.946776
59,27,346,HipRight,-1.601368,-0.2260736,2.953745
59,27,346,KneeRight,-1.600601,-0.5493095,2.997713
59,27,346,AnkleRight,-1.747239,-0.8073111,3.033397
59,27,346,FootRight,-1.751955,-0.8872541,2.985357
59,27,346,SpineShoulder,-1.572945,0.3510643,2.923882
59,27,346,HandTipLeft,-1.573534,-0.2383239,2.731401
59,27,346,ThumbLeft,-1.648935,-0.1836357,2.715705
59,27,347,HandTipRight,-1.636214,-0.3566378,3.258329
59,27,347,ThumbRight,-1.615067,-0.2874667,3.201382
59,27,383,SpineBase,-1.61535,-0.22321,2.924443
59,27,383,SpineMid,-1.582388,0.1020528,2.919877
59,27,384,Neck,-1.543763,0.420672,2.9042
59,27,384,Head,-1.491524,0.5343624,2.928007
59,27,384,ShoulderLeft,-1.58827,0.2965236,2.795681
59,27,384,ElbowLeft,-1.656663,0.09223469,2.742097
59,27,384,WristLeft,-1.59623,-0.1151321,2.713348
59,27,384,HandLeft,-1.592092,-0.1926251,2.736995
59,27,384,ShoulderRight,-1.528104,0.2365837,3.101397
59,27,384,ElbowRight,-1.573038,0.005844051,3.185797
59,27,384,WristRight,-1.59727,-0.2373945,3.223609
59,27,384,HandRight,-1.610985,-0.321541,3.227443
59,27,384,HipLeft,-1.610563,-0.2077065,2.848866
59,27,384,KneeLeft,-1.653191,-0.4923905,2.787295
59,27,384,AnkleLeft,-1.752986,-0.827723,2.886079
59,27,384,FootLeft,-1.641415,-0.870936,2.839265
59,27,384,HipRight,-1.585506,-0.2339582,2.937347
59,27,384,KneeRight,-1.5704,-0.5450852,2.956629
59,27,384,AnkleRight,-1.689478,-0.7835903,3.025872
59,27,384,FootRight,-1.578911,-0.8274165,2.978306
59,27,384,SpineShoulder,-1.554456,0.3419501,2.910156
59,27,384,HandTipLeft,-1.56468,-0.266837,2.729279
59,27,385,ThumbLeft,-1.645168,-0.2005949,2.709074
59,27,385,HandTipRight,-1.617512,-0.3658377,3.245062
59,27,385,ThumbRight,-1.596401,-0.2966268,3.1881
59,27,412,SpineBase,-1.60209,-0.2273204,2.916961
59,27,412,SpineMid,-1.562336,0.09807207,2.908145
59,27,412,Neck,-1.515692,0.4171348,2.887095
59,27,412,Head,-1.468565,0.5309034,2.913092
59,27,412,ShoulderLeft,-1.570395,0.2917328,2.782413
59,27,412,ElbowLeft,-1.633221,0.09504036,2.718889
59,27,412,WristLeft,-1.588352,-0.1126612,2.700309
59,27,412,HandLeft,-1.579758,-0.1848675,2.719147
59,27,412,ShoulderRight,-1.500058,0.2330167,3.084272
59,27,412,ElbowRight,-1.545076,0.00226759,3.168631
59,27,412,WristRight,-1.569362,-0.2409708,3.206411
59,27,412,HandRight,-1.583079,-0.3251236,3.210249
59,27,412,HipLeft,-1.599418,-0.2130003,2.841037
59,27,412,KneeLeft,-1.644011,-0.5092161,2.781383
59,27,412,AnkleLeft,-1.743655,-0.8177238,2.874675
59,27,412,FootLeft,-1.63342,-0.8620402,2.824291
59,27,412,HipRight,-1.569985,-0.2367002,2.930105
59,27,412,KneeRight,-1.530519,-0.5353873,2.929734
59,27,412,AnkleRight,-1.645196,-0.7827065,3.00686
59,27,412,FootRight,-1.536218,-0.8275018,2.955621
59,27,412,SpineShoulder,-1.528498,0.3382797,2.894506
59,27,412,HandTipLeft,-1.549475,-0.2576463,2.705626
59,27,412,ThumbLeft,-1.630634,-0.2003789,2.692939
59,27,412,HandTipRight,-1.58965,-0.3694044,3.227847
59,27,412,ThumbRight,-1.568597,-0.3001707,3.17086
59,27,448,SpineBase,-1.575871,-0.2296799,2.911616
59,27,448,SpineMid,-1.540113,0.09753075,2.902078
59,27,449,Neck,-1.498914,0.4178466,2.881335
59,27,450,Head,-1.445349,0.5288259,2.900239
59,27,450,ShoulderLeft,-1.542555,0.2899302,2.768205
59,27,450,ElbowLeft,-1.610601,0.07370429,2.704922
59,27,450,WristLeft,-1.552255,-0.176489,2.682733
59,27,450,HandLeft,-1.547739,-0.2666742,2.692863
59,27,450,ShoulderRight,-1.4833,0.2337103,3.078498
59,27,450,ElbowRight,-1.528381,0.002944543,3.162829
59,27,450,WristRight,-1.552706,-0.2403019,3.20059
59,27,450,HandRight,-1.566422,-0.324457,3.204428
59,27,450,HipLeft,-1.572212,-0.2185008,2.83283
59,27,450,KneeLeft,-1.633609,-0.5174678,2.771566
59,27,450,AnkleLeft,-1.744588,-0.8150196,2.872625
59,27,450,FootLeft,-1.633201,-0.8588169,2.82624
59,27,450,HipRight,-1.545153,-0.2361231,2.927238
59,27,450,KneeRight,-1.48546,-0.5272447,2.92028
59,27,450,AnkleRight,-1.599054,-0.8207362,2.985033
59,27,450,FootRight,-1.489259,-0.8645378,2.937738
59,27,450,SpineShoulder,-1.51026,0.3387381,2.888577
59,27,450,HandTipLeft,-1.528849,-0.3345133,2.687887
59,27,450,ThumbLeft,-1.575668,-0.260726,2.682812
59,27,450,HandTipRight,-1.573025,-0.368737,3.222011
59,27,450,ThumbRight,-1.552011,-0.299501,3.165004
59,27,476,SpineBase,-1.554663,-0.2278695,2.907443
59,27,476,SpineMid,-1.513947,0.09945396,2.8933
59,27,476,Neck,-1.467061,0.4199607,2.866734
59,27,476,Head,-1.420249,0.5303662,2.889706
59,27,476,ShoulderLeft,-1.515093,0.2948797,2.75949
59,27,476,ElbowLeft,-1.598145,0.07697028,2.699234
59,27,476,WristLeft,-1.550688,-0.1753893,2.679502
59,27,477,HandLeft,-1.538082,-0.2659361,2.680393
59,27,477,ShoulderRight,-1.451483,0.2357845,3.063877
59,27,477,ElbowRight,-1.496675,0.004979326,3.14816
59,27,477,WristRight,-1.521072,-0.2382865,3.185887
59,27,477,HandRight,-1.534788,-0.3224461,3.189724
59,27,477,HipLeft,-1.552436,-0.2181548,2.827107
59,27,477,KneeLeft,-1.621326,-0.5126769,2.767812
59,27,477,AnkleLeft,-1.742316,-0.8017907,2.867519
59,27,477,FootLeft,-1.631761,-0.8465389,2.819162
59,27,477,HipRight,-1.523029,-0.2326525,2.924679
59,27,477,KneeRight,-1.435406,-0.5126452,2.908456
59,27,477,AnkleRight,-1.498777,-0.7854024,2.958086
59,27,477,FootRight,-1.390504,-0.8302187,2.908442
59,27,477,SpineShoulder,-1.479834,0.3407983,2.875539
59,27,477,HandTipLeft,-1.511472,-0.3322223,2.66771
59,27,477,ThumbLeft,-1.527017,-0.2316238,2.704693
59,27,477,HandTipRight,-1.541448,-0.366726,3.20728
59,27,477,ThumbRight,-1.520507,-0.2974872,3.150239
59,27,512,SpineBase,-1.525895,-0.2235412,2.899858
59,27,512,SpineMid,-1.487586,0.1024879,2.883037
59,27,512,Neck,-1.444183,0.4217232,2.854972
59,27,512,Head,-1.391609,0.5314969,2.87775
59,27,512,ShoulderLeft,-1.487338,0.2947662,2.741503
59,27,512,ElbowLeft,-1.570322,0.06408828,2.683813
59,27,512,WristLeft,-1.531741,-0.1858078,2.656265
59,27,512,HandLeft,-1.535019,-0.2675233,2.680623
59,27,512,ShoulderRight,-1.42863,0.2375162,3.052102
59,27,512,ElbowRight,-1.473901,0.00667988,3.136351
59,27,512,WristRight,-1.498347,-0.2366014,3.174055
59,27,512,HandRight,-1.512064,-0.3207642,3.177892
59,27,512,HipLeft,-1.52444,-0.2162475,2.819529
59,27,512,KneeLeft,-1.590273,-0.4993659,2.765146
59,27,512,AnkleLeft,-1.744138,-0.7998998,2.868296
59,27,512,FootLeft,-1.633029,-0.8443872,2.821885
59,27,512,HipRight,-1.493964,-0.2258785,2.91686
59,27,512,KneeRight,-1.385096,-0.4963756,2.897011
59,27,512,AnkleRight,-1.419148,-0.8003677,2.917247
59,27,512,FootRight,-1.31086,-0.8445845,2.86937
59,27,512,SpineShoulder,-1.456014,0.3428736,2.864044
59,27,512,HandTipLeft,-1.513459,-0.3386827,2.651175
59,27,512,ThumbLeft,-1.592859,-0.2690605,2.678286
59,27,512,HandTipRight,-1.518764,-0.3650445,3.195428
59,27,512,ThumbRight,-1.497874,-0.2958042,3.138363
59,27,545,SpineBase,-1.500938,-0.2249062,2.895746
59,27,545,SpineMid,-1.461497,0.1015238,2.874985
59,27,545,Neck,-1.416294,0.4211478,2.842304
59,27,545,Head,-1.364032,0.529707,2.866431
59,27,545,ShoulderLeft,-1.460537,0.2932565,2.729473
59,27,545,ElbowLeft,-1.539897,0.06630093,2.670111
59,27,545,WristLeft,-1.518438,-0.1885647,2.642552
59,27,545,HandLeft,-1.515591,-0.2953326,2.651995
59,27,545,ShoulderRight,-1.400772,0.2369111,3.039413
59,27,545,ElbowRight,-1.446144,0.006052781,3.123617
59,27,545,WristRight,-1.470654,-0.2372371,3.16129
59,27,545,HandRight,-1.484372,-0.3214035,3.165127
59,27,545,HipLeft,-1.499761,-0.2188536,2.81746
59,27,545,KneeLeft,-1.583133,-0.500532,2.770746
59,27,545,AnkleLeft,-1.741815,-0.7947143,2.866504
59,27,545,FootLeft,-1.630974,-0.8395748,2.81966
59,27,545,HipRight,-1.469022,-0.2259894,2.91045
59,27,545,KneeRight,-1.340126,-0.4974089,2.882054
59,27,545,AnkleRight,-1.336506,-0.8079249,2.886222
59,27,545,FootRight,-1.229094,-0.8522382,2.837702
59,27,545,SpineShoulder,-1.428612,0.3422075,2.852605
59,27,545,HandTipLeft,-1.519168,-0.3600693,2.652993
59,27,545,ThumbLeft,-1.503524,-0.2914498,2.714467
59,27,545,HandTipRight,-1.491123,-0.3656769,3.18264
59,27,545,ThumbRight,-1.470299,-0.2964253,3.125544
59,27,578,SpineBase,-1.457203,-0.2281902,2.886574
59,27,578,SpineMid,-1.422219,0.09572642,2.8626
59,27,578,Neck,-1.381812,0.4130273,2.82741
59,27,578,Head,-1.334762,0.5265737,2.853853
59,27,579,ShoulderLeft,-1.436185,0.2870578,2.718162
59,27,579,ElbowLeft,-1.519792,0.05979496,2.660059
59,27,579,WristLeft,-1.501608,-0.1949639,2.628862
59,27,579,HandLeft,-1.498757,-0.3027916,2.637596
59,27,579,ShoulderRight,-1.338241,0.2643225,2.910774
59,27,579,ElbowRight,-1.38365,0.03314483,2.99501
59,27,579,WristRight,-1.408174,-0.2103165,3.032688
59,27,579,HandRight,-1.421895,-0.2945074,3.036524
59,27,579,HipLeft,-1.476297,-0.2221766,2.810096
59,27,579,KneeLeft,-1.552653,-0.499755,2.792576
59,27,579,AnkleLeft,-1.736289,-0.7916752,2.864572
59,27,579,FootLeft,-1.633539,-0.8360782,2.793011
59,27,579,HipRight,-1.410015,-0.2281724,2.901074
59,27,579,KneeRight,-1.29133,-0.5123696,2.870063
59,27,579,AnkleRight,-1.25387,-0.7977377,2.85132
59,27,579,FootRight,-1.155123,-0.8415079,2.777852
59,27,579,SpineShoulder,-1.392905,0.3346517,2.838269
59,27,579,HandTipLeft,-1.510404,-0.3739669,2.651809
59,27,579,ThumbLeft,-1.491107,-0.3147162,2.704125
59,27,579,HandTipRight,-1.42865,-0.3388288,3.05403
59,27,579,ThumbRight,-1.407831,-0.2696231,2.996927
59,27,613,SpineBase,-1.435027,-0.2326154,2.880641
59,27,613,SpineMid,-1.396377,0.09028311,2.853642
59,27,613,Neck,-1.352249,0.4063061,2.814782
59,27,613,Head,-1.296722,0.5170767,2.834864
59,27,613,ShoulderLeft,-1.408695,0.2807296,2.706022
59,27,613,ElbowLeft,-1.487293,0.06353501,2.638773
59,27,613,WristLeft,-1.481591,-0.1921396,2.616374
59,27,613,HandLeft,-1.481145,-0.3143357,2.615855
59,27,613,ShoulderRight,-1.31623,0.259332,2.901362
59,27,613,ElbowRight,-1.361723,0.02816073,2.985556
59,27,613,WristRight,-1.3863,-0.2152917,3.023206
59,27,613,HandRight,-1.400022,-0.2994853,3.02704
59,27,613,HipLeft,-1.447817,-0.2269709,2.80223
59,27,613,KneeLeft,-1.548004,-0.4997175,2.794322
59,27,613,AnkleLeft,-1.735086,-0.7916093,2.864649
59,27,613,FootLeft,-1.631555,-0.8367046,2.795599
59,27,613,HipRight,-1.388318,-0.2333408,2.894706
59,27,613,KneeRight,-1.257291,-0.5079469,2.855045
59,27,613,AnkleRight,-1.183001,-0.784553,2.826168
59,27,613,FootRight,-1.101112,-0.8719889,2.754533
59,27,613,SpineShoulder,-1.36426,0.3282768,2.826622
59,27,613,HandTipLeft,-1.503802,-0.3860831,2.637729
59,27,613,ThumbLeft,-1.469943,-0.2934803,2.687536
59,27,613,HandTipRight,-1.40682,-0.3437877,3.044528
59,27,613,ThumbRight,-1.386058,-0.274556,2.987402
59,27,645,SpineBase,-1.399212,-0.2537951,2.867464
59,27,645,SpineMid,-1.362541,0.07360124,2.842583
59,27,645,Neck,-1.32092,0.393863,2.805973
59,27,645,Head,-1.269871,0.5103094,2.825913
59,27,645,ShoulderLeft,-1.382955,0.2690398,2.695989
59,27,645,ElbowLeft,-1.464546,0.06393967,2.627053
59,27,645,WristLeft,-1.455669,-0.1913939,2.598872
59,27,645,HandLeft,-1.451163,-0.2761998,2.6062
59,27,645,ShoulderRight,-1.276072,0.2344845,2.879852
59,27,645,ElbowRight,-1.321704,0.003411377,2.963954
59,27,645,WristRight,-1.34637,-0.2399666,3.001549
59,27,645,HandRight,-1.360091,-0.3241649,3.005378
59,27,645,HipLeft,-1.418089,-0.2477602,2.791004
59,27,645,KneeLeft,-1.540951,-0.5080964,2.79519
59,27,645,AnkleLeft,-1.727496,-0.7908968,2.863301
59,27,645,FootLeft,-1.627675,-0.8355134,2.78662
59,27,645,HipRight,-1.349858,-0.2532734,2.880029
59,27,645,KneeRight,-1.211249,-0.5095139,2.839447
59,27,646,AnkleRight,-1.128874,-0.7940634,2.795024
59,27,646,FootRight,-1.033968,-0.8378205,2.716127
59,27,646,SpineShoulder,-1.332259,0.3148024,2.817244
59,27,646,HandTipLeft,-1.45429,-0.3416966,2.564375
59,27,646,ThumbLeft,-1.444869,-0.2773255,2.671913
59,27,646,HandTipRight,-1.366968,-0.3683837,3.022837
59,27,646,ThumbRight,-1.346308,-0.299042,2.965677
59,27,679,SpineBase,-1.363906,-0.2602609,2.851114
59,27,679,SpineMid,-1.324628,0.06490982,2.82623
59,27,679,Neck,-1.28028,0.3830585,2.789707
59,27,679,Head,-1.227027,0.4984187,2.80835
59,27,679,ShoulderLeft,-1.348897,0.2561451,2.685106
59,27,679,ElbowLeft,-1.428042,0.05678389,2.610639
59,27,679,WristLeft,-1.420267,-0.1978595,2.574349
59,27,679,HandLeft,-1.423934,-0.2800823,2.586563
59,27,680,ShoulderRight,-1.246587,0.230295,2.862154
59,27,680,ElbowRight,-1.292326,-0.0007884062,2.946207
59,27,680,WristRight,-1.31706,-0.2441651,2.983768
59,27,680,HandRight,-1.330782,-0.328368,2.987596
59,27,680,HipLeft,-1.383897,-0.2547007,2.774756
59,27,680,KneeLeft,-1.492452,-0.5016957,2.782739
59,27,680,AnkleLeft,-1.71013,-0.7811354,2.854916
59,27,680,FootLeft,-1.610363,-0.8261622,2.778616
59,27,680,HipRight,-1.312328,-0.2599799,2.86264
59,27,680,KneeRight,-1.17844,-0.5091822,2.822608
59,27,680,AnkleRight,-1.086467,-0.7951339,2.772177
59,27,680,FootRight,-0.9918659,-0.8391293,2.693627
59,27,680,SpineShoulder,-1.292285,0.3045064,2.800943
59,27,680,HandTipLeft,-1.420916,-0.345456,2.540602
59,27,680,ThumbLeft,-1.418482,-0.2749723,2.649957
59,27,680,HandTipRight,-1.337715,-0.3725668,3.005032
59,27,680,ThumbRight,-1.317125,-0.3031965,2.947844
59,27,711,SpineBase,-1.324816,-0.2656456,2.838248
59,27,711,SpineMid,-1.288666,0.06152759,2.815628
59,27,711,Neck,-1.247584,0.3815786,2.781143
59,27,711,Head,-1.197581,0.4956889,2.799911
59,27,711,ShoulderLeft,-1.314571,0.2525364,2.675671
59,27,711,ElbowLeft,-1.39764,0.04783598,2.601361
59,27,711,WristLeft,-1.399391,-0.2067972,2.566044
59,27,711,HandLeft,-1.396779,-0.2903861,2.565321
59,27,711,ShoulderRight,-1.202909,0.2415064,2.851402
59,27,711,ElbowRight,-1.248852,0.01032274,2.935386
59,27,712,WristRight,-1.273714,-0.2331116,2.972898
59,27,712,HandRight,-1.287439,-0.3173202,2.976727
59,27,712,HipLeft,-1.343978,-0.2614456,2.765772
59,27,712,KneeLeft,-1.464586,-0.5047704,2.773916
59,27,712,AnkleLeft,-1.693207,-0.7766349,2.850371
59,27,712,FootLeft,-1.595033,-0.8211265,2.770916
59,27,712,HipRight,-1.275638,-0.2637677,2.846073
59,27,712,KneeRight,-1.148724,-0.5087854,2.8059
59,27,712,AnkleRight,-1.063801,-0.8033813,2.762007
59,27,712,FootRight,-0.9708859,-0.8466885,2.680331
59,27,712,SpineShoulder,-1.258768,0.3025667,2.791898
59,27,712,HandTipLeft,-1.395559,-0.3557482,2.523472
59,27,712,ThumbLeft,-1.398516,-0.2943214,2.639545
59,27,712,HandTipRight,-1.294471,-0.3615462,2.994117
59,27,712,ThumbRight,-1.274009,-0.2922071,2.936869
59,27,745,SpineBase,-1.282193,-0.2619189,2.814593
59,27,745,SpineMid,-1.245764,0.06099074,2.797651
59,27,745,Neck,-1.203961,0.3770683,2.768419
59,27,745,Head,-1.158659,0.4927377,2.788499
59,27,745,ShoulderLeft,-1.272694,0.2504408,2.66333
59,27,745,ElbowLeft,-1.364526,0.04660781,2.596531
59,27,745,WristLeft,-1.362203,-0.2068674,2.550676
59,27,745,HandLeft,-1.363425,-0.2877194,2.545148
59,27,745,ShoulderRight,-1.156895,0.2310707,2.845522
59,27,745,ElbowRight,-1.20306,-8.079209E-05,2.929405
59,27,745,WristRight,-1.228062,-0.2434873,2.966852
59,27,745,HandRight,-1.241788,-0.3276995,2.970679
59,27,745,HipLeft,-1.304511,-0.2541503,2.741627
59,27,745,KneeLeft,-1.445793,-0.5422423,2.766006
59,27,745,AnkleLeft,-1.680299,-0.7934633,2.849296
59,27,745,FootLeft,-1.582195,-0.8374916,2.769595
59,27,745,HipRight,-1.230218,-0.2637739,2.822572
59,27,745,KneeRight,-1.094925,-0.5375445,2.78095
59,27,745,AnkleRight,-1.050957,-0.8080378,2.753096
59,27,745,FootRight,-0.9580983,-0.8509756,2.671178
59,27,745,SpineShoulder,-1.215342,0.2990309,2.777889
59,27,745,HandTipLeft,-1.364106,-0.3529747,2.502121
59,27,745,ThumbLeft,-1.366467,-0.2826315,2.61625
59,27,745,HandTipRight,-1.248936,-0.3718871,2.988023
59,27,745,ThumbRight,-1.228621,-0.3024966,2.930718
59,27,778,SpineBase,-1.241137,-0.2580678,2.802382
59,27,779,SpineMid,-1.203867,0.06619449,2.786582
59,27,779,Neck,-1.162711,0.3833095,2.759063
59,27,779,Head,-1.113816,0.495167,2.779324
59,27,779,ShoulderLeft,-1.235254,0.2553491,2.654161
59,27,779,ElbowLeft,-1.320098,0.04719714,2.588257
59,27,779,WristLeft,-1.324004,-0.2051795,2.53599
59,27,779,HandLeft,-1.32862,-0.333037,2.50299
59,27,779,ShoulderRight,-1.110031,0.2247151,2.836055
59,27,779,ElbowRight,-1.156422,-0.006432221,2.919843
59,27,779,WristRight,-1.181566,-0.2498282,2.957229
59,27,779,HandRight,-1.195293,-0.3340448,2.961054
59,27,779,HipLeft,-1.261647,-0.2490127,2.728589
59,27,779,KneeLeft,-1.405627,-0.5494959,2.74438
59,27,779,AnkleLeft,-1.670424,-0.8138637,2.848188
59,27,779,FootLeft,-1.574403,-0.8575206,2.765282
59,27,779,HipRight,-1.191654,-0.2610557,2.810824
59,27,779,KneeRight,-1.073969,-0.5352163,2.770336
59,27,779,AnkleRight,-1.030574,-0.805164,2.745794
59,27,779,FootRight,-0.9398793,-0.8479322,2.660604
59,27,779,SpineShoulder,-1.173789,0.3050379,2.768075
59,27,779,HandTipLeft,-1.331165,-0.3960297,2.52193
59,27,779,ThumbLeft,-1.319551,-0.3371557,2.561182
59,27,779,HandTipRight,-1.202557,-0.3782052,2.978352
59,27,779,ThumbRight,-1.182391,-0.3087772,2.920992
59,27,813,SpineBase,-1.182717,-0.24756,2.786247
59,27,813,SpineMid,-1.151245,0.07602368,2.774404
59,27,813,Neck,-1.117123,0.3920547,2.750977
59,27,814,Head,-1.073635,0.5064616,2.768431
59,27,814,ShoulderLeft,-1.18644,0.2657804,2.641394
59,27,814,ElbowLeft,-1.28487,0.04548809,2.583092
59,27,814,WristLeft,-1.282518,-0.2048176,2.519104
59,27,814,HandLeft,-1.28706,-0.2877877,2.514024
59,27,814,ShoulderRight,-1.059347,0.2336575,2.830225
59,27,814,ElbowRight,-1.106004,0.002425267,2.913929
59,27,814,WristRight,-1.131315,-0.2410192,2.951255
59,27,814,HandRight,-1.145045,-0.3252409,2.955081
59,27,814,HipLeft,-1.206923,-0.2375957,2.711178
59,27,814,KneeLeft,-1.36086,-0.5355235,2.711454
59,27,814,AnkleLeft,-1.619385,-0.8156136,2.830224
59,27,814,FootLeft,-1.522541,-0.8582471,2.748002
59,27,814,HipRight,-1.130609,-0.2516767,2.795522
59,27,814,KneeRight,-1.034443,-0.5261322,2.758891
59,27,814,AnkleRight,-1.015676,-0.8257447,2.735423
59,27,814,FootRight,-0.9239672,-0.8673416,2.651103
59,27,814,SpineShoulder,-1.125658,0.3142172,2.758842
59,27,814,HandTipLeft,-1.290916,-0.3485122,2.477259
59,27,814,ThumbLeft,-1.283046,-0.299853,2.58325
59,27,814,HandTipRight,-1.15244,-0.3694226,2.972326
59,27,814,ThumbRight,-1.13244,-0.3000186,2.914896
59,27,844,SpineBase,-1.135781,-0.2364311,2.774246
59,27,844,SpineMid,-1.10735,0.08777579,2.762106
59,27,844,Neck,-1.073071,0.4050221,2.737608
59,27,844,Head,-1.028521,0.5240209,2.750159
59,27,844,ShoulderLeft,-1.150802,0.278045,2.631291
59,27,844,ElbowLeft,-1.236309,0.04899721,2.57457
59,27,844,WristLeft,-1.249052,-0.2021604,2.517596
59,27,844,HandLeft,-1.247547,-0.3003542,2.495777
59,27,844,ShoulderRight,-1.020735,0.2429347,2.81224
59,27,844,ElbowRight,-1.067573,0.01160498,2.895895
59,27,844,WristRight,-1.092997,-0.2318938,2.933184
59,27,844,HandRight,-1.106729,-0.316122,2.937011
59,27,844,HipLeft,-1.161927,-0.2252851,2.697297
59,27,844,KneeLeft,-1.215324,-0.489354,2.670737
59,27,844,AnkleLeft,-1.473295,-0.7256002,2.766872
59,27,845,FootLeft,-1.37891,-0.768695,2.681514
59,27,845,HipRight,-1.082436,-0.2419266,2.78502
59,27,845,KneeRight,-1.019934,-0.52378,2.755147
59,27,845,AnkleRight,-1.013528,-0.823773,2.735254
59,27,845,FootRight,-0.9234616,-0.8652501,2.648411
59,27,845,SpineShoulder,-1.083133,0.3265381,2.746099
59,27,845,HandTipLeft,-1.245924,-0.3649305,2.482164
59,27,845,ThumbLeft,-1.239117,-0.3083297,2.5715
59,27,845,HandTipRight,-1.114212,-0.3603245,2.954221
59,27,845,ThumbRight,-1.094324,-0.2909431,2.896745
59,27,880,SpineBase,-1.092764,-0.2202012,2.75881
59,27,880,SpineMid,-1.064818,0.1030829,2.746563
59,27,880,Neck,-1.034077,0.4184111,2.722888
59,27,880,Head,-0.9949487,0.5327977,2.737136
59,27,880,ShoulderLeft,-1.105273,0.2969614,2.614454
59,27,880,ElbowLeft,-1.198656,0.06035043,2.569299
59,27,880,WristLeft,-1.198853,-0.1923442,2.517424
59,27,880,HandLeft,-1.201599,-0.2884562,2.506223
59,27,880,ShoulderRight,-0.9726942,0.260197,2.803268
59,27,880,ElbowRight,-1.019793,0.0287271,2.886863
59,27,880,WristRight,-1.045377,-0.2148558,2.924105
59,27,880,HandRight,-1.059113,-0.29909,2.927934
59,27,880,HipLeft,-1.117798,-0.2083793,2.681679
59,27,880,KneeLeft,-1.12931,-0.4845217,2.655566
59,27,880,AnkleLeft,-1.395447,-0.7187424,2.736097
59,27,880,FootLeft,-1.300861,-0.761573,2.651376
59,27,880,HipRight,-1.041492,-0.2267312,2.76949
59,27,880,KneeRight,-0.9994983,-0.5247828,2.750697
59,27,880,AnkleRight,-1.011709,-0.8283166,2.734454
59,27,880,FootRight,-0.9209203,-0.8695588,2.648517
59,27,880,SpineShoulder,-1.041935,0.3408366,2.730731
59,27,880,HandTipLeft,-1.206616,-0.3449898,2.466562
59,27,880,ThumbLeft,-1.177131,-0.3172039,2.569133
59,27,880,HandTipRight,-1.066721,-0.3433409,2.945093
59,27,880,ThumbRight,-1.046991,-0.2740176,2.887552
59,27,911,SpineBase,-1.053949,-0.1993147,2.746316
59,27,911,SpineMid,-1.025141,0.1198534,2.731815
59,27,911,Neck,-0.9907157,0.4319804,2.704685
59,27,911,Head,-0.944783,0.5502777,2.715617
59,27,911,ShoulderLeft,-1.076614,0.3084013,2.603593
59,27,911,ElbowLeft,-1.152081,0.06681329,2.55139
59,27,911,WristLeft,-1.152111,-0.1867198,2.504488
59,27,911,HandLeft,-1.156849,-0.2653173,2.486152
59,27,911,ShoulderRight,-0.9295315,0.2641206,2.807113
59,27,911,ElbowRight,-0.9768836,0.0326119,2.890632
59,27,911,WristRight,-1.002628,-0.2109933,2.927822
59,27,911,HandRight,-1.016366,-0.29523,2.931652
59,27,911,HipLeft,-1.077944,-0.1859469,2.663226
59,27,911,KneeLeft,-1.06518,-0.470049,2.616788
59,27,911,AnkleLeft,-1.306152,-0.728632,2.702863
59,27,911,FootLeft,-1.213331,-0.7716236,2.616738
59,27,911,HipRight,-1.003868,-0.2074947,2.762064
59,27,911,KneeRight,-0.9844167,-0.5225506,2.743672
59,27,912,AnkleRight,-1.010617,-0.8277103,2.734493
59,27,912,FootRight,-0.9209201,-0.8693993,2.647412
59,27,912,SpineShoulder,-1.000663,0.3548445,2.713884
59,27,912,HandTipLeft,-1.162636,-0.3293035,2.465951
59,27,912,ThumbLeft,-1.133351,-0.284654,2.498429
59,27,912,HandTipRight,-1.024102,-0.3394907,2.948766
59,27,912,ThumbRight,-1.004534,-0.2701784,2.891166
59,27,946,SpineBase,-1.00606,-0.1819498,2.746291
59,27,946,SpineMid,-0.9834794,0.1339862,2.725037
59,27,946,Neck,-0.9568354,0.4425142,2.692822
59,27,946,Head,-0.9101966,0.5580653,2.702467
59,27,946,ShoulderLeft,-1.039015,0.3212827,2.592549
59,27,946,ElbowLeft,-1.12233,0.08163478,2.546737
59,27,946,WristLeft,-1.109569,-0.1721401,2.501602
59,27,946,HandLeft,-1.106532,-0.2673418,2.49932
59,27,946,ShoulderRight,-0.8884245,0.2918328,2.784095
59,27,946,ElbowRight,-0.9010566,0.0449016,2.841083
59,27,946,WristRight,-0.9118135,-0.1456847,2.859935
59,27,946,HandRight,-0.9037515,-0.2291964,2.863773
59,27,946,HipLeft,-1.039593,-0.1738375,2.663741
59,27,946,KneeLeft,-1.000939,-0.4674524,2.589731
59,27,946,AnkleLeft,-1.209558,-0.7551139,2.670854
59,27,946,FootLeft,-1.119619,-0.7973716,2.581454
59,27,946,HipRight,-0.9520469,-0.1868608,2.761551
59,27,946,KneeRight,-0.9318254,-0.4904736,2.730973
59,27,946,AnkleRight,-1.004725,-0.8084249,2.737168
59,27,947,FootRight,-0.9171445,-0.850061,2.646982
59,27,947,SpineShoulder,-0.9639119,0.366544,2.702836
59,27,947,HandTipLeft,-1.110725,-0.3265799,2.471318
59,27,947,ThumbLeft,-1.079916,-0.294594,2.5485
59,27,947,HandTipRight,-0.9012005,-0.291939,2.845299
59,27,947,ThumbRight,-0.9014196,-0.2511912,2.8244
59,27,978,SpineBase,-0.9627067,-0.1696238,2.722364
59,27,978,SpineMid,-0.9397687,0.1436453,2.702031
59,27,978,Neck,-0.9126963,0.4493159,2.669599
59,27,978,Head,-0.8663002,0.5665787,2.680333
59,27,978,ShoulderLeft,-1.009128,0.3284348,2.577176
59,27,978,ElbowLeft,-1.083363,0.08346298,2.537546
59,27,978,WristLeft,-1.056086,-0.1697956,2.495015
59,27,978,HandLeft,-1.055643,-0.2582324,2.489043
59,27,978,ShoulderRight,-0.8447134,0.3106188,2.782389
59,27,978,ElbowRight,-0.8575994,0.06355058,2.839332
59,27,978,WristRight,-0.8375397,-0.190862,2.850944
59,27,978,HandRight,-0.8431594,-0.2906439,2.841449
59,27,978,HipLeft,-0.9927687,-0.1638838,2.642148
59,27,978,KneeLeft,-0.9440793,-0.4973674,2.560585
59,27,978,AnkleLeft,-1.115057,-0.808844,2.643275
59,27,978,FootLeft,-1.088867,-0.8925781,2.617188
59,27,978,HipRight,-0.908811,-0.1711573,2.735076
59,27,978,KneeRight,-0.8989251,-0.4766011,2.758909
59,27,978,AnkleRight,-1.004671,-0.8085802,2.737141
59,27,978,FootRight,-1.037109,-0.871582,2.654297
59,27,978,SpineShoulder,-0.9205022,0.373931,2.680041
59,27,978,HandTipLeft,-1.057578,-0.3203217,2.472817
59,27,978,ThumbLeft,-1.019909,-0.2394718,2.505813
59,27,979,HandTipRight,-0.8504531,-0.34595,2.842811
59,27,979,ThumbRight,-0.82513,-0.2821622,2.811117
59,28,013,SpineBase,-0.9282833,-0.1636966,2.705538
59,28,013,SpineMid,-0.9055932,0.1468905,2.686128
59,28,013,Neck,-0.8793237,0.4498302,2.654787
59,28,013,Head,-0.8309525,0.5708042,2.666008
59,28,013,ShoulderLeft,-0.9646241,0.3299618,2.56099
59,28,013,ElbowLeft,-1.042157,0.09818851,2.524935
59,28,013,WristLeft,-1.015823,-0.1442469,2.488213
59,28,013,HandLeft,-1.004215,-0.2219218,2.483073
59,28,013,ShoulderRight,-0.8083,0.3133492,2.772358
59,28,013,ElbowRight,-0.779297,0.08536301,2.830573
59,28,013,WristRight,-0.783527,-0.1666287,2.824044
59,28,013,HandRight,-0.775107,-0.257657,2.813735
59,28,013,HipLeft,-0.958735,-0.1599265,2.624229
59,28,013,KneeLeft,-0.8812945,-0.484861,2.529624
59,28,013,AnkleLeft,-1.028016,-0.8075854,2.589808
59,28,013,FootLeft,-0.9614258,-0.9047852,2.564453
59,28,013,HipRight,-0.8745288,-0.1633546,2.719061
59,28,013,KneeRight,-0.8549367,-0.4363998,2.760805
59,28,013,AnkleRight,-0.9695241,-0.7709403,2.641313
59,28,013,FootRight,-0.8800867,-0.8126472,2.553551
59,28,013,SpineShoulder,-0.8863372,0.3751827,2.664686
59,28,013,HandTipLeft,-1.00452,-0.2917877,2.468501
59,28,013,ThumbLeft,-0.957916,-0.2007319,2.478786
59,28,014,HandTipRight,-0.7679117,-0.3185137,2.79987
59,28,014,ThumbRight,-0.7531679,-0.2630107,2.784
59,28,044,SpineBase,-0.8871936,-0.1573579,2.680973
59,28,044,SpineMid,-0.866196,0.1486546,2.665953
59,28,044,Neck,-0.8410748,0.4472765,2.638393
59,28,044,Head,-0.7903938,0.5666735,2.649818
59,28,044,ShoulderLeft,-0.9332132,0.3288371,2.5496
59,28,044,ElbowLeft,-1.009838,0.09883995,2.51839
59,28,044,WristLeft,-0.9681633,-0.1517537,2.468635
59,28,044,HandLeft,-0.952335,-0.2285789,2.471827
59,28,044,ShoulderRight,-0.7633005,0.3130916,2.753725
59,28,044,ElbowRight,-0.7639151,0.06394822,2.805968
59,28,044,WristRight,-0.7152008,-0.1880077,2.793925
59,28,044,HandRight,-0.7031578,-0.2782412,2.78014
59,28,044,HipLeft,-0.9222214,-0.154585,2.604364
59,28,044,KneeLeft,-0.8238549,-0.4804992,2.51231
59,28,044,AnkleLeft,-0.8588884,-0.8451928,2.55064
59,28,044,FootLeft,-0.7735627,-0.8851647,2.458388
59,28,044,HipRight,-0.8311669,-0.1563376,2.690251
59,28,044,KneeRight,-0.9343272,-0.4824162,2.675998
59,28,044,AnkleRight,-0.9639481,-0.7488209,2.713903
59,28,044,FootRight,-0.8779417,-0.7904703,2.621378
59,28,044,SpineShoulder,-0.8482515,0.3737007,2.64758
59,28,044,HandTipLeft,-0.9533573,-0.298705,2.467589
59,28,044,ThumbLeft,-0.9088573,-0.2168623,2.462766
59,28,044,HandTipRight,-0.7004825,-0.3430201,2.78134
59,28,044,ThumbRight,-0.7037829,-0.2708911,2.746913
59,28,082,SpineBase,-0.8537305,-0.1628693,2.65953
59,28,082,SpineMid,-0.829397,0.1420528,2.646017
59,28,082,Neck,-0.8019438,0.4392471,2.620701
59,28,082,Head,-0.7485014,0.5583771,2.632265
59,28,082,ShoulderLeft,-0.888365,0.3169531,2.527657
59,28,082,ElbowLeft,-0.9637611,0.09820666,2.495488
59,28,082,WristLeft,-0.9222487,-0.1471879,2.449395
59,28,082,HandLeft,-0.9052774,-0.2280394,2.450702
59,28,082,ShoulderRight,-0.7269821,0.3044272,2.743333
59,28,082,ElbowRight,-0.7175041,0.05389743,2.790436
59,28,082,WristRight,-0.6547408,-0.1947514,2.767029
59,28,082,HandRight,-0.6335004,-0.2778027,2.74504
59,28,082,HipLeft,-0.8870589,-0.1577185,2.58334
59,28,082,KneeLeft,-0.7674218,-0.4525502,2.491139
59,28,082,AnkleLeft,-0.7227533,-0.820996,2.479258
59,28,082,FootLeft,-0.6357542,-0.8610938,2.390727
59,28,082,HipRight,-0.7974221,-0.1640928,2.666763
59,28,082,KneeRight,-0.9148698,-0.4841972,2.659161
59,28,082,AnkleRight,-0.9983307,-0.8374828,2.719913
59,28,082,FootRight,-0.9090832,-0.8784648,2.63184
59,28,082,SpineShoulder,-0.809253,0.3660078,2.629115
59,28,082,HandTipLeft,-0.8973535,-0.3025367,2.444678
59,28,082,ThumbLeft,-0.8574853,-0.2228073,2.438625
59,28,082,HandTipRight,-0.6266445,-0.33972,2.735975
59,28,082,ThumbRight,-0.6348227,-0.2901226,2.69275
59,28,112,SpineBase,-0.8026142,-0.1713468,2.643598
59,28,112,SpineMid,-0.7829238,0.1312926,2.629966
59,28,112,Neck,-0.7616891,0.4267714,2.604923
59,28,112,Head,-0.7119761,0.5488076,2.61505
59,28,112,ShoulderLeft,-0.8515429,0.3093482,2.510151
59,28,113,ElbowLeft,-0.928503,0.09174712,2.481998
59,28,113,WristLeft,-0.8868619,-0.1522871,2.430137
59,28,113,HandLeft,-0.8643265,-0.2352586,2.429049
59,28,113,ShoulderRight,-0.6816439,0.2875841,2.716624
59,28,113,ElbowRight,-0.669765,0.04107425,2.777064
59,28,113,WristRight,-0.5932537,-0.1963153,2.749153
59,28,113,HandRight,-0.5669165,-0.2766545,2.720962
59,28,113,HipLeft,-0.83827,-0.1648281,2.563009
59,28,113,KneeLeft,-0.8298087,-0.4202306,2.510968
59,28,113,AnkleLeft,-0.7849225,-0.7888225,2.499219
59,28,113,FootLeft,-0.6717229,-0.8319798,2.421148
59,28,113,HipRight,-0.746203,-0.1734239,2.655677
59,28,113,KneeRight,-0.7361912,-0.4896762,2.47531
59,28,113,AnkleRight,-0.9261298,-0.740932,2.652166
59,28,113,FootRight,-0.8397629,-0.7821286,2.55999
59,28,113,SpineShoulder,-0.7678214,0.3540234,2.613435
59,28,113,HandTipLeft,-0.857371,-0.3052224,2.413186
59,28,113,ThumbLeft,-0.8235152,-0.235462,2.424214
59,28,113,HandTipRight,-0.5527304,-0.3359092,2.714656
59,28,113,ThumbRight,-0.5711139,-0.278014,2.677067
59,28,147,SpineBase,-0.7565328,-0.1903699,2.608589
59,28,147,SpineMid,-0.7390786,0.1163518,2.601755
59,28,147,Neck,-0.719061,0.4152916,2.582969
59,28,148,Head,-0.6663205,0.5350409,2.594045
59,28,148,ShoulderLeft,-0.8031151,0.2944423,2.489059
59,28,148,ElbowLeft,-0.877011,0.07504334,2.450879
59,28,148,WristLeft,-0.8426391,-0.1464472,2.409776
59,28,148,HandLeft,-0.8231633,-0.2271865,2.409057
59,28,148,ShoulderRight,-0.6344919,0.2615102,2.703184
59,28,148,ElbowRight,-0.6201237,0.01366339,2.75851
59,28,148,WristRight,-0.5455391,-0.1893139,2.733604
59,28,148,HandRight,-0.5084241,-0.2653051,2.697733
59,28,148,HipLeft,-0.7915266,-0.1838254,2.529153
59,28,148,KneeLeft,-0.7940207,-0.4703007,2.528146
59,28,148,AnkleLeft,-0.9406518,-0.7439893,2.712866
59,28,148,FootLeft,-0.9678984,-0.8540892,2.678512
59,28,148,HipRight,-0.7016513,-0.1918982,2.619297
59,28,148,KneeRight,-0.6624929,-0.5076786,2.441236
59,28,148,AnkleRight,-0.8827229,-0.7278565,2.623728
59,28,148,FootRight,-0.7950594,-0.7684901,2.533049
59,28,148,SpineShoulder,-0.7242362,0.3415547,2.589658
59,28,148,HandTipLeft,-0.817247,-0.2950421,2.382512
59,28,148,ThumbLeft,-0.7841897,-0.2229746,2.406409
59,28,148,HandTipRight,-0.4811971,-0.3246958,2.667591
59,28,148,ThumbRight,-0.5106238,-0.2762406,2.653625
59,28,178,SpineBase,-0.7000633,-0.203967,2.58642
59,28,178,SpineMid,-0.6892204,0.1028986,2.5791
59,28,178,Neck,-0.6753082,0.4017909,2.559483
59,28,178,Head,-0.6277362,0.5235475,2.575312
59,28,178,ShoulderLeft,-0.7631748,0.2779127,2.464
59,28,178,ElbowLeft,-0.8301684,0.05485572,2.425656
59,28,178,WristLeft,-0.7950518,-0.1978289,2.385117
59,28,178,HandLeft,-0.7779308,-0.2811315,2.382085
59,28,178,ShoulderRight,-0.593062,0.2548919,2.676137
59,28,178,ElbowRight,-0.5754737,0.007346756,2.731925
59,28,179,WristRight,-0.5068291,-0.1697284,2.714036
59,28,179,HandRight,-0.4643302,-0.2452834,2.686546
59,28,179,HipLeft,-0.7366238,-0.1993668,2.507286
59,28,179,KneeLeft,-0.7498226,-0.4527618,2.486248
59,28,179,AnkleLeft,-0.9004182,-0.7140805,2.684289
59,28,179,FootLeft,-0.9431409,-0.8174261,2.66703
59,28,179,HipRight,-0.6448597,-0.2031233,2.596508
59,28,179,KneeRight,-0.6353616,-0.4735548,2.438968
59,28,179,AnkleRight,-0.8547862,-0.7043471,2.610279
59,28,179,FootRight,-0.7676284,-0.7446907,2.518706
59,28,179,SpineShoulder,-0.6793468,0.3281782,2.566595
59,28,179,HandTipLeft,-0.7746765,-0.350132,2.36418
59,28,179,ThumbLeft,-0.7379158,-0.2691119,2.382207
59,28,179,HandTipRight,-0.4253017,-0.3008264,2.654979
59,28,179,ThumbRight,-0.4510523,-0.2818771,2.637125
59,28,212,SpineBase,-0.6447061,-0.2173887,2.559666
59,28,212,SpineMid,-0.6414027,0.09346386,2.555115
59,28,212,Neck,-0.638784,0.3966779,2.540162
59,28,212,Head,-0.5821699,0.5130277,2.553806
59,28,212,ShoulderLeft,-0.7168368,0.2701846,2.442629
59,28,212,ElbowLeft,-0.7768637,0.03676363,2.404366
59,28,212,WristLeft,-0.7479982,-0.215707,2.357241
59,28,212,HandLeft,-0.7389573,-0.2964955,2.353644
59,28,212,ShoulderRight,-0.5487068,0.2398725,2.642954
59,28,212,ElbowRight,-0.5271949,-0.005299907,2.705231
59,28,212,WristRight,-0.453795,-0.1854084,2.690761
59,28,212,HandRight,-0.4075205,-0.2636506,2.666466
59,28,212,HipLeft,-0.6828524,-0.215769,2.479918
59,28,212,KneeLeft,-0.6814535,-0.4784092,2.507113
59,28,212,AnkleLeft,-0.8599432,-0.684495,2.694489
59,28,212,FootLeft,-0.9118024,-0.7843866,2.669062
59,28,212,HipRight,-0.5891457,-0.2131243,2.570081
59,28,212,KneeRight,-0.533652,-0.5284288,2.395876
59,28,212,AnkleRight,-0.7897158,-0.7042515,2.58033
59,28,212,FootRight,-0.7038926,-0.7434726,2.486925
59,28,212,SpineShoulder,-0.6394544,0.3219665,2.545815
59,28,212,HandTipLeft,-0.7344396,-0.3653505,2.337974
59,28,213,ThumbLeft,-0.7097517,-0.3488685,2.333118
59,28,213,HandTipRight,-0.3679429,-0.3202676,2.636795
59,28,213,ThumbRight,-0.3936806,-0.2962313,2.622364
59,28,244,SpineBase,-0.5929523,-0.2208314,2.520489
59,28,244,SpineMid,-0.5928355,0.08900447,2.521988
59,28,244,Neck,-0.5898041,0.3905392,2.511037
59,28,244,Head,-0.5437772,0.5100564,2.530199
59,28,244,ShoulderLeft,-0.6751874,0.2627945,2.413521
59,28,244,ElbowLeft,-0.7314669,0.03872144,2.379124
59,28,244,WristLeft,-0.7055672,-0.2148291,2.337739
59,28,244,HandLeft,-0.6954392,-0.2943545,2.331095
59,28,244,ShoulderRight,-0.5035295,0.2342085,2.615764
59,28,244,ElbowRight,-0.4756638,-0.01106216,2.67603
59,28,244,WristRight,-0.3986801,-0.2133764,2.665419
59,28,244,HandRight,-0.3520646,-0.2948526,2.643456
59,28,244,HipLeft,-0.6328583,-0.217953,2.445821
59,28,244,KneeLeft,-0.6816671,-0.5060335,2.567679
59,28,244,AnkleLeft,-0.809972,-0.7126251,2.675586
59,28,244,FootLeft,-0.7243484,-0.7516471,2.581655
59,28,244,HipRight,-0.5367209,-0.2176163,2.525578
59,28,245,KneeRight,-0.489329,-0.5302103,2.373323
59,28,245,AnkleRight,-0.7491208,-0.7068656,2.552448
59,28,245,FootRight,-0.6637977,-0.7455449,2.45852
59,28,245,SpineShoulder,-0.5910826,0.3162986,2.515997
59,28,245,HandTipLeft,-0.6921843,-0.3614323,2.309577
59,28,245,ThumbLeft,-0.6673496,-0.269864,2.346923
59,28,245,HandTipRight,-0.3232531,-0.355928,2.631817
59,28,245,ThumbRight,-0.3438589,-0.3389772,2.626
59,28,279,SpineBase,-0.540151,-0.2194944,2.494575
59,28,279,SpineMid,-0.5442442,0.09321608,2.496438
59,28,281,Neck,-0.5455157,0.3973972,2.485793
59,28,281,Head,-0.5053163,0.5150242,2.510097
59,28,281,ShoulderLeft,-0.6289937,0.2678585,2.390276
59,28,281,ElbowLeft,-0.6820877,0.03272362,2.355853
59,28,281,WristLeft,-0.6524257,-0.2206311,2.315897
59,28,281,HandLeft,-0.6509499,-0.3011197,2.311058
59,28,281,ShoulderRight,-0.4593149,0.2409908,2.590496
59,28,281,ElbowRight,-0.4277019,-0.005472823,2.645883
59,28,281,WristRight,-0.3657568,-0.2186359,2.650472
59,28,281,HandRight,-0.3197741,-0.298428,2.63769
59,28,281,HipLeft,-0.5796095,-0.2185772,2.420571
59,28,281,KneeLeft,-0.6256621,-0.5073876,2.54638
59,28,281,AnkleLeft,-0.7639465,-0.7018338,2.663125
59,28,281,FootLeft,-0.6785928,-0.7406447,2.569083
59,28,281,HipRight,-0.4856104,-0.2142695,2.498725
59,28,281,KneeRight,-0.4395249,-0.5291222,2.347451
59,28,281,AnkleRight,-0.69634,-0.6971346,2.5383
59,28,281,FootRight,-0.6113904,-0.7355795,2.444243
59,28,281,SpineShoulder,-0.5456958,0.3225251,2.490679
59,28,281,HandTipLeft,-0.6480448,-0.3710585,2.295355
59,28,281,ThumbLeft,-0.6253858,-0.2854772,2.329333
59,28,281,HandTipRight,-0.2938752,-0.364133,2.635835
59,28,281,ThumbRight,-0.3101116,-0.3246511,2.631222
59,28,312,SpineBase,-0.4926489,-0.2139126,2.45583
59,28,312,SpineMid,-0.4988715,0.1027371,2.465434
59,28,312,Neck,-0.5024858,0.41048,2.462494
59,28,313,Head,-0.4599566,0.5271585,2.486087
59,28,313,ShoulderLeft,-0.5827804,0.2801637,2.36505
59,28,313,ElbowLeft,-0.6216498,0.02475015,2.33383
59,28,313,WristLeft,-0.5976182,-0.2167105,2.291856
59,28,313,HandLeft,-0.6034676,-0.2986035,2.290707
59,28,313,ShoulderRight,-0.4163643,0.2539855,2.567184
59,28,313,ElbowRight,-0.3837468,0.004319778,2.61097
59,28,313,WristRight,-0.3194371,-0.2291721,2.626428
59,28,313,HandRight,-0.2841103,-0.3134452,2.627332
59,28,313,HipLeft,-0.5303374,-0.2110033,2.386083
59,28,313,KneeLeft,-0.5895841,-0.5010964,2.519603
59,28,313,AnkleLeft,-0.7078672,-0.7135034,2.628199
59,28,313,FootLeft,-0.6218791,-0.7515522,2.535194
59,28,313,HipRight,-0.440941,-0.2107205,2.455502
59,28,313,KneeRight,-0.4121444,-0.5296096,2.330341
59,28,313,AnkleRight,-0.6660041,-0.6968452,2.525634
59,28,313,FootRight,-0.5801979,-0.7347471,2.432621
59,28,313,SpineShoulder,-0.5020116,0.3347699,2.465436
59,28,313,HandTipLeft,-0.6068255,-0.36754,2.281232
59,28,313,ThumbLeft,-0.57664,-0.2845491,2.310929
59,28,313,HandTipRight,-0.2712035,-0.3739737,2.616247
59,28,313,ThumbRight,-0.2532268,-0.3163103,2.603409
59,28,343,SpineBase,-0.4362532,-0.1970834,2.45726
59,28,343,SpineMid,-0.4483489,0.1207621,2.455437
59,28,344,Neck,-0.4578256,0.4295864,2.44107
59,28,344,Head,-0.4114113,0.5449764,2.466682
59,28,344,ShoulderLeft,-0.5375186,0.2927156,2.343721
59,28,344,ElbowLeft,-0.5706981,0.03610313,2.314472
59,28,344,WristLeft,-0.5503618,-0.2110707,2.268517
59,28,344,HandLeft,-0.5506675,-0.2875294,2.271378
59,28,344,ShoulderRight,-0.3717958,0.2729908,2.545755
59,28,344,ElbowRight,-0.3487765,0.02346926,2.594352
59,28,344,WristRight,-0.2942085,-0.225317,2.612143
59,28,344,HandRight,-0.2648253,-0.3074337,2.612306
59,28,344,HipLeft,-0.4747089,-0.1950268,2.38819
59,28,344,KneeLeft,-0.5622296,-0.4875821,2.502272
59,28,344,AnkleLeft,-0.5081677,-0.7408516,2.578403
59,28,344,FootLeft,-0.4246432,-0.778532,2.485013
59,28,344,HipRight,-0.3853358,-0.1934958,2.455925
59,28,344,KneeRight,-0.3952116,-0.5105864,2.313391
59,28,344,AnkleRight,-0.6267356,-0.7044508,2.511554
59,28,344,FootRight,-0.5415497,-0.7424369,2.418447
59,28,344,SpineShoulder,-0.4559063,0.3536249,2.446883
59,28,344,HandTipLeft,-0.5576201,-0.3651862,2.269935
59,28,344,ThumbLeft,-0.5074296,-0.2631953,2.276687
59,28,344,HandTipRight,-0.2527698,-0.3702457,2.603781
59,28,344,ThumbRight,-0.2581345,-0.2782736,2.574348
59,28,380,SpineBase,-0.3928928,-0.1910222,2.450644
59,28,380,SpineMid,-0.4048374,0.1313091,2.441847
59,28,380,Neck,-0.4136932,0.4449389,2.419668
59,28,380,Head,-0.3683645,0.5590805,2.444582
59,28,380,ShoulderLeft,-0.4899736,0.3155001,2.324317
59,28,380,ElbowLeft,-0.5362965,0.07781752,2.287934
59,28,380,WristLeft,-0.5008815,-0.1321257,2.247185
59,28,380,HandLeft,-0.4920239,-0.216848,2.246771
59,28,380,ShoulderRight,-0.3277559,0.2882507,2.524344
59,28,380,ElbowRight,-0.3020078,0.03680864,2.564967
59,28,380,WristRight,-0.2689015,-0.2143535,2.592142
59,28,380,HandRight,-0.2466202,-0.3006317,2.595481
59,28,380,HipLeft,-0.4262515,-0.1797982,2.380651
59,28,380,KneeLeft,-0.5362136,-0.4708728,2.485425
59,28,380,AnkleLeft,-0.4845732,-0.7243138,2.562543
59,28,380,FootLeft,-0.4010944,-0.7626064,2.469707
59,28,380,HipRight,-0.3466692,-0.1954491,2.449784
59,28,380,KneeRight,-0.3816404,-0.5136142,2.312933
59,28,380,AnkleRight,-0.5906422,-0.7332526,2.509284
59,28,380,FootRight,-0.5057173,-0.7713359,2.416816
59,28,380,SpineShoulder,-0.4116477,0.3678516,2.427393
59,28,380,HandTipLeft,-0.4959128,-0.2867548,2.224086
59,28,380,ThumbLeft,-0.4467795,-0.1990757,2.232577
59,28,380,HandTipRight,-0.2429035,-0.3616184,2.590266
59,28,380,ThumbRight,-0.2167463,-0.3351657,2.582111
59,28,410,SpineBase,-0.3411332,-0.179396,2.44457
59,28,410,SpineMid,-0.3582564,0.1471793,2.428782
59,28,410,Neck,-0.3732282,0.4640845,2.400625
59,28,410,Head,-0.3214844,0.5786207,2.424794
59,28,411,ShoulderLeft,-0.4494773,0.3296007,2.303616
59,28,411,ElbowLeft,-0.4931617,0.09299938,2.268695
59,28,411,WristLeft,-0.4516289,-0.1280766,2.221886
59,28,411,HandLeft,-0.4379964,-0.2100729,2.223876
59,28,411,ShoulderRight,-0.2873816,0.3072998,2.505303
59,28,411,ElbowRight,-0.2618993,0.05567698,2.545936
59,28,411,WristRight,-0.2217567,-0.1952932,2.568338
59,28,411,HandRight,-0.217016,-0.2696681,2.562917
59,28,411,HipLeft,-0.3825092,-0.1771527,2.376339
59,28,411,KneeLeft,-0.364534,-0.5207769,2.287939
59,28,411,AnkleLeft,-0.3491004,-0.8591337,2.333278
59,28,411,FootLeft,-0.2992382,-0.9248055,2.279023
59,28,411,HipRight,-0.2935719,-0.1766638,2.442314
59,28,411,KneeRight,-0.2824947,-0.4898234,2.373453
59,28,411,AnkleRight,-0.501083,-0.7577838,2.49039
59,28,411,FootRight,-0.519307,-0.8662968,2.488283
59,28,411,SpineShoulder,-0.3702103,0.3860519,2.409996
59,28,411,HandTipLeft,-0.4343853,-0.2786197,2.1983
59,28,411,ThumbLeft,-0.3948394,-0.1949055,2.214091
59,28,411,HandTipRight,-0.2052456,-0.3343273,2.560712
59,28,411,ThumbRight,-0.2038022,-0.2699154,2.556067
59,28,446,SpineBase,-0.3060489,-0.1698346,2.416847
59,28,446,SpineMid,-0.3171476,0.1578964,2.402698
59,28,446,Neck,-0.3271111,0.4756615,2.376807
59,28,446,Head,-0.2829055,0.5923538,2.408388
59,28,446,ShoulderLeft,-0.407192,0.342688,2.281876
59,28,446,ElbowLeft,-0.4440519,0.09458727,2.23935
59,28,446,WristLeft,-0.4029866,-0.1561932,2.188498
59,28,446,HandLeft,-0.3893939,-0.2186462,2.186594
59,28,446,ShoulderRight,-0.2413652,0.3187866,2.481474
59,28,446,ElbowRight,-0.2161879,0.06702323,2.522102
59,28,446,WristRight,-0.2817182,-0.1412965,2.377545
59,28,446,HandRight,-0.2511965,-0.2168946,2.359387
59,28,446,HipLeft,-0.3428372,-0.1655026,2.345047
59,28,446,KneeLeft,-0.3601657,-0.5116589,2.287045
59,28,446,AnkleLeft,-0.3618819,-0.8569025,2.347903
59,28,446,FootLeft,-0.3234228,-0.9304422,2.304752
59,28,446,HipRight,-0.2588805,-0.1686759,2.416368
59,28,446,KneeRight,-0.2259817,-0.5007436,2.385252
59,28,446,AnkleRight,-0.4284312,-0.8029242,2.439683
59,28,446,FootRight,-0.3464304,-0.8401366,2.346226
59,28,446,SpineShoulder,-0.324823,0.3976097,2.385407
59,28,446,HandTipLeft,-0.3889705,-0.2854914,2.16784
59,28,446,ThumbLeft,-0.3618229,-0.1950923,2.197
59,28,446,HandTipRight,-0.2598761,-0.2884116,2.362212
59,28,446,ThumbRight,-0.2011686,-0.2106089,2.386231
59,28,480,SpineBase,-0.2728763,-0.1644078,2.397082
59,28,480,SpineMid,-0.282461,0.1637529,2.386501
59,28,480,Neck,-0.2889748,0.4822582,2.362836
59,28,480,Head,-0.2409362,0.5959681,2.386824
59,28,480,ShoulderLeft,-0.3682745,0.3501216,2.263573
59,28,480,ElbowLeft,-0.4017439,0.1083097,2.214056
59,28,480,WristLeft,-0.3516249,-0.1413574,2.165636
59,28,480,HandLeft,-0.3307446,-0.2174413,2.183668
59,28,480,ShoulderRight,-0.2033209,0.3253268,2.467485
59,28,480,ElbowRight,-0.1784043,0.07347822,2.508104
59,28,480,WristRight,-0.2623941,-0.1402281,2.383633
59,28,480,HandRight,-0.2229244,-0.2015021,2.327908
59,28,480,HipLeft,-0.3140751,-0.16161,2.328842
59,28,480,KneeLeft,-0.3507749,-0.5063235,2.276911
59,28,480,AnkleLeft,-0.3215953,-0.8660215,2.352396
59,28,480,FootLeft,-0.2689562,-0.9307414,2.301933
59,28,480,HipRight,-0.2247142,-0.1623897,2.394702
59,28,480,KneeRight,-0.1522297,-0.4874338,2.359996
59,28,480,AnkleRight,-0.3397942,-0.7995872,2.413695
59,28,480,FootRight,-0.277295,-0.8886265,2.333139
59,28,480,SpineShoulder,-0.2878146,0.4039761,2.371008
59,28,480,HandTipLeft,-0.3335991,-0.2899677,2.150024
59,28,480,ThumbLeft,-0.2830505,-0.2159177,2.208179
59,28,480,HandTipRight,-0.2515358,-0.2635603,2.31224
59,28,480,ThumbRight,-0.1996994,-0.2166761,2.340238
59,28,512,SpineBase,-0.2254194,-0.1647876,2.37243
59,28,512,SpineMid,-0.2352137,0.1649429,2.362502
59,28,512,Neck,-0.2434413,0.4846308,2.339839
59,28,512,Head,-0.1962888,0.6001182,2.36631
59,28,513,ShoulderLeft,-0.3183381,0.3510714,2.236862
59,28,513,ElbowLeft,-0.359086,0.1064916,2.189007
59,28,513,WristLeft,-0.3005797,-0.1134114,2.141075
59,28,513,HandLeft,-0.2852814,-0.1940676,2.13612
59,28,513,ShoulderRight,-0.1578922,0.3276327,2.444461
59,28,513,ElbowRight,-0.1332873,0.07570512,2.485066
59,28,513,WristRight,-0.2202435,-0.1377904,2.362228
59,28,513,HandRight,-0.1971338,-0.207124,2.300043
59,28,513,HipLeft,-0.2640785,-0.1608242,2.301814
59,28,513,KneeLeft,-0.3351718,-0.4923763,2.258808
59,28,513,AnkleLeft,-0.3314782,-0.850206,2.340411
59,28,513,FootLeft,-0.2861486,-0.9206615,2.297988
59,28,513,HipRight,-0.1810082,-0.1637734,2.372311
59,28,513,KneeRight,-0.08554015,-0.4709066,2.326891
59,28,513,AnkleRight,-0.1562427,-0.8250407,2.349336
59,28,513,FootRight,-0.1408691,-0.9121094,2.294922
59,28,513,SpineShoulder,-0.2416461,0.4061048,2.347726
59,28,513,HandTipLeft,-0.2705584,-0.2618183,2.110577
59,28,513,ThumbLeft,-0.3167806,-0.1837491,2.149786
59,28,513,HandTipRight,-0.2061779,-0.2142048,2.284004
59,28,513,ThumbRight,-0.1815507,-0.21112,2.29275
59,28,546,SpineBase,-0.1858312,-0.1717302,2.353045
59,28,546,SpineMid,-0.1924173,0.1576795,2.342142
59,28,546,Neck,-0.1977102,0.4770072,2.318465
59,28,546,Head,-0.1484883,0.5918303,2.34454
59,28,546,ShoulderLeft,-0.2775115,0.3444351,2.214414
59,28,546,ElbowLeft,-0.3197041,0.118905,2.161767
59,28,546,WristLeft,-0.2522399,-0.1271887,2.115689
59,28,546,HandLeft,-0.2349672,-0.2475737,2.124877
59,28,546,ShoulderRight,-0.1122703,0.3199703,2.423042
59,28,546,ElbowRight,-0.08798499,0.06803684,2.463613
59,28,546,WristRight,-0.1738526,-0.1455544,2.339979
59,28,546,HandRight,-0.1547754,-0.2114171,2.268201
59,28,546,HipLeft,-0.2245694,-0.1662875,2.283215
59,28,546,KneeLeft,-0.3094462,-0.4790097,2.242352
59,28,546,AnkleLeft,-0.3316381,-0.8337511,2.332206
59,28,546,FootLeft,-0.2956886,-0.92143,2.292932
59,28,546,HipRight,-0.1406313,-0.1721665,2.3511
59,28,546,KneeRight,-0.03885717,-0.4715168,2.299547
59,28,546,AnkleRight,-0.03115302,-0.8422155,2.286718
59,28,546,FootRight,0.01033783,-0.921875,2.220703
59,28,546,SpineShoulder,-0.1965113,0.3985631,2.326569
59,28,546,HandTipLeft,-0.2207669,-0.3133418,2.121081
59,28,546,ThumbLeft,-0.2814512,-0.2561664,2.155467
59,28,546,HandTipRight,-0.1583725,-0.2210127,2.257353
59,28,546,ThumbRight,-0.1413908,-0.2154212,2.2635
59,28,577,SpineBase,-0.1423163,-0.1844096,2.323346
59,28,577,SpineMid,-0.1487722,0.14771,2.318868
59,28,577,Neck,-0.1556565,0.4697606,2.301903
59,28,577,Head,-0.1137671,0.5882015,2.327203
59,28,577,ShoulderLeft,-0.2331999,0.3346465,2.194403
59,28,577,ElbowLeft,-0.2883337,0.1222978,2.139343
59,28,577,WristLeft,-0.2071187,-0.1018005,2.08748
59,28,577,HandLeft,-0.1922578,-0.1815325,2.111478
59,28,577,ShoulderRight,-0.07032473,0.312696,2.406435
59,28,577,ElbowRight,-0.04634099,0.06076639,2.446977
59,28,577,WristRight,-0.1323976,-0.1528138,2.323344
59,28,577,HandRight,-0.1015402,-0.229787,2.261312
59,28,577,HipLeft,-0.1848482,-0.1776722,2.252548
59,28,577,KneeLeft,-0.2949555,-0.4877979,2.238981
59,28,577,AnkleLeft,-0.3304543,-0.8402232,2.332458
59,28,577,FootLeft,-0.3000429,-0.9230629,2.289649
59,28,577,HipRight,-0.0954645,-0.1854812,2.322775
59,28,577,KneeRight,-0.002135046,-0.4895352,2.279095
59,28,577,AnkleRight,0.09612633,-0.845572,2.232112
59,28,577,FootRight,0.1655273,-0.9140625,2.154297
59,28,577,SpineShoulder,-0.1542511,0.3907137,2.308493
59,28,577,HandTipLeft,-0.1497233,-0.2508801,2.06012
59,28,577,ThumbLeft,-0.151821,-0.1838667,2.143
59,28,577,HandTipRight,-0.1038701,-0.2423159,2.255025
59,28,578,ThumbRight,-0.09771614,-0.2453113,2.2545
59,28,613,SpineBase,-0.1163596,-0.197004,2.307248
59,28,613,SpineMid,-0.1135752,0.1354552,2.298993
59,28,613,Neck,-0.1094246,0.4582313,2.277635
59,28,613,Head,-0.0526467,0.5694548,2.302192
59,28,613,ShoulderLeft,-0.1920243,0.3227509,2.173462
59,28,613,ElbowLeft,-0.2434986,0.1263413,2.112803
59,28,613,WristLeft,-0.1583914,-0.1085931,2.058223
59,28,613,HandLeft,-0.1401166,-0.1913847,2.076904
59,28,613,ShoulderRight,-0.02421052,0.301134,2.382116
59,28,613,ElbowRight,-0.0005633208,0.04922202,2.422627
59,28,613,WristRight,-0.08683202,-0.1643351,2.298994
59,28,613,HandRight,-0.05810753,-0.2408367,2.237027
59,28,613,HipLeft,-0.1580833,-0.1898294,2.23686
59,28,613,KneeLeft,-0.2613129,-0.5051069,2.226467
59,28,613,AnkleLeft,-0.3282079,-0.8485032,2.332509
59,28,613,FootLeft,-0.3043928,-0.9259925,2.286732
59,28,613,HipRight,-0.07104142,-0.1980905,2.306255
59,28,613,KneeRight,0.04024407,-0.4993753,2.244697
59,28,613,AnkleRight,0.1912189,-0.8308048,2.173179
59,28,613,FootRight,0.2650375,-0.867291,2.081247
59,28,613,SpineShoulder,-0.1096524,0.3786487,2.284704
59,28,613,HandTipLeft,-0.09028097,-0.2585374,2.031044
59,28,613,ThumbLeft,-0.1716495,-0.2185122,2.104563
59,28,613,HandTipRight,-0.06002359,-0.2515485,2.227693
59,28,613,ThumbRight,-0.05395816,-0.2545416,2.2275
59,28,646,SpineBase,-0.06616591,-0.2146867,2.280923
59,28,646,SpineMid,-0.06509683,0.1208923,2.277114
59,28,646,Neck,-0.06420608,0.4462072,2.260341
59,28,646,Head,-0.01979837,0.5640967,2.285147
59,28,646,ShoulderLeft,-0.1452168,0.3114469,2.153361
59,28,646,ElbowLeft,-0.1977398,0.100856,2.095322
59,28,646,WristLeft,-0.1171364,-0.1137262,2.036595
59,28,646,HandLeft,-0.09288639,-0.1949031,2.047963
59,28,646,ShoulderRight,0.02088098,0.2890955,2.364767
59,28,646,ElbowRight,0.04419025,0.03722471,2.405249
59,28,646,WristRight,-0.0697296,-0.1721752,2.2995
59,28,646,HandRight,-0.1215809,-0.2110574,2.306001
59,28,646,HipLeft,-0.1080607,-0.2069138,2.213905
59,28,646,KneeLeft,-0.2294033,-0.5123536,2.215496
59,28,646,AnkleLeft,-0.3233773,-0.8466363,2.328571
59,28,647,FootLeft,-0.3045707,-0.9258486,2.286772
59,28,647,HipRight,-0.02224764,-0.21574,2.276565
59,28,647,KneeRight,0.08069212,-0.4996949,2.224386
59,28,647,AnkleRight,0.2542011,-0.8185375,2.134737
59,28,647,FootRight,0.3279238,-0.8546298,2.043763
59,28,647,SpineShoulder,-0.06472238,0.3663821,2.26689
59,28,647,HandTipLeft,-0.03819668,-0.2593717,1.996152
59,28,647,ThumbLeft,-0.1256241,-0.2206089,2.081048
59,28,647,HandTipRight,-0.1232288,-0.2219283,2.296662
59,28,647,ThumbRight,-0.116815,-0.2251327,2.296461
59,28,680,SpineBase,-0.007797926,-0.2285605,2.257319
59,28,680,SpineMid,-0.01384601,0.1096945,2.253669
59,28,680,Neck,-0.01963537,0.4374273,2.236742
59,28,680,Head,0.03562299,0.5501314,2.259974
59,28,680,ShoulderLeft,-0.1009102,0.298539,2.12806
59,28,680,ElbowLeft,-0.1494914,0.0921905,2.068047
59,28,681,WristLeft,-0.05778946,-0.1431495,2.006994
59,28,681,HandLeft,-0.03104958,-0.2241106,2.004822
59,28,681,ShoulderRight,0.06532603,0.2802808,2.341125
59,28,681,ElbowRight,0.08829593,0.02841335,2.381594
59,28,681,WristRight,-0.03185464,-0.1807115,2.282892
59,28,681,HandRight,-0.08371196,-0.2195966,2.289399
59,28,681,HipLeft,-0.04901374,-0.2229623,2.192924
59,28,681,KneeLeft,-0.1696483,-0.513557,2.185858
59,28,681,AnkleLeft,-0.3072487,-0.8270525,2.311634
59,28,681,FootLeft,-0.3036512,-0.9230377,2.283349
59,28,681,HipRight,0.03362156,-0.2269351,2.250362
59,28,681,KneeRight,0.1477062,-0.5068131,2.191786
59,28,681,AnkleRight,0.2874812,-0.8295252,2.104762
59,28,681,FootRight,0.3610575,-0.8649056,2.014133
59,28,681,SpineShoulder,-0.01822603,0.3569472,2.243238
59,28,681,HandTipLeft,0.01961011,-0.2890383,1.972919
59,28,681,ThumbLeft,-0.07237509,-0.2324417,2.052667
59,28,681,HandTipRight,-0.08552153,-0.2304237,2.280057
59,28,681,ThumbRight,-0.07931803,-0.23357,2.279852
59,28,711,SpineBase,0.0470426,-0.2345063,2.229256
59,28,711,SpineMid,0.03648042,0.1012718,2.23089
59,28,711,Neck,0.02511763,0.4267136,2.219542
59,28,711,Head,0.07277314,0.5428684,2.240362
59,28,712,ShoulderLeft,-0.05322036,0.2903498,2.110543
59,28,712,ElbowLeft,-0.1029468,0.07860713,2.052478
59,28,712,WristLeft,-0.01087258,-0.1560631,1.98958
59,28,712,HandLeft,0.0147907,-0.233891,1.972274
59,28,712,ShoulderRight,0.1099418,0.2695537,2.323877
59,28,712,ElbowRight,0.1325644,0.01772356,2.364332
59,28,712,WristRight,0.03267737,-0.2051385,2.274322
59,28,712,HandRight,-0.01918613,-0.2440257,2.280839
59,28,712,HipLeft,0.002914028,-0.2302343,2.16861
59,28,712,KneeLeft,-0.112533,-0.5127264,2.154648
59,28,712,AnkleLeft,-0.2806204,-0.8054699,2.292123
59,28,712,FootLeft,-0.2989708,-0.9162099,2.271959
59,28,712,HipRight,0.08962546,-0.2312788,2.218591
59,28,712,KneeRight,0.2070694,-0.5245923,2.166187
59,28,712,AnkleRight,0.3000376,-0.8337279,2.093009
59,28,712,FootRight,0.3667826,-0.9083011,2.007192
59,28,712,SpineShoulder,0.02862529,0.3466416,2.22439
59,28,712,HandTipLeft,0.06269209,-0.292295,1.930435
59,28,712,ThumbLeft,-0.02254468,-0.2454429,2.02725
59,28,712,HandTipRight,-0.02127764,-0.2547427,2.271502
59,28,712,ThumbRight,-0.01544112,-0.2577452,2.271304
59,28,744,SpineBase,0.1042289,-0.2375805,2.205441
59,28,744,SpineMid,0.08874446,0.09769225,2.20825
59,28,744,Neck,0.07318939,0.4223428,2.197687
59,28,744,Head,0.1223011,0.5376514,2.21599
59,28,744,ShoulderLeft,-0.007739489,0.284241,2.091285
59,28,744,ElbowLeft,-0.05520807,0.07011238,2.034936
59,28,744,WristLeft,0.03139964,-0.1638993,1.961305
59,28,744,HandLeft,0.05734099,-0.2430163,1.940299
59,28,744,ShoulderRight,0.1578621,0.2651434,2.301989
59,28,744,ElbowRight,0.1801054,0.01329477,2.342456
59,28,744,WristRight,0.08495419,-0.2155201,2.264174
59,28,744,HandRight,0.03308595,-0.2544097,2.270702
59,28,744,HipLeft,0.06098359,-0.2308367,2.143692
59,28,744,KneeLeft,-0.04029305,-0.4992346,2.113701
59,28,744,AnkleLeft,-0.2294537,-0.7770913,2.255397
59,28,745,FootLeft,-0.1478387,-0.812966,2.163797
59,28,745,HipRight,0.1440653,-0.2366516,2.195965
59,28,745,KneeRight,0.2690878,-0.535183,2.132752
59,28,745,AnkleRight,0.3281876,-0.8448494,2.080075
59,28,745,FootRight,0.4013964,-0.8790423,1.989326
59,28,745,SpineShoulder,0.07710627,0.3426382,2.202599
59,28,745,HandTipLeft,0.1000801,-0.301975,1.895933
59,28,745,ThumbLeft,0.04092333,-0.2889927,1.9518
59,28,745,HandTipRight,0.03076448,-0.265077,2.261371
59,28,745,ThumbRight,0.03630176,-0.2680144,2.261181
59,28,777,SpineBase,0.1630214,-0.2234982,2.181802
59,28,777,SpineMid,0.139201,0.1103698,2.185611
59,28,777,Neck,0.113138,0.4329006,2.177171
59,28,777,Head,0.1645506,0.5475628,2.194118
59,28,777,ShoulderLeft,0.03567961,0.2921713,2.067796
59,28,777,ElbowLeft,-0.00565619,0.07000166,2.013464
59,28,777,WristLeft,0.06838276,-0.1681558,1.939497
59,28,777,HandLeft,0.08988907,-0.246918,1.922362
59,28,777,ShoulderRight,0.1976821,0.2756239,2.281483
59,28,777,ElbowRight,0.2196075,0.0236443,2.322003
59,28,777,WristRight,0.1242515,-0.2052468,2.243761
59,28,777,HandRight,0.07237653,-0.2441419,2.250299
59,28,777,HipLeft,0.1195311,-0.2168834,2.118097
59,28,777,KneeLeft,0.02559566,-0.5145961,2.082342
59,28,777,AnkleLeft,-0.1904199,-0.7654163,2.235567
59,28,777,FootLeft,-0.1080672,-0.8007624,2.145168
59,28,777,HipRight,0.2011495,-0.2228253,2.174365
59,28,777,KneeRight,0.3154085,-0.5268338,2.115195
59,28,777,AnkleRight,0.3365264,-0.8520707,2.071123
59,28,777,FootRight,0.3801916,-0.9256738,2.001243
59,28,777,SpineShoulder,0.1206168,0.3539908,2.18106
59,28,777,HandTipLeft,0.1245723,-0.3074096,1.865704
59,28,777,ThumbLeft,0.05487804,-0.2711891,1.977964
59,28,778,HandTipRight,0.06987901,-0.2548454,2.240969
59,28,778,ThumbRight,0.07518737,-0.2578283,2.240779
59,28,811,SpineBase,0.2159901,-0.2103413,2.15764
59,28,811,SpineMid,0.187878,0.1225931,2.161716
59,28,811,Neck,0.1594808,0.4445903,2.152489
59,28,811,Head,0.2054395,0.5628397,2.170344
59,28,811,ShoulderLeft,0.06946691,0.2980571,2.047705
59,28,811,ElbowLeft,0.04909129,0.04113848,1.992308
59,28,811,WristLeft,0.1090847,-0.1978719,1.918367
59,28,811,HandLeft,0.1293911,-0.269197,1.885684
59,28,811,ShoulderRight,0.2438721,0.2872244,2.256816
59,28,811,ElbowRight,0.2654234,0.03509722,2.297406
59,28,811,WristRight,0.1698287,-0.1938791,2.219215
59,28,811,HandRight,0.1179468,-0.2327802,2.225766
59,28,811,HipLeft,0.1704044,-0.2038294,2.093007
59,28,812,KneeLeft,0.1124231,-0.5053735,2.031482
59,28,812,AnkleLeft,-0.1142564,-0.7400103,2.195154
59,28,812,FootLeft,-0.03584754,-0.7753724,2.100783
59,28,812,HipRight,0.2544152,-0.2099292,2.151251
59,28,812,KneeRight,0.3319894,-0.5207151,2.107904
59,28,812,AnkleRight,0.3440683,-0.8594896,2.064183
59,28,812,FootRight,0.382529,-0.9279925,2.00041
59,28,812,SpineShoulder,0.1666585,0.3655914,2.15705
59,28,812,HandTipLeft,0.1569963,-0.3322165,1.869618
59,28,812,ThumbLeft,0.09729562,-0.3127692,1.94025
59,28,812,HandTipRight,0.1152411,-0.243524,2.216441
59,28,812,ThumbRight,0.1202787,-0.2465576,2.216256
59,28,846,SpineBase,0.268917,-0.1917359,2.128406
59,28,846,SpineMid,0.2322986,0.1405984,2.133306
59,28,846,Neck,0.1934858,0.460849,2.126402
59,28,846,Head,0.2498807,0.5749999,2.142929
59,28,846,ShoulderLeft,0.1115608,0.3159533,2.020498
59,28,846,ElbowLeft,0.08545007,0.05811402,1.973593
59,28,846,WristLeft,0.1378655,-0.1807517,1.892555
59,28,846,HandLeft,0.1593074,-0.2567483,1.872864
59,28,846,ShoulderRight,0.2777671,0.3033771,2.230767
59,28,846,ElbowRight,0.2990368,0.05106302,2.271439
59,28,846,WristRight,0.2215254,-0.1849432,2.194045
59,28,846,HandRight,0.169638,-0.2238495,2.200611
59,28,847,HipLeft,0.2186593,-0.1836623,2.060842
59,28,847,KneeLeft,0.1697282,-0.4978194,1.994275
59,28,847,AnkleLeft,-0.04369136,-0.7440501,2.159061
59,28,847,FootLeft,-0.07683264,-0.8514162,2.144916
59,28,847,HipRight,0.3101576,-0.1934227,2.125105
59,28,847,KneeRight,0.381187,-0.5081661,2.087547
59,28,847,AnkleRight,0.3441401,-0.8598334,2.063612
59,28,847,FootRight,0.3850277,-0.9317187,2.000287
59,28,847,SpineShoulder,0.2038661,0.3826176,2.129888
59,28,847,HandTipLeft,0.1740905,-0.3244938,1.860264
59,28,847,ThumbLeft,0.2106414,-0.2746985,1.9244
59,28,847,HandTipRight,0.1666923,-0.234624,2.191298
59,28,847,ThumbRight,0.1714177,-0.2376958,2.191129
59,28,877,SpineBase,0.2997604,-0.173641,2.11334
59,28,877,SpineMid,0.2659481,0.1571504,2.11671
59,28,877,Neck,0.2337573,0.4773513,2.105851
59,28,877,Head,0.2895048,0.5923575,2.120827
59,28,877,ShoulderLeft,0.1377683,0.3306179,2.003543
59,28,877,ElbowLeft,0.1128185,0.08337645,1.957304
59,28,877,WristLeft,0.1740637,-0.1598602,1.889177
59,28,877,HandLeft,0.1842573,-0.2467389,1.857602
59,28,877,ShoulderRight,0.3179001,0.319788,2.210253
59,28,877,ElbowRight,0.3388406,0.06730651,2.251017
59,28,878,WristRight,0.2600934,-0.1687315,2.174631
59,28,878,HandRight,0.208202,-0.2076424,2.18121
59,28,878,HipLeft,0.2514885,-0.1648304,2.043909
59,28,878,KneeLeft,0.2430691,-0.5108729,1.965849
59,28,878,AnkleLeft,0.03717781,-0.769863,2.121744
59,28,878,FootLeft,0.02583313,-0.8759766,2.085938
59,28,878,HipRight,0.3380456,-0.1766029,2.111898
59,28,878,KneeRight,0.3432603,-0.4950438,2.02611
59,28,878,AnkleRight,0.3445103,-0.860216,2.063074
59,28,878,FootRight,0.3851373,-0.9332933,2.002496
59,28,878,SpineShoulder,0.2412678,0.3986153,2.111129
59,28,878,HandTipLeft,0.1986865,-0.3126573,1.854582
59,28,878,ThumbLeft,0.2187849,-0.2367445,1.875875
59,28,878,HandTipRight,0.2050738,-0.2184836,2.171907
59,28,878,ThumbRight,0.2095617,-0.2216407,2.17175
59,28,913,SpineBase,0.3415412,-0.1561245,2.092213
59,28,913,SpineMid,0.3075444,0.1729319,2.09247
59,28,913,Neck,0.270947,0.4899276,2.080777
59,28,913,Head,0.3275209,0.6054143,2.095459
59,28,914,ShoulderLeft,0.1769299,0.3469454,1.977603
59,28,914,ElbowLeft,0.1377929,0.08897712,1.944406
59,28,914,WristLeft,0.2069369,-0.1506033,1.870231
59,28,914,HandLeft,0.2119793,-0.2295363,1.851365
59,28,914,ShoulderRight,0.3549618,0.3322731,2.185214
59,28,914,ElbowRight,0.3755895,0.07963342,2.226069
59,28,914,WristRight,0.2976322,-0.1565888,2.148921
59,28,914,HandRight,0.3197226,-0.241748,2.15486
59,28,914,HipLeft,0.2871199,-0.1530088,2.025339
59,28,914,KneeLeft,0.3103912,-0.4703351,1.937321
59,28,914,AnkleLeft,0.1535946,-0.7815781,2.053331
59,28,914,FootLeft,0.2190893,-0.8739301,2.016975
59,28,914,HipRight,0.3825407,-0.1543887,2.089482
59,28,914,KneeRight,0.4256923,-0.4850796,2.060091
59,28,914,AnkleRight,0.3479851,-0.848024,2.061711
59,28,914,FootRight,0.4185772,-0.8812634,1.967517
59,28,914,SpineShoulder,0.2808341,0.4124362,2.085522
59,28,914,HandTipLeft,0.2240051,-0.2956502,1.843206
59,28,914,ThumbLeft,0.2482229,-0.2324362,1.85725
59,28,914,HandTipRight,0.3160783,-0.2524289,2.145637
59,28,914,ThumbRight,0.3198944,-0.2553767,2.145583
59,28,944,SpineBase,0.3766873,-0.1428548,2.070982
59,28,944,SpineMid,0.3413867,0.1836227,2.070397
59,28,944,Neck,0.3066192,0.499025,2.055749
59,28,945,Head,0.3635335,0.6146817,2.068844
59,28,945,ShoulderLeft,0.2079683,0.3507661,1.960017
59,28,945,ElbowLeft,0.1659612,0.1017018,1.929583
59,28,945,WristLeft,0.2264482,-0.1276013,1.859244
59,28,945,HandLeft,0.2425468,-0.2065621,1.845618
59,28,945,ShoulderRight,0.3905078,0.3412891,2.160218
59,28,945,ElbowRight,0.4108297,0.08851769,2.20116
59,28,945,WristRight,0.506202,-0.1484151,2.171036
59,28,945,HandRight,0.533611,-0.2360737,2.155078
59,28,945,HipLeft,0.3261255,-0.1404505,1.999286
59,28,945,KneeLeft,0.3401881,-0.4849347,1.909028
59,28,945,AnkleLeft,0.2199626,-0.8149018,2.016392
59,28,945,FootLeft,0.3007843,-0.8897222,1.956352
59,28,945,HipRight,0.4160404,-0.1399321,2.071074
59,28,945,KneeRight,0.4629397,-0.4483402,2.04542
59,28,945,AnkleRight,0.3545178,-0.8037735,2.051721
59,28,945,FootRight,0.4227953,-0.8376909,1.954887
59,28,945,SpineShoulder,0.3150349,0.4216471,2.061961
59,28,945,HandTipLeft,0.2496852,-0.2767453,1.833506
59,28,945,ThumbLeft,0.2746058,-0.2008087,1.85335
59,28,945,HandTipRight,0.5468763,-0.2951123,2.145714
59,28,945,ThumbRight,0.5225886,-0.2921893,2.15525
59,28,980,SpineBase,0.4099561,-0.1374532,2.037662
59,28,980,SpineMid,0.3777327,0.1877751,2.041746
59,28,980,Neck,0.3433626,0.5013344,2.033286
59,28,980,Head,0.3990451,0.6174999,2.044259
59,28,980,ShoulderLeft,0.2410533,0.3541539,1.937885
59,28,980,ElbowLeft,0.1982449,0.106938,1.909802
59,28,980,WristLeft,0.2384373,-0.07237171,1.847178
59,28,980,HandLeft,0.2670023,-0.1481698,1.839548
59,28,980,ShoulderRight,0.4271157,0.3435439,2.137769
59,28,980,ElbowRight,0.44712,0.09070088,2.178786
59,28,980,WristRight,0.5644987,-0.1307624,2.137595
59,28,981,HandRight,0.5967571,-0.2068562,2.107336
59,28,981,HipLeft,0.3525538,-0.1363257,1.970552
59,28,981,KneeLeft,0.398334,-0.4725997,1.871395
59,28,981,AnkleLeft,0.3554224,-0.8290981,1.950921
59,28,981,FootLeft,0.3996582,-0.9125977,1.875
59,28,981,HipRight,0.4523092,-0.1339669,2.035757
59,28,981,KneeRight,0.3768592,-0.4728349,2.041586
59,28,981,AnkleRight,0.3646881,-0.745207,2.004222
59,28,981,FootRight,0.4320537,-0.7795812,1.906466
59,28,981,SpineShoulder,0.3526066,0.4245581,2.037373
59,28,981,HandTipLeft,0.2694137,-0.2194327,1.811169
59,28,981,ThumbLeft,0.3035129,-0.132263,1.812
59,28,981,HandTipRight,0.6171679,-0.2680855,2.08876
59,28,981,ThumbRight,0.596986,-0.2574498,2.106
59,29,012,SpineBase,0.4369773,-0.1360364,2.014717
59,29,012,SpineMid,0.4066407,0.1886892,2.018414
59,29,012,Neck,0.3753507,0.5016309,2.008765
59,29,012,Head,0.4376139,0.6134297,2.015312
59,29,012,ShoulderLeft,0.2787677,0.3532436,1.915118
59,29,012,ElbowLeft,0.2251057,0.1207548,1.888888
59,29,012,WristLeft,0.2856873,-0.1237157,1.824694
59,29,012,HandLeft,0.3182223,-0.1964566,1.820287
59,29,012,ShoulderRight,0.4589828,0.3437851,2.113264
59,29,012,ElbowRight,0.4786989,0.09088328,2.154349
59,29,012,WristRight,0.6163739,-0.1051142,2.102284
59,29,012,HandRight,0.6521492,-0.1786066,2.065657
59,29,013,HipLeft,0.3859486,-0.1337733,1.933106
59,29,013,KneeLeft,0.4554687,-0.4624721,1.837883
59,29,013,AnkleLeft,0.4631543,-0.7912117,1.853611
59,29,013,FootLeft,0.5292036,-0.8243928,1.757661
59,29,013,HipRight,0.4744851,-0.1332906,2.022545
59,29,013,KneeRight,0.3891327,-0.4661661,2.051268
59,29,013,AnkleRight,0.3395609,-0.8800911,2.04661
59,29,013,FootRight,0.4180322,-0.9110238,1.933581
59,29,013,SpineShoulder,0.3832014,0.4250109,2.013569
59,29,013,HandTipLeft,0.3328005,-0.2711584,1.816243
59,29,013,ThumbLeft,0.3528421,-0.1689157,1.804864
59,29,013,HandTipRight,0.6812508,-0.2410639,2.048009
59,29,013,ThumbRight,0.6388686,-0.1862295,2.0713
59,29,047,SpineBase,0.4692498,-0.1365261,1.988859
59,29,047,SpineMid,0.4432504,0.1859351,1.992708
59,29,048,Neck,0.415229,0.4964662,1.984026
59,29,048,Head,0.4752576,0.6109519,1.992659
59,29,048,ShoulderLeft,0.3146392,0.3482553,1.893929
59,29,048,ElbowLeft,0.2582874,0.1091052,1.872866
59,29,048,WristLeft,0.3012733,-0.07422116,1.816293
59,29,048,HandLeft,0.3330898,-0.1536109,1.809253
59,29,048,ShoulderRight,0.4987035,0.3385844,2.088528
59,29,048,ElbowRight,0.5870652,0.09741983,2.105295
59,29,048,WristRight,0.6623129,-0.08797114,2.074786
59,29,048,HandRight,0.7027642,-0.1596519,2.036067
59,29,048,HipLeft,0.4075595,-0.1322919,1.916529
59,29,048,KneeLeft,0.4558878,-0.462589,1.838471
59,29,048,AnkleLeft,0.5669955,-0.8146482,1.795586
59,29,048,FootLeft,0.6298456,-0.8475101,1.698972
59,29,048,HipRight,0.5134197,-0.1365872,1.99198
59,29,048,KneeRight,0.4179246,-0.4657964,2.02732
59,29,048,AnkleRight,0.3398778,-0.8785142,2.05006
59,29,048,FootRight,0.3945313,-0.9453125,2.019531
59,29,048,SpineShoulder,0.4228242,0.4204316,1.988201
59,29,048,HandTipLeft,0.3470291,-0.2248815,1.77816
59,29,048,ThumbLeft,0.3686473,-0.1399438,1.785
59,29,048,HandTipRight,0.7378958,-0.224257,2.005239
59,29,048,ThumbRight,0.6983408,-0.1710684,2.050111
59,29,080,SpineBase,0.5044944,-0.1434562,1.963895
59,29,080,SpineMid,0.4767447,0.1781216,1.968592
59,29,080,Neck,0.4470102,0.4878925,1.960317
59,29,080,Head,0.5228745,0.5965406,1.961166
59,29,080,ShoulderLeft,0.3499883,0.3373092,1.865534
59,29,080,ElbowLeft,0.287394,0.09892745,1.849395
59,29,080,WristLeft,0.3429904,-0.1250666,1.782462
59,29,080,HandLeft,0.3758635,-0.2030147,1.776132
59,29,080,ShoulderRight,0.5303531,0.3299853,2.064816
59,29,080,ElbowRight,0.624062,0.09087656,2.07998
59,29,081,WristRight,0.7122095,-0.08217801,2.043345
59,29,081,HandRight,0.7509133,-0.1483205,2.000367
59,29,081,HipLeft,0.4502292,-0.137328,1.882794
59,29,081,KneeLeft,0.5036605,-0.4651291,1.796464
59,29,081,AnkleLeft,0.668145,-0.7943391,1.746047
59,29,081,FootLeft,0.7305593,-0.8273277,1.651493
59,29,081,HipRight,0.5406035,-0.1439448,1.975214
59,29,081,KneeRight,0.4259947,-0.4657152,2.018821
59,29,081,AnkleRight,0.342019,-0.8759167,2.050392
59,29,081,FootRight,0.3915481,-0.9436551,2.014891
59,29,081,SpineShoulder,0.4546699,0.4121118,1.964681
59,29,081,HandTipLeft,0.3891021,-0.2734504,1.752817
59,29,081,ThumbLeft,0.4109215,-0.1870807,1.765033
59,29,081,HandTipRight,0.7892141,-0.2089807,1.96103
59,29,081,ThumbRight,0.7531747,-0.174497,1.99725
59,29,115,SpineBase,0.5362419,-0.1608724,1.931315
59,29,115,SpineMid,0.5131021,0.163166,1.937465
59,29,115,Neck,0.4874752,0.475414,1.930804
59,29,115,Head,0.5572001,0.5849376,1.937344
59,29,115,ShoulderLeft,0.3833147,0.3247317,1.838585
59,29,115,ElbowLeft,0.3297134,0.07340788,1.820516
59,29,115,WristLeft,0.3602163,-0.1314635,1.768558
59,29,115,HandLeft,0.3950287,-0.210837,1.752916
59,29,115,ShoulderRight,0.5706443,0.3174835,2.035298
59,29,115,ElbowRight,0.6619124,0.0779096,2.05284
59,29,115,WristRight,0.7739999,-0.1107565,1.993247
59,29,115,HandRight,0.8171073,-0.1717771,1.943913
59,29,115,HipLeft,0.4741429,-0.1535044,1.859468
59,29,115,KneeLeft,0.5481613,-0.4592853,1.776029
59,29,115,AnkleLeft,0.7206597,-0.7797125,1.696672
59,29,115,FootLeft,0.7802215,-0.8129623,1.600713
59,29,115,HipRight,0.5771501,-0.1608653,1.936078
59,29,115,KneeRight,0.4668112,-0.4807435,1.991129
59,29,115,AnkleRight,0.3474944,-0.8748868,2.047998
59,29,115,FootRight,0.3922964,-0.9431947,2.016
59,29,115,SpineShoulder,0.494506,0.3989138,1.934494
59,29,115,HandTipLeft,0.4048875,-0.2777168,1.720749
59,29,115,ThumbLeft,0.4260107,-0.1880582,1.748001
59,29,115,HandTipRight,0.8424142,-0.2236845,1.913756
59,29,115,ThumbRight,0.8065437,-0.1856011,1.954227
59,29,146,SpineBase,0.5726265,-0.1732396,1.894665
59,29,146,SpineMid,0.5474106,0.1495569,1.906073
59,29,146,Neck,0.5193093,0.460641,1.904343
59,29,146,Head,0.5928757,0.5641741,1.902616
59,29,146,ShoulderLeft,0.4178415,0.3094187,1.806792
59,29,146,ElbowLeft,0.3585449,0.05469427,1.790823
59,29,146,WristLeft,0.4047777,-0.1543424,1.735857
59,29,146,HandLeft,0.4337209,-0.2258325,1.729437
59,29,146,ShoulderRight,0.6023329,0.3027004,2.008826
59,29,146,ElbowRight,0.6950185,0.06362683,2.024438
59,29,146,WristRight,0.7900067,-0.09458718,1.977448
59,29,146,HandRight,0.844548,-0.1547012,1.919356
59,29,146,HipLeft,0.5137607,-0.1654997,1.818065
59,29,146,KneeLeft,0.6050799,-0.4732036,1.750678
59,29,146,AnkleLeft,0.7632097,-0.7998668,1.667245
59,29,146,FootLeft,0.8093588,-0.8303324,1.583225
59,29,146,HipRight,0.6090345,-0.1740239,1.904589
59,29,146,KneeRight,0.503185,-0.4919842,1.969939
59,29,146,AnkleRight,0.3541007,-0.8749143,2.042985
59,29,146,FootRight,0.3969962,-0.9428055,2.00552
59,29,146,SpineShoulder,0.5266656,0.3845514,1.907106
59,29,146,HandTipLeft,0.4486812,-0.2928924,1.69739
59,29,146,ThumbLeft,0.4678147,-0.1895596,1.71985
59,29,146,HandTipRight,0.8822021,-0.2153217,1.892135
59,29,146,ThumbRight,0.8392351,-0.1743434,1.927818
59,29,180,SpineBase,0.5838499,-0.1900203,1.834245
59,29,180,SpineMid,0.5701317,0.1331457,1.859509
59,29,180,Neck,0.5523509,0.4444538,1.872541
59,29,180,Head,0.6263342,0.5517551,1.877584
59,29,180,ShoulderLeft,0.4470045,0.2930748,1.779124
59,29,180,ElbowLeft,0.3919373,0.04408803,1.760049
59,29,180,WristLeft,0.4433998,-0.1941497,1.710769
59,29,180,HandLeft,0.4575136,-0.2767164,1.698776
59,29,180,ShoulderRight,0.6352159,0.2864962,1.977017
59,29,180,ElbowRight,0.7418393,0.05406305,1.993479
59,29,180,WristRight,0.8630186,-0.1407095,1.91365
59,29,180,HandRight,0.9003813,-0.1910159,1.866276
59,29,180,HipLeft,0.5246388,-0.1822616,1.765751
59,29,180,KneeLeft,0.6759358,-0.4571329,1.693344
59,29,180,AnkleLeft,0.8072556,-0.8009287,1.646427
59,29,180,FootLeft,0.8530273,-0.8554688,1.571289
59,29,180,HipRight,0.6213318,-0.1907347,1.834756
59,29,180,KneeRight,0.5605749,-0.5065915,1.930209
59,29,180,AnkleRight,0.3801859,-0.8182819,2.013989
59,29,180,FootRight,0.3947261,-0.9274366,1.99851
59,29,181,SpineShoulder,0.5576698,0.3681256,1.871201
59,29,181,HandTipLeft,0.4705697,-0.3444434,1.683907
59,29,181,ThumbLeft,0.4889082,-0.2640142,1.703429
59,29,181,HandTipRight,0.9238174,-0.2405987,1.849884
59,29,181,ThumbRight,0.8943694,-0.2094246,1.880308
59,29,211,SpineBase,0.616751,-0.2086272,1.812639
59,29,211,SpineMid,0.6006643,0.1147567,1.83584
59,29,211,Neck,0.5819467,0.4254271,1.845142
59,29,211,Head,0.6623566,0.5278378,1.848014
59,29,211,ShoulderLeft,0.4845684,0.2699308,1.747261
59,29,211,ElbowLeft,0.4300744,0.02729989,1.728267
59,29,211,WristLeft,0.4611458,-0.1848551,1.696385
59,29,211,HandLeft,0.4869761,-0.2700425,1.679337
59,29,211,ShoulderRight,0.6646609,0.2674748,1.949602
59,29,211,ElbowRight,0.7702438,0.03498211,1.967271
59,29,211,WristRight,0.8665583,-0.1285199,1.910147
59,29,211,HandRight,0.9169039,-0.1859683,1.842428
59,29,211,HipLeft,0.5579509,-0.2006354,1.742994
59,29,211,KneeLeft,0.7004369,-0.4689861,1.673118
59,29,211,AnkleLeft,0.8315291,-0.8126676,1.626237
59,29,211,FootLeft,0.8768633,-0.8669894,1.551426
59,29,211,HipRight,0.6525367,-0.2088539,1.814772
59,29,211,KneeRight,0.6187134,-0.5324133,1.897375
59,29,211,AnkleRight,0.4241677,-0.8289873,2.013184
59,29,211,FootRight,0.4128825,-0.9186106,1.994368
59,29,211,SpineShoulder,0.5869839,0.3495567,1.845225
59,29,212,HandTipLeft,0.4925395,-0.3337609,1.651532
59,29,212,ThumbLeft,0.51547,-0.240305,1.6847
59,29,212,HandTipRight,0.9504237,-0.2463355,1.814088
59,29,212,ThumbRight,0.9233102,-0.2159675,1.855
59,29,247,SpineBase,0.6528895,-0.2228486,1.782809
59,29,247,SpineMid,0.6345938,0.1016628,1.810277
59,29,247,Neck,0.6120021,0.4141595,1.824726
59,29,247,Head,0.6923,0.5148491,1.823082
59,29,247,ShoulderLeft,0.5039441,0.2599646,1.733234
59,29,247,ElbowLeft,0.455704,0.009224663,1.706044
59,29,247,WristLeft,0.5049853,-0.1864314,1.662666
59,29,247,HandLeft,0.5216048,-0.2538774,1.659506
59,29,247,ShoulderRight,0.6945685,0.2562112,1.929187
59,29,247,ElbowRight,0.8004732,0.0239592,1.946048
59,29,247,WristRight,0.8913066,-0.1355764,1.896589
59,29,247,HandRight,0.9291078,-0.1795216,1.836076
59,29,247,HipLeft,0.5882706,-0.209908,1.717621
59,29,247,KneeLeft,0.7374229,-0.4107927,1.635155
59,29,247,AnkleLeft,0.8365291,-0.7662045,1.592184
59,29,247,FootLeft,0.8779814,-0.8064322,1.514361
59,29,247,HipRight,0.6917904,-0.2273301,1.782105
59,29,247,KneeRight,0.6849754,-0.5506639,1.865404
59,29,247,AnkleRight,0.4589603,-0.8199711,1.999493
59,29,247,FootRight,0.4510201,-0.8991183,1.974051
59,29,247,SpineShoulder,0.6184852,0.3376061,1.823178
59,29,247,HandTipLeft,0.5238554,-0.3261146,1.635328
59,29,247,ThumbLeft,0.551969,-0.2516907,1.6584
59,29,247,HandTipRight,0.9578599,-0.249824,1.773997
59,29,247,ThumbRight,0.9436972,-0.1685822,1.841667
59,29,279,SpineBase,0.6920695,-0.2251457,1.770373
59,29,279,SpineMid,0.6632267,0.09941456,1.796635
59,29,279,Neck,0.6330588,0.4118292,1.809671
59,29,279,Head,0.7129441,0.5092812,1.80127
59,29,279,ShoulderLeft,0.5332072,0.2520067,1.714437
59,29,279,ElbowLeft,0.4971026,-0.006776324,1.681066
59,29,279,WristLeft,0.5265685,-0.1922002,1.64383
59,29,279,HandLeft,0.55077,-0.2544201,1.635509
59,29,279,ShoulderRight,0.7155244,0.2538645,1.914153
59,29,279,ElbowRight,0.826723,0.02328191,1.922948
59,29,279,WristRight,0.9119527,-0.1398891,1.875747
59,29,280,HandRight,0.9394063,-0.1775916,1.820868
59,29,280,HipLeft,0.6324524,-0.2122303,1.698979
59,29,280,KneeLeft,0.7761263,-0.4241387,1.600353
59,29,280,AnkleLeft,0.8417701,-0.7682413,1.585339
59,29,280,FootLeft,0.9002432,-0.8004849,1.491561
59,29,280,HipRight,0.7273063,-0.2296756,1.774457
59,29,280,KneeRight,0.7242046,-0.5616636,1.832282
59,29,280,AnkleRight,0.5180602,-0.7929696,1.968033
59,29,280,FootRight,0.5179994,-0.8648068,1.972752
59,29,280,SpineShoulder,0.6409944,0.3353602,1.808645
59,29,280,HandTipLeft,0.5509853,-0.3253801,1.611999
59,29,280,ThumbLeft,0.5816597,-0.2421303,1.62564
59,29,280,HandTipRight,0.9581246,-0.2314448,1.750026
59,29,280,ThumbRight,0.9606211,-0.1872355,1.795556
59,29,315,SpineBase,0.6802911,-0.2236055,1.774911
59,29,315,SpineMid,0.6642185,0.1003,1.79603
59,29,315,Neck,0.656686,0.417142,1.79797
59,29,315,Head,0.7348489,0.515856,1.788417
59,29,315,ShoulderLeft,0.5513313,0.257398,1.70567
59,29,315,ElbowLeft,0.5224723,-0.001952978,1.668676
59,29,315,WristLeft,0.5525154,-0.1863058,1.625296
59,29,315,HandLeft,0.5776016,-0.2511256,1.613884
59,29,315,ShoulderRight,0.7390487,0.2591484,1.902494
59,29,315,ElbowRight,0.8491008,0.02671429,1.894961
59,29,315,WristRight,0.9410548,-0.1575112,1.81445
59,29,315,HandRight,0.9518584,-0.1972502,1.785127
59,29,315,HipLeft,0.6191092,-0.2100056,1.704175
59,29,315,KneeLeft,0.7765096,-0.4056216,1.596865
59,29,315,AnkleLeft,0.8413568,-0.7663592,1.581538
59,29,315,FootLeft,0.8979622,-0.7997843,1.48657
59,29,315,HipRight,0.7158083,-0.2286909,1.779016
59,29,315,KneeRight,0.6591182,-0.5537817,1.851927
59,29,315,AnkleRight,0.5299203,-0.8524374,1.953957
59,29,315,FootRight,0.6041683,-0.8743954,1.943523
59,29,315,SpineShoulder,0.6564085,0.3393684,1.800953
59,29,315,HandTipLeft,0.5764144,-0.3196341,1.587611
59,29,315,ThumbLeft,0.5586676,-0.2384902,1.647
59,29,315,HandTipRight,0.9913097,-0.267941,1.710443
59,29,315,ThumbRight,0.9705669,-0.2114752,1.7536
59,29,346,SpineBase,0.6846288,-0.2182295,1.775608
59,29,346,SpineMid,0.6813063,0.1118054,1.78994
59,29,346,Neck,0.6761,0.4280747,1.787938
59,29,346,Head,0.7490948,0.5287558,1.775114
59,29,346,ShoulderLeft,0.5692838,0.2711832,1.695965
59,29,346,ElbowLeft,0.5391305,0.03363337,1.65825
59,29,346,WristLeft,0.5773424,-0.1756614,1.611856
59,29,346,HandLeft,0.6151139,-0.2556107,1.591943
59,29,346,ShoulderRight,0.7583843,0.2700355,1.892517
59,29,346,ElbowRight,0.8613073,0.03407437,1.884482
59,29,346,WristRight,0.9539684,-0.1794542,1.781431
59,29,346,HandRight,0.9535615,-0.2072637,1.75837
59,29,346,HipLeft,0.6229443,-0.2050461,1.705787
59,29,346,KneeLeft,0.7670714,-0.4064038,1.598502
59,29,346,AnkleLeft,0.8381309,-0.7524708,1.576569
59,29,346,FootLeft,0.8941768,-0.7868602,1.481525
59,29,346,HipRight,0.7206513,-0.2230358,1.778835
59,29,346,KneeRight,0.6768401,-0.5483906,1.855004
59,29,346,AnkleRight,0.6187804,-0.8086308,1.905507
59,29,346,FootRight,0.6826174,-0.878539,1.931797
59,29,346,SpineShoulder,0.6789276,0.3515444,1.790212
59,29,346,HandTipLeft,0.6240574,-0.3201951,1.567456
59,29,346,ThumbLeft,0.64095,-0.223485,1.587357
59,29,346,HandTipRight,0.9905707,-0.2964649,1.712726
59,29,346,ThumbRight,0.970619,-0.1894422,1.768
59,29,381,SpineBase,0.7812928,-0.1873648,1.775322
59,29,381,SpineMid,0.7428815,0.1402423,1.780779
59,29,381,Neck,0.6948246,0.4492711,1.776684
59,29,381,Head,0.7658321,0.5518588,1.763324
59,29,381,ShoulderLeft,0.5880333,0.2937176,1.689477
59,29,381,ElbowLeft,0.5483868,0.04034327,1.656326
59,29,381,WristLeft,0.6285594,-0.1240055,1.598288
59,29,381,HandLeft,0.648666,-0.1907903,1.591015
59,29,381,ShoulderRight,0.7770443,0.2911499,1.881351
59,29,381,ElbowRight,0.8797389,0.05488616,1.871073
59,29,381,WristRight,0.9349838,-0.1294061,1.797856
59,29,381,HandRight,0.9510099,-0.1782383,1.765772
59,29,381,HipLeft,0.7172938,-0.1788067,1.703957
59,29,381,KneeLeft,0.7690116,-0.4160863,1.595265
59,29,381,AnkleLeft,0.8369109,-0.7648844,1.581424
59,29,381,FootLeft,0.8929169,-0.7973744,1.485066
59,29,381,HipRight,0.8164659,-0.1890287,1.78139
59,29,381,KneeRight,0.8302351,-0.5143598,1.858732
59,29,381,AnkleRight,0.6785531,-0.7456063,1.857031
59,29,381,FootRight,0.7038335,-0.8520172,1.839419
59,29,381,SpineShoulder,0.7070501,0.3746193,1.779143
59,29,381,HandTipLeft,0.6739751,-0.2638126,1.557851
59,29,381,ThumbLeft,0.680072,-0.159821,1.579795
59,29,381,HandTipRight,0.9417605,-0.2107961,1.724836
59,29,381,ThumbRight,0.9757695,-0.1836294,1.763
59,29,412,SpineBase,0.7924014,-0.179515,1.77041
59,29,412,SpineMid,0.7510036,0.148555,1.776262
59,29,412,Neck,0.7062549,0.4655683,1.768639
59,29,412,Head,0.7681552,0.5719674,1.752902
59,29,412,ShoulderLeft,0.5981356,0.3098288,1.684489
59,29,412,ElbowLeft,0.5631858,0.05390428,1.650536
59,29,412,WristLeft,0.6323473,-0.1827106,1.568499
59,29,412,HandLeft,0.6613786,-0.2463676,1.55035
59,29,412,ShoulderRight,0.7884384,0.3073844,1.87337
59,29,412,ElbowRight,0.890102,0.07054057,1.863246
59,29,412,WristRight,0.9226828,-0.157698,1.741005
59,29,412,HandRight,0.9433254,-0.1697398,1.75028
59,29,412,HipLeft,0.7318509,-0.1669043,1.699017
59,29,412,KneeLeft,0.7643715,-0.4113967,1.599504
59,29,412,AnkleLeft,0.7919013,-0.7791314,1.626817
59,29,412,FootLeft,0.8480625,-0.8116568,1.529226
59,29,412,HipRight,0.8244054,-0.1845798,1.77677
59,29,412,KneeRight,0.854379,-0.5148518,1.833389
59,29,412,AnkleRight,0.7286066,-0.7606235,1.815307
59,29,412,FootRight,0.7758342,-0.8436424,1.730975
59,29,412,SpineShoulder,0.7176549,0.3878161,1.772641
59,29,412,HandTipLeft,0.6866069,-0.3047753,1.541372
59,29,412,ThumbLeft,0.6867825,-0.230186,1.546067
59,29,412,HandTipRight,0.9390997,-0.2046767,1.714305
59,29,412,ThumbRight,0.9701015,-0.1717762,1.7502
59,29,445,SpineBase,0.7992893,-0.1655181,1.760215
59,29,446,SpineMid,0.7606617,0.1630141,1.768596
59,29,446,Neck,0.7182899,0.4795461,1.764026
59,29,446,Head,0.7701204,0.5894824,1.746807
59,29,446,ShoulderLeft,0.6062428,0.3254712,1.681428
59,29,446,ElbowLeft,0.5744917,0.07345938,1.645661
59,29,446,WristLeft,0.6296758,-0.1080399,1.57518
59,29,446,HandLeft,0.6604179,-0.1915974,1.551608
59,29,446,ShoulderRight,0.8004355,0.3213188,1.868813
59,29,446,ElbowRight,0.9020519,0.08437848,1.858613
59,29,446,WristRight,0.9195514,-0.1492276,1.743523
59,29,446,HandRight,0.9173268,-0.2124737,1.71198
59,29,446,HipLeft,0.7376764,-0.153292,1.689353
59,29,446,KneeLeft,0.7557634,-0.420574,1.60053
59,29,446,AnkleLeft,0.7875643,-0.7877908,1.627914
59,29,446,FootLeft,0.8050297,-0.8344961,1.70364
59,29,446,HipRight,0.8314123,-0.1715941,1.766361
59,29,446,KneeRight,0.8511329,-0.5054304,1.816373
59,29,446,AnkleRight,0.7981095,-0.7731535,1.77483
59,29,446,FootRight,0.8204727,-0.8293852,1.647456
59,29,446,SpineShoulder,0.7295078,0.4021922,1.767198
59,29,446,HandTipLeft,0.6824949,-0.2468954,1.511851
59,29,446,ThumbLeft,0.637556,-0.1942252,1.579091
59,29,446,HandTipRight,0.9093799,-0.2884976,1.674269
59,29,446,ThumbRight,0.9592956,-0.1763949,1.720714
59,29,478,SpineBase,0.8079524,-0.1561366,1.752905
59,29,478,SpineMid,0.7685008,0.1719133,1.763334
59,29,478,Neck,0.7251402,0.4875609,1.760771
59,29,478,Head,0.772639,0.5985968,1.742716
59,29,478,ShoulderLeft,0.6116698,0.335233,1.680842
59,29,478,ElbowLeft,0.5798089,0.08551361,1.644931
59,29,478,WristLeft,0.6594895,-0.1439049,1.551427
59,29,478,HandLeft,0.6833077,-0.2127931,1.53064
59,29,478,ShoulderRight,0.8072641,0.3293073,1.865591
59,29,479,ElbowRight,0.9087823,0.09227919,1.855408
59,29,479,WristRight,0.9068044,-0.1429328,1.741581
59,29,479,HandRight,0.9081765,-0.2078501,1.695589
59,29,479,HipLeft,0.744642,-0.1462383,1.685603
59,29,479,KneeLeft,0.7302948,-0.4520095,1.59537
59,29,479,AnkleLeft,0.7621478,-0.8190286,1.621941
59,29,479,FootLeft,0.8359375,-0.8461914,1.582031
59,29,479,HipRight,0.8416469,-0.1596884,1.754349
59,29,479,KneeRight,0.8543712,-0.493986,1.806488
59,29,479,AnkleRight,0.8517038,-0.8571699,1.610982
59,29,479,FootRight,0.8493564,-0.9123303,1.641873
59,29,479,SpineShoulder,0.7366245,0.4103891,1.763494
59,29,479,HandTipLeft,0.705174,-0.2731634,1.525364
59,29,479,ThumbLeft,0.7059348,-0.1803852,1.5465
59,29,479,HandTipRight,0.8935116,-0.278388,1.661125
59,29,479,ThumbRight,0.9238764,-0.2277449,1.6725
59,29,513,SpineBase,0.8095419,-0.1475584,1.746331
59,29,513,SpineMid,0.7724337,0.1776689,1.759498
59,29,513,Neck,0.7315906,0.4916872,1.758871
59,29,513,Head,0.773924,0.6038893,1.740321
59,29,513,ShoulderLeft,0.6155657,0.3421639,1.683322
59,29,513,ElbowLeft,0.5835009,0.09541506,1.645488
59,29,513,WristLeft,0.6514884,-0.09245095,1.560899
59,29,513,HandLeft,0.6827816,-0.1777783,1.53055
59,29,513,ShoulderRight,0.8136916,0.3334229,1.86371
59,29,513,ElbowRight,0.9151387,0.09635443,1.853545
59,29,513,WristRight,0.9078687,-0.1397802,1.741795
59,29,513,HandRight,0.9032311,-0.2068523,1.683743
59,29,513,HipLeft,0.7454226,-0.1416979,1.683715
59,29,513,KneeLeft,0.7308484,-0.4604855,1.595058
59,29,513,AnkleLeft,0.7624499,-0.8274632,1.621505
59,29,513,FootLeft,0.8359375,-0.8454677,1.58179
59,29,513,HipRight,0.8438795,-0.1467232,1.741407
59,29,513,KneeRight,0.7894647,-0.485427,1.776692
59,29,513,AnkleRight,0.851681,-0.8572138,1.61107
59,29,513,FootRight,0.8612323,-0.9162347,1.632818
59,29,513,SpineShoulder,0.7423703,0.4148365,1.761143
59,29,513,HandTipLeft,0.7064048,-0.2358598,1.502917
59,29,513,ThumbLeft,0.661396,-0.1873301,1.557
59,29,513,HandTipRight,0.8943195,-0.2770609,1.653147
59,29,513,ThumbRight,0.901994,-0.2773106,1.64475
59,29,545,SpineBase,0.8107163,-0.1448071,1.74049
59,29,545,SpineMid,0.7751843,0.1794446,1.756111
59,29,545,Neck,0.7360013,0.4924881,1.757375
59,29,545,Head,0.773985,0.6078369,1.737545
59,29,545,ShoulderLeft,0.6173549,0.3490705,1.689576
59,29,545,ElbowLeft,0.5869716,0.101935,1.64804
59,29,545,WristLeft,0.6530314,-0.09151705,1.557735
59,29,545,HandLeft,0.6878065,-0.1682634,1.520872
59,29,545,ShoulderRight,0.8180839,0.3342222,1.862222
59,29,545,ElbowRight,0.9194861,0.09714493,1.852066
59,29,545,WristRight,0.9089797,-0.1393696,1.741337
59,29,545,HandRight,0.8974788,-0.2002097,1.676732
59,29,545,HipLeft,0.7454189,-0.1408713,1.683073
59,29,545,KneeLeft,0.7325491,-0.4642738,1.596656
59,29,545,AnkleLeft,0.7640336,-0.8312317,1.623055
59,29,545,FootLeft,0.8403963,-0.8120062,1.573645
59,29,545,HipRight,0.8470303,-0.1423712,1.727844
59,29,545,KneeRight,0.7980282,-0.4801294,1.770049
59,29,545,AnkleRight,0.9550187,-0.7946907,1.749213
59,29,545,FootRight,0.8735459,-0.8327488,1.627633
59,29,545,SpineShoulder,0.7463226,0.415879,1.7592
59,29,545,HandTipLeft,0.7165472,-0.2291665,1.499495
59,29,545,ThumbLeft,0.6667769,-0.1594724,1.562
59,29,545,HandTipRight,0.884035,-0.2720296,1.650545
59,29,545,ThumbRight,0.8924595,-0.2602868,1.62975
59,29,580,SpineBase,0.8114846,-0.142087,1.736863
59,29,580,SpineMid,0.7779857,0.1800566,1.753937
59,29,580,Neck,0.7427872,0.4903531,1.756446
59,29,580,Head,0.7738899,0.609582,1.736219
59,29,580,ShoulderLeft,0.6195262,0.3574681,1.704824
59,29,580,ElbowLeft,0.5913659,0.1133865,1.658575
59,29,580,WristLeft,0.65473,-0.09029391,1.555807
59,29,580,HandLeft,0.6921529,-0.1640487,1.51517
59,29,580,ShoulderRight,0.9135603,0.3585586,1.795048
59,29,580,ElbowRight,1.081193,0.1722992,1.824006
59,29,580,WristRight,0.9744214,-0.04905771,1.731499
59,29,580,HandRight,0.925146,-0.1270626,1.685456
59,29,580,HipLeft,0.7423865,-0.1393373,1.684047
59,29,580,KneeLeft,0.7374418,-0.4647731,1.600375
59,29,580,AnkleLeft,0.8437561,-0.8178527,1.606678
59,29,580,FootLeft,0.7807617,-0.6982422,1.569336
59,29,580,HipRight,0.8557268,-0.1360727,1.714875
59,29,580,KneeRight,0.8088663,-0.4726057,1.76348
59,29,580,AnkleRight,1.010783,-0.6445843,1.697664
59,29,580,FootRight,0.9430434,-0.7477489,1.663116
59,29,580,SpineShoulder,0.7518785,0.4146467,1.757847
59,29,580,HandTipLeft,0.7209487,-0.2259677,1.495447
59,29,580,ThumbLeft,0.6683275,-0.196381,1.501975
59,29,580,HandTipRight,0.8820298,-0.1870509,1.663904
59,29,580,ThumbRight,0.9134985,-0.1601841,1.66675
59,29,613,SpineBase,0.812698,-0.1407053,1.735129
59,29,613,SpineMid,0.7817867,0.1799105,1.752727
59,29,613,Neck,0.750705,0.487129,1.75699
59,29,613,Head,0.7738141,0.6101954,1.735975
59,29,613,ShoulderLeft,0.6194491,0.3572899,1.704942
59,29,613,ElbowLeft,0.5990931,0.1136856,1.67248
59,29,613,WristLeft,0.6558994,-0.09014452,1.554808
59,29,613,HandLeft,0.6907211,-0.157846,1.51034
59,29,613,ShoulderRight,0.9166185,0.3574967,1.793459
59,29,613,ElbowRight,1.085449,0.1700704,1.812119
59,29,613,WristRight,0.9727682,-0.05102635,1.726501
59,29,613,HandRight,0.9237262,-0.1278676,1.680473
59,29,613,HipLeft,0.7414089,-0.1388502,1.684886
59,29,613,KneeLeft,0.7419334,-0.4592564,1.604793
59,29,613,AnkleLeft,0.8455317,-0.8076683,1.603464
59,29,613,FootLeft,0.7752664,-0.7212986,1.559145
59,29,613,HipRight,0.8593519,-0.1341708,1.711383
59,29,613,KneeRight,0.8178419,-0.4708082,1.761256
59,29,613,AnkleRight,1.014829,-0.6483269,1.695187
59,29,613,FootRight,0.9672839,-0.7477047,1.716858
59,29,613,SpineShoulder,0.7588447,0.4122892,1.75782
59,29,613,HandTipLeft,0.7197232,-0.2151832,1.480909
59,29,613,ThumbLeft,0.6697127,-0.176629,1.483381
59,29,613,HandTipRight,0.8766358,-0.1901638,1.658808
59,29,613,ThumbRight,0.9315941,-0.1641207,1.652423
59,29,648,SpineBase,0.8130708,-0.1396677,1.735158
59,29,648,SpineMid,0.7858627,0.1793165,1.752698
59,29,648,Neck,0.7610956,0.4823008,1.757329
59,29,648,Head,0.7733853,0.6101711,1.735635
59,29,648,ShoulderLeft,0.6201487,0.359565,1.744962
59,29,648,ElbowLeft,0.6124279,0.1315371,1.714273
59,29,648,WristLeft,0.6539521,-0.07911616,1.562847
59,29,648,HandLeft,0.6817698,-0.1528943,1.512964
59,29,648,ShoulderRight,0.9259239,0.3586305,1.789693
59,29,648,ElbowRight,1.085795,0.1601292,1.786698
59,29,648,WristRight,0.8825803,0.001359336,1.735354
59,29,649,HandRight,0.8168019,-0.05131907,1.721562
59,29,649,HipLeft,0.7387881,-0.1373392,1.69083
59,29,649,KneeLeft,0.7447871,-0.4563242,1.606717
59,29,649,AnkleLeft,0.8473499,-0.8110227,1.605638
59,29,649,FootLeft,0.7768555,-0.6875,1.5625
59,29,649,HipRight,0.8608271,-0.1326375,1.70984
59,29,649,KneeRight,0.8190532,-0.4691534,1.760278
59,29,649,AnkleRight,1.018155,-0.6445405,1.695132
59,29,649,FootRight,0.9734126,-0.746506,1.712687
59,29,649,SpineShoulder,0.7677074,0.4086195,1.758104
59,29,649,HandTipLeft,0.7089947,-0.2073028,1.472722
59,29,649,ThumbLeft,0.6640015,-0.1753986,1.475098
59,29,649,HandTipRight,0.7702264,-0.1140104,1.699618
59,29,649,ThumbRight,0.8258778,-0.08848988,1.692846
59,29,679,SpineBase,0.8140798,-0.1386176,1.736157
59,29,679,SpineMid,0.79026,0.1776948,1.753155
59,29,679,Neck,0.7678391,0.4772704,1.756684
59,29,679,Head,0.7712919,0.6086257,1.735356
59,29,679,ShoulderLeft,0.6221716,0.3590731,1.755151
59,29,679,ElbowLeft,0.616847,0.1333613,1.726306
59,29,679,WristLeft,0.6539066,-0.07631142,1.57219
59,29,679,HandLeft,0.672924,-0.1533563,1.52412
59,29,679,ShoulderRight,0.9332619,0.3589903,1.779557
59,29,679,ElbowRight,0.9909312,0.1061524,1.76642
59,29,679,WristRight,0.8143806,-0.03530601,1.724035
59,29,679,HandRight,0.7552976,-0.04700511,1.632546
59,29,679,HipLeft,0.7379066,-0.1370947,1.698485
59,29,679,KneeLeft,0.7477564,-0.4461904,1.611742
59,29,679,AnkleLeft,0.8443713,-0.7881959,1.589814
59,29,679,FootLeft,0.7788085,-0.6857097,1.557617
59,29,679,HipRight,0.8628895,-0.1312063,1.708952
59,29,679,KneeRight,0.8214924,-0.467427,1.760723
59,29,679,AnkleRight,0.9808522,-0.767904,1.743296
59,29,679,FootRight,0.8911685,-0.8012271,1.624966
59,29,679,SpineShoulder,0.7740816,0.4043406,1.757831
59,29,679,HandTipLeft,0.6921172,-0.2068855,1.472704
59,29,679,ThumbLeft,0.6544245,-0.1760952,1.538083
59,29,679,HandTipRight,0.7368732,-0.06795135,1.625796
59,29,680,ThumbRight,0.7616155,-0.1020188,1.598333
59,29,714,SpineBase,0.8155409,-0.1371872,1.740963
59,29,714,SpineMid,0.7943633,0.17558,1.755637
59,29,714,Neck,0.7735459,0.472408,1.757443
59,29,715,Head,0.7668942,0.6040737,1.736133
59,29,715,ShoulderLeft,0.623716,0.3577253,1.764166
59,29,715,ElbowLeft,0.6249364,0.1322728,1.747139
59,29,715,WristLeft,0.6516882,-0.08349939,1.599657
59,29,715,HandLeft,0.6591821,-0.157131,1.548858
59,29,715,ShoulderRight,0.9362754,0.3588379,1.769477
59,29,715,ElbowRight,0.9923321,0.1057433,1.763528
59,29,715,WristRight,0.8191794,-0.02605436,1.72492
59,29,715,HandRight,0.7598365,-0.0383496,1.641314
59,29,715,HipLeft,0.7364227,-0.1372329,1.714523
59,29,715,KneeLeft,0.7532897,-0.4313551,1.616547
59,29,715,AnkleLeft,0.8489213,-0.7885892,1.604977
59,29,715,FootLeft,0.7843146,-0.6852815,1.553213
59,29,715,HipRight,0.8645989,-0.1301894,1.709246
59,29,715,KneeRight,0.825147,-0.4653302,1.765364
59,29,715,AnkleRight,1.009128,-0.6577402,1.704278
59,29,715,FootRight,0.9219915,-0.7362282,1.624087
59,29,715,SpineShoulder,0.7794275,0.4001116,1.75909
59,29,715,HandTipLeft,0.6604968,-0.2103705,1.490865
59,29,715,ThumbLeft,0.6330541,-0.1825412,1.49606
59,29,715,HandTipRight,0.6920395,-0.08050185,1.660092
59,29,715,ThumbRight,0.7776324,-0.09443453,1.603305
59,29,745,SpineBase,0.8180925,-0.136807,1.748284
59,29,745,SpineMid,0.7971944,0.1735836,1.758282
59,29,745,Neck,0.7754796,0.469817,1.757512
59,29,745,Head,0.7609865,0.5983535,1.737188
59,29,745,ShoulderLeft,0.6262632,0.3532145,1.788451
59,29,745,ElbowLeft,0.6349843,0.1197459,1.761538
59,29,745,WristLeft,0.6382665,-0.1086728,1.632527
59,29,745,HandLeft,0.64414,-0.1729888,1.574012
59,29,745,ShoulderRight,0.9335697,0.354114,1.757215
59,29,745,ElbowRight,0.9960521,0.1032618,1.759854
59,29,745,WristRight,0.825392,-0.02251093,1.722673
59,29,745,HandRight,0.7584093,-0.04546094,1.657388
59,29,745,HipLeft,0.7381002,-0.1385642,1.726358
59,29,746,KneeLeft,0.7599548,-0.4220425,1.620702
59,29,746,AnkleLeft,0.846207,-0.748759,1.592977
59,29,746,FootLeft,0.7722907,-0.6666801,1.545509
59,29,746,HipRight,0.8666955,-0.1295733,1.710681
59,29,746,KneeRight,0.8315462,-0.4618211,1.77703
59,29,746,AnkleRight,1.010821,-0.6573693,1.710694
59,29,746,FootRight,0.92882,-0.7397452,1.630591
59,29,746,SpineShoulder,0.7815461,0.3976368,1.7597
59,29,746,HandTipLeft,0.6400807,-0.227145,1.525197
59,29,746,ThumbLeft,0.6096694,-0.187087,1.528647
59,29,746,HandTipRight,0.6966993,-0.1128556,1.66556
59,29,746,ThumbRight,0.7949382,-0.1105586,1.621
59,29,780,SpineBase,0.8190762,-0.1362587,1.754897
59,29,780,SpineMid,0.7976562,0.1724494,1.760143
59,29,780,Neck,0.7750445,0.467896,1.757183
59,29,780,Head,0.7523653,0.5931659,1.739313
59,29,780,ShoulderLeft,0.6243827,0.351358,1.796848
59,29,780,ElbowLeft,0.6298969,0.1084712,1.776668
59,29,780,WristLeft,0.6288052,-0.1185382,1.657937
59,29,780,HandLeft,0.628862,-0.188139,1.606466
59,29,780,ShoulderRight,0.9296123,0.3526483,1.75143
59,29,780,ElbowRight,0.9994787,0.1039377,1.752973
59,29,780,WristRight,1.0059,-0.1358792,1.650733
59,29,780,HandRight,0.9853529,-0.2128072,1.606275
59,29,780,HipLeft,0.7383206,-0.1391054,1.735663
59,29,780,KneeLeft,0.7624653,-0.4115406,1.628479
59,29,780,AnkleLeft,0.8455955,-0.7455128,1.596274
59,29,780,FootLeft,0.7830955,-0.616567,1.56616
59,29,780,HipRight,0.8680902,-0.1287067,1.712806
59,29,780,KneeRight,0.8337566,-0.4586955,1.78608
59,29,780,AnkleRight,1.007533,-0.6565159,1.710204
59,29,780,FootRight,0.9418863,-0.7582429,1.658652
59,29,780,SpineShoulder,0.781387,0.3960775,1.75988
59,29,780,HandTipLeft,0.620381,-0.2432747,1.564861
59,29,780,ThumbLeft,0.5939739,-0.1884497,1.56375
59,29,780,HandTipRight,0.9820392,-0.2776936,1.581686
59,29,780,ThumbRight,0.9748928,-0.2230833,1.558333
