02,02,679,SpineBase,-1.655957,-0.2138163,2.95271
02,02,679,SpineMid,-1.629944,0.1125946,2.944395
02,02,679,Neck,-1.597725,0.4326267,2.924474
02,02,679,Head,-1.549821,0.5414498,2.942185
02,02,679,ShoulderLeft,-1.640193,0.3061942,2.812246
02,02,679,ElbowLeft,-1.699131,0.1040876,2.752227
02,02,679,WristLeft,-1.634154,-0.1353997,2.720927
02,02,679,HandLeft,-1.635524,-0.2144199,2.744538
02,02,679,ShoulderRight,-1.537727,0.2616162,3.011339
02,02,679,ElbowRight,-1.588993,0.04368817,3.120909
02,02,679,WristRight,-1.619033,-0.1980733,3.189041
02,02,679,HandRight,-1.622181,-0.2624877,3.198534
02,02,679,HipLeft,-1.667763,-0.2019851,2.871464
02,02,679,KneeLeft,-1.685296,-0.4808276,2.790662
02,02,679,AnkleLeft,-1.774451,-0.809296,2.921303
02,02,679,FootLeft,-1.669959,-0.8520779,2.848634
02,02,679,HipRight,-1.608297,-0.2208847,2.97001
02,02,679,KneeRight,-1.636035,-0.5387015,3.01918
02,02,679,AnkleRight,-1.763152,-0.7967326,3.006997
02,02,679,FootRight,-1.659085,-0.8397809,2.934002
02,02,679,SpineShoulder,-1.606883,0.3535216,2.931526
02,02,679,HandTipLeft,-1.597288,-0.281499,2.717638
02,02,679,ThumbLeft,-1.684829,-0.2382752,2.707786
02,02,679,HandTipRight,-1.622227,-0.3175682,3.202225
02,02,679,ThumbRight,-1.610381,-0.2478812,3.185665
02,02,714,SpineBase,-1.649179,-0.2157637,2.949064
02,02,714,SpineMid,-1.622175,0.1115038,2.939232
02,02,714,Neck,-1.58923,0.4323904,2.917896
02,02,714,Head,-1.538181,0.5400801,2.934749
02,02,714,ShoulderLeft,-1.633631,0.3047131,2.805803
02,02,714,ElbowLeft,-1.689102,0.05595529,2.754583
02,02,714,WristLeft,-1.63369,-0.1350865,2.71935
02,02,714,HandLeft,-1.624926,-0.2122774,2.727694
02,02,714,ShoulderRight,-1.534249,0.2617631,3.013699
02,02,714,ElbowRight,-1.585526,0.04383757,3.123261
02,02,714,WristRight,-1.615527,-0.1979137,3.191432
02,02,714,HandRight,-1.618676,-0.2623282,3.200924
02,02,714,HipLeft,-1.659495,-0.2034668,2.867821
02,02,714,KneeLeft,-1.678554,-0.4860519,2.782617
02,02,714,AnkleLeft,-1.771789,-0.809552,2.891109
02,02,714,FootLeft,-1.666071,-0.8524826,2.821096
02,02,714,HipRight,-1.603438,-0.223138,2.966964
02,02,714,KneeRight,-1.62177,-0.5354232,3.010065
02,02,714,AnkleRight,-1.760788,-0.7961084,3.006366
02,02,714,FootRight,-1.655616,-0.8393714,2.935936
02,02,714,SpineShoulder,-1.598544,0.3530818,2.92529
02,02,714,HandTipLeft,-1.592265,-0.2801286,2.705994
02,02,714,ThumbLeft,-1.651035,-0.2243393,2.702647
02,02,715,HandTipRight,-1.618733,-0.3174092,3.204609
02,02,715,ThumbRight,-1.606901,-0.247723,3.188042
02,02,744,SpineBase,-1.632226,-0.2168138,2.939483
02,02,744,SpineMid,-1.607566,0.1078344,2.92711
02,02,744,Neck,-1.576625,0.4257011,2.902977
02,02,744,Head,-1.523449,0.5360221,2.921948
02,02,744,ShoulderLeft,-1.622885,0.3021439,2.792893
02,02,744,ElbowLeft,-1.678429,0.05277954,2.746166
02,02,744,WristLeft,-1.620612,-0.1308418,2.693958
02,02,744,HandLeft,-1.618114,-0.2113065,2.721656
02,02,744,ShoulderRight,-1.523787,0.2664408,3.009879
02,02,744,ElbowRight,-1.5751,0.04848474,3.119426
02,02,744,WristRight,-1.605091,-0.1932811,3.187605
02,02,744,HandRight,-1.60824,-0.2576968,3.197097
02,02,744,HipLeft,-1.640951,-0.2047291,2.856392
02,02,744,KneeLeft,-1.674976,-0.4859328,2.777509
02,02,744,AnkleLeft,-1.774989,-0.8165841,2.883516
02,02,744,FootLeft,-1.765857,-0.8724712,2.921396
02,02,745,HipRight,-1.588686,-0.2241237,2.959485
02,02,745,KneeRight,-1.597074,-0.5388494,2.975159
02,02,745,AnkleRight,-1.731999,-0.7903413,3.006296
02,02,745,FootRight,-1.626249,-0.8335611,2.937391
02,02,745,SpineShoulder,-1.585466,0.3472036,2.911119
02,02,745,HandTipLeft,-1.583353,-0.2862916,2.693254
02,02,745,ThumbLeft,-1.674398,-0.2328026,2.695905
02,02,745,HandTipRight,-1.608315,-0.3127896,3.200772
02,02,745,ThumbRight,-1.596507,-0.2431176,3.184191
02,02,778,SpineBase,-1.621004,-0.2179766,2.934476
02,02,778,SpineMid,-1.59339,0.1041668,2.917457
02,02,778,Neck,-1.559598,0.4188925,2.887904
02,02,778,Head,-1.515426,0.5335222,2.911484
02,02,778,ShoulderLeft,-1.610737,0.2941971,2.779842
02,02,778,ElbowLeft,-1.669769,0.07331777,2.713498
02,02,778,WristLeft,-1.602327,-0.1581313,2.67316
02,02,778,HandLeft,-1.607608,-0.2396019,2.703595
02,02,778,ShoulderRight,-1.514684,0.2768283,3.018769
02,02,778,ElbowRight,-1.54822,0.03671251,3.090258
02,02,778,WristRight,-1.570924,-0.210641,3.142606
02,02,778,HandRight,-1.574073,-0.2750623,3.152096
02,02,778,HipLeft,-1.625794,-0.2078777,2.848375
02,02,778,KneeLeft,-1.673344,-0.4948089,2.772357
02,02,778,AnkleLeft,-1.774133,-0.8238544,2.8824
02,02,778,FootLeft,-1.762901,-0.8754217,2.924348
02,02,778,HipRight,-1.580778,-0.2238872,2.956818
02,02,778,KneeRight,-1.561766,-0.5224044,2.933387
02,02,778,AnkleRight,-1.699261,-0.7827905,2.987509
02,02,778,FootRight,-1.592229,-0.826647,2.922877
02,02,778,SpineShoulder,-1.569126,0.3412195,2.897444
02,02,778,HandTipLeft,-1.563689,-0.3130647,2.672611
02,02,778,ThumbLeft,-1.662889,-0.2515931,2.681192
02,02,779,HandTipRight,-1.574176,-0.330097,3.155761
02,02,779,ThumbRight,-1.562405,-0.2603432,3.139169
02,02,811,SpineBase,-1.608599,-0.2223783,2.920363
02,02,811,SpineMid,-1.577268,0.09865594,2.902498
02,02,812,Neck,-1.540353,0.4129228,2.87358
02,02,812,Head,-1.495475,0.5259677,2.896985
02,02,812,ShoulderLeft,-1.596679,0.2882687,2.769145
02,02,812,ElbowLeft,-1.664456,0.07286538,2.708212
02,02,812,WristLeft,-1.593853,-0.1724087,2.66684
02,02,812,HandLeft,-1.595198,-0.2519956,2.685485
02,02,812,ShoulderRight,-1.494559,0.2651885,3.005163
02,02,812,ElbowRight,-1.535102,0.02818889,3.081126
02,02,812,WristRight,-1.475831,-0.218673,3.024579
02,02,812,HandRight,-1.467604,-0.2752334,3.015533
02,02,812,HipLeft,-1.616099,-0.2136644,2.834289
02,02,812,KneeLeft,-1.669944,-0.4992701,2.77023
02,02,812,AnkleLeft,-1.774649,-0.829365,2.882446
02,02,812,FootLeft,-1.667885,-0.8730731,2.816092
02,02,812,HipRight,-1.566291,-0.226325,2.943433
02,02,812,KneeRight,-1.52608,-0.5210456,2.900882
02,02,812,AnkleRight,-1.673494,-0.7804079,2.968171
02,02,812,FootRight,-1.567801,-0.8246332,2.901043
02,02,812,SpineShoulder,-1.550624,0.3353049,2.88285
02,02,812,HandTipLeft,-1.553369,-0.3256841,2.654462
02,02,812,ThumbLeft,-1.656505,-0.2637851,2.670879
02,02,812,HandTipRight,-1.451194,-0.3401552,2.992539
02,02,812,ThumbRight,-1.456784,-0.2581632,3.020867
02,02,845,SpineBase,-1.598041,-0.2229584,2.911219
02,02,845,SpineMid,-1.563802,0.09686548,2.893064
02,02,845,Neck,-1.52344,0.409793,2.863685
02,02,845,Head,-1.47096,0.5237616,2.879887
02,02,845,ShoulderLeft,-1.578126,0.2854127,2.756767
02,02,845,ElbowLeft,-1.646566,0.08518875,2.687359
02,02,846,WristLeft,-1.585591,-0.1372552,2.638395
02,02,846,HandLeft,-1.588198,-0.1969419,2.662987
02,02,846,ShoulderRight,-1.477144,0.2715514,2.995734
02,02,846,ElbowRight,-1.515263,0.03313884,3.069476
02,02,846,WristRight,-1.463512,-0.2167862,3.021873
02,02,846,HandRight,-1.44589,-0.2789899,3.013369
02,02,846,HipLeft,-1.606481,-0.2159679,2.827024
02,02,846,KneeLeft,-1.6629,-0.5038031,2.765965
02,02,846,AnkleLeft,-1.770854,-0.8317996,2.882917
02,02,846,FootLeft,-1.663976,-0.8759106,2.817517
02,02,846,HipRight,-1.554765,-0.2248725,2.932032
02,02,846,KneeRight,-1.49486,-0.5180963,2.880193
02,02,846,AnkleRight,-1.631344,-0.7890338,2.938097
02,02,846,FootRight,-1.525719,-0.8335019,2.871865
02,02,846,SpineShoulder,-1.534622,0.3325233,2.873081
02,02,846,HandTipLeft,-1.552533,-0.2718399,2.622555
02,02,846,ThumbLeft,-1.637119,-0.2122528,2.665286
02,02,846,HandTipRight,-1.427518,-0.3405785,2.996912
02,02,846,ThumbRight,-1.428962,-0.2682067,3.016084
02,02,876,SpineBase,-1.574996,-0.2231835,2.899932
02,02,876,SpineMid,-1.53955,0.09617198,2.880047
02,02,876,Neck,-1.498701,0.4088076,2.848991
02,02,876,Head,-1.450053,0.5244234,2.869279
02,02,876,ShoulderLeft,-1.560272,0.2851562,2.743665
02,02,876,ElbowLeft,-1.631773,0.08081902,2.675759
02,02,876,WristLeft,-1.575019,-0.1690194,2.631248
02,02,876,HandLeft,-1.577087,-0.227685,2.656106
02,02,876,ShoulderRight,-1.455556,0.2668332,2.98684
02,02,876,ElbowRight,-1.494657,0.02895799,3.06144
02,02,876,WristRight,-1.430062,-0.2201027,3.02985
02,02,876,HandRight,-1.417685,-0.2851407,3.017194
02,02,876,HipLeft,-1.584651,-0.2168304,2.815624
02,02,876,KneeLeft,-1.647736,-0.5024855,2.755483
02,02,876,AnkleLeft,-1.76887,-0.8231204,2.878338
02,02,876,FootLeft,-1.66238,-0.8675085,2.812247
02,02,876,HipRight,-1.531223,-0.224586,2.921106
02,02,877,KneeRight,-1.445616,-0.5177067,2.865469
02,02,877,AnkleRight,-1.575851,-0.7963131,2.905013
02,02,877,FootRight,-1.470946,-0.840788,2.837982
02,02,877,SpineShoulder,-1.509931,0.3315951,2.8588
02,02,877,HandTipLeft,-1.538186,-0.2968481,2.605288
02,02,877,ThumbLeft,-1.632453,-0.2414958,2.660764
02,02,877,HandTipRight,-1.402006,-0.3412973,3.003872
02,02,877,ThumbRight,-1.395996,-0.3103074,3.00725
02,02,913,SpineBase,-1.550405,-0.2217609,2.89247
02,02,913,SpineMid,-1.513999,0.09660253,2.869457
02,02,913,Neck,-1.471797,0.4082186,2.834797
02,02,913,Head,-1.418854,0.5250351,2.850291
02,02,913,ShoulderLeft,-1.531715,0.2827628,2.721527
02,02,913,ElbowLeft,-1.607342,0.07470912,2.663205
02,02,913,WristLeft,-1.566725,-0.1787303,2.625584
02,02,913,HandLeft,-1.553959,-0.2985961,2.612267
02,02,913,ShoulderRight,-1.429088,0.2812273,2.977558
02,02,913,ElbowRight,-1.437458,0.02658741,3.007524
02,02,913,WristRight,-1.411005,-0.2283881,3.020325
02,02,913,HandRight,-1.393106,-0.2945418,3.017954
02,02,913,HipLeft,-1.557968,-0.2176925,2.809367
02,02,914,KneeLeft,-1.623815,-0.4991584,2.757689
02,02,914,AnkleLeft,-1.761085,-0.7902685,2.861147
02,02,914,FootLeft,-1.653665,-0.8352939,2.797741
02,02,914,HipRight,-1.508486,-0.2210391,2.912188
02,02,914,KneeRight,-1.411645,-0.5096608,2.852172
02,02,914,AnkleRight,-1.48343,-0.7826748,2.874084
02,02,914,FootRight,-1.378274,-0.8274814,2.80946
02,02,914,SpineShoulder,-1.483398,0.3312692,2.845563
02,02,914,HandTipLeft,-1.543832,-0.3609355,2.613198
02,02,914,ThumbLeft,-1.555415,-0.2667583,2.69
02,02,914,HandTipRight,-1.378435,-0.3498741,3.011182
02,02,914,ThumbRight,-1.370619,-0.3189122,3.01175
02,02,945,SpineBase,-1.516575,-0.2262602,2.876733
02,02,945,SpineMid,-1.480748,0.09411344,2.854054
02,02,945,Neck,-1.439736,0.4077127,2.820102
02,02,945,Head,-1.395638,0.5217237,2.837394
02,02,945,ShoulderLeft,-1.501804,0.2806798,2.710811
02,02,946,ElbowLeft,-1.576777,0.08340412,2.642641
02,02,946,WristLeft,-1.549826,-0.1714795,2.60401
02,02,946,HandLeft,-1.5421,-0.3055152,2.58917
02,02,946,ShoulderRight,-1.392582,0.2655137,2.941992
02,02,946,ElbowRight,-1.422229,0.01903608,2.996477
02,02,946,WristRight,-1.390259,-0.2345647,3.016923
02,02,946,HandRight,-1.366424,-0.3121537,3.015298
02,02,946,HipLeft,-1.527067,-0.2223316,2.78951
02,02,946,KneeLeft,-1.606594,-0.5006317,2.756027
02,02,946,AnkleLeft,-1.761823,-0.7918406,2.860773
02,02,946,FootLeft,-1.656707,-0.8366836,2.791645
02,02,946,HipRight,-1.472299,-0.2252243,2.900334
02,02,946,KneeRight,-1.355917,-0.4970705,2.828792
02,02,946,AnkleRight,-1.408696,-0.8025715,2.837135
02,02,946,FootRight,-1.306365,-0.8468452,2.766621
02,02,946,SpineShoulder,-1.450975,0.3302757,2.830653
02,02,946,HandTipLeft,-1.540782,-0.374623,2.603678
02,02,946,ThumbLeft,-1.54437,-0.2929838,2.668875
02,02,946,HandTipRight,-1.354666,-0.3754974,3.017313
02,02,946,ThumbRight,-1.35429,-0.3261986,3.013077
02,02,977,SpineBase,-1.483483,-0.2328223,2.864089
02,02,977,SpineMid,-1.447446,0.08897522,2.83904
02,02,977,Neck,-1.405783,0.4039927,2.802379
02,02,977,Head,-1.364096,0.5166336,2.823997
02,02,977,ShoulderLeft,-1.47372,0.2771248,2.696293
02,02,977,ElbowLeft,-1.551686,0.05265981,2.631073
02,02,977,WristLeft,-1.537111,-0.2027426,2.591509
02,02,977,HandLeft,-1.532213,-0.2883494,2.587528
02,02,977,ShoulderRight,-1.371355,0.2540142,2.939423
02,02,977,ElbowRight,-1.40042,0.009190347,2.999443
02,02,977,WristRight,-1.373544,-0.224841,3.023909
02,02,977,HandRight,-1.34611,-0.3021205,3.017636
02,02,977,HipLeft,-1.493917,-0.227337,2.77945
02,02,977,KneeLeft,-1.583804,-0.5064802,2.76644
02,02,977,AnkleLeft,-1.759049,-0.7860428,2.858781
02,02,977,FootLeft,-1.652483,-0.8311551,2.793291
02,02,977,HipRight,-1.440018,-0.2331604,2.884861
02,02,977,KneeRight,-1.317371,-0.4901592,2.81478
02,02,977,AnkleRight,-1.325045,-0.8274128,2.80412
02,02,977,FootRight,-1.221902,-0.8714797,2.737073
02,02,977,SpineShoulder,-1.417218,0.3262003,2.813643
02,02,977,HandTipLeft,-1.535135,-0.3558867,2.564121
02,02,977,ThumbLeft,-1.532086,-0.2741933,2.66265
02,02,977,HandTipRight,-1.328041,-0.3678657,3.022317
02,02,977,ThumbRight,-1.330209,-0.3585862,3.01325
02,03,013,SpineBase,-1.452146,-0.2445169,2.852781
02,03,013,SpineMid,-1.414228,0.07802714,2.823562
02,03,014,Neck,-1.370942,0.3938819,2.782537
02,03,014,Head,-1.325973,0.5089744,2.806546
02,03,014,ShoulderLeft,-1.442616,0.2665207,2.681732
02,03,014,ElbowLeft,-1.526631,0.03814054,2.621077
02,03,014,WristLeft,-1.521446,-0.2168288,2.577152
02,03,014,HandLeft,-1.520002,-0.299683,2.574724
02,03,014,ShoulderRight,-1.333598,0.242316,2.918178
02,03,014,ElbowRight,-1.365131,5.934565E-05,2.984641
02,03,014,WristRight,-1.329183,-0.2532332,3.003244
02,03,014,HandRight,-1.324622,-0.2946177,3.013757
02,03,014,HipLeft,-1.461364,-0.2388305,2.769379
02,03,014,KneeLeft,-1.576636,-0.5076718,2.771494
02,03,014,AnkleLeft,-1.754642,-0.7834083,2.855541
02,03,014,FootLeft,-1.649672,-0.8290126,2.787045
02,03,014,HipRight,-1.410313,-0.244734,2.872182
02,03,014,KneeRight,-1.277587,-0.4959511,2.801093
02,03,014,AnkleRight,-1.241376,-0.8349909,2.773098
02,03,014,FootRight,-1.140474,-0.879282,2.70283
02,03,014,SpineShoulder,-1.382746,0.315875,2.794908
02,03,014,HandTipLeft,-1.52228,-0.3673266,2.544954
02,03,014,ThumbLeft,-1.516144,-0.2869638,2.649167
02,03,014,HandTipRight,-1.297018,-0.3567702,2.998267
02,03,014,ThumbRight,-1.31427,-0.2921123,3.002813
02,03,045,SpineBase,-1.428313,-0.2526759,2.840111
02,03,045,SpineMid,-1.387554,0.07071133,2.810017
02,03,045,Neck,-1.341508,0.3874255,2.768324
02,03,045,Head,-1.300175,0.5060467,2.796997
02,03,045,ShoulderLeft,-1.411807,0.2621887,2.67189
02,03,045,ElbowLeft,-1.496594,0.03823522,2.609543
02,03,045,WristLeft,-1.502852,-0.2168869,2.568911
02,03,045,HandLeft,-1.505357,-0.2988011,2.558106
02,03,045,ShoulderRight,-1.295007,0.2376,2.876027
02,03,045,ElbowRight,-1.334306,0.005962281,2.965185
02,03,045,WristRight,-1.322826,-0.2066609,3.007585
02,03,045,HandRight,-1.313047,-0.2496118,3.009265
02,03,045,HipLeft,-1.443027,-0.2447103,2.762409
02,03,045,KneeLeft,-1.561413,-0.5072412,2.772194
02,03,045,AnkleLeft,-1.754805,-0.7877097,2.857909
02,03,046,FootLeft,-1.65396,-0.8336635,2.7818
02,03,046,HipRight,-1.380456,-0.2553693,2.852147
02,03,046,KneeRight,-1.225614,-0.5215803,2.784406
02,03,047,AnkleRight,-1.166557,-0.8109598,2.749954
02,03,047,FootRight,-1.070366,-0.8557426,2.671778
02,03,047,SpineShoulder,-1.353992,0.3092073,2.780848
02,03,047,HandTipLeft,-1.516321,-0.3658659,2.534796
02,03,047,ThumbLeft,-1.501646,-0.2878331,2.639773
02,03,047,HandTipRight,-1.294327,-0.2894004,2.989039
02,03,047,ThumbRight,-1.308464,-0.2267189,3.0004
02,03,077,SpineBase,-1.396728,-0.2636519,2.820163
02,03,077,SpineMid,-1.350403,0.06141298,2.793018
02,03,077,Neck,-1.298071,0.379634,2.754217
02,03,077,Head,-1.253484,0.5029129,2.776403
02,03,077,ShoulderLeft,-1.373831,0.2556654,2.657563
02,03,077,ElbowLeft,-1.469593,0.03928041,2.596858
02,03,077,WristLeft,-1.479764,-0.2154386,2.554461
02,03,077,HandLeft,-1.488145,-0.302467,2.544951
02,03,077,ShoulderRight,-1.265006,0.2275146,2.86997
02,03,077,ElbowRight,-1.29587,-0.009628071,2.950088
02,03,077,WristRight,-1.294417,-0.1954004,2.996657
02,03,077,HandRight,-1.284331,-0.2343728,2.992126
02,03,077,HipLeft,-1.406518,-0.2544388,2.742176
02,03,077,KneeLeft,-1.540043,-0.5151626,2.76594
02,03,077,AnkleLeft,-1.74765,-0.7975569,2.860517
02,03,077,FootLeft,-1.645174,-0.8439733,2.788246
02,03,077,HipRight,-1.355466,-0.2663872,2.834264
02,03,077,KneeRight,-1.184779,-0.5286498,2.768041
02,03,077,AnkleRight,-1.115348,-0.8214453,2.726625
02,03,077,FootRight,-1.03418,-0.9038086,2.658203
02,03,077,SpineShoulder,-1.312179,0.3010499,2.766016
02,03,077,HandTipLeft,-1.495008,-0.362206,2.511536
02,03,077,ThumbLeft,-1.484633,-0.2871523,2.621609
02,03,077,HandTipRight,-1.269191,-0.2795996,3.000085
02,03,077,ThumbRight,-1.282297,-0.2068549,2.9785
02,03,112,SpineBase,-1.356031,-0.2670567,2.799139
02,03,112,SpineMid,-1.313766,0.05942908,2.776999
02,03,112,Neck,-1.266766,0.3788029,2.742778
02,03,113,Head,-1.22301,0.4939094,2.765682
02,03,113,ShoulderLeft,-1.337803,0.2536986,2.646286
02,03,113,ElbowLeft,-1.433542,0.03635848,2.58522
02,03,113,WristLeft,-1.451663,-0.2162663,2.532653
02,03,113,HandLeft,-1.463963,-0.3046362,2.521456
02,03,113,ShoulderRight,-1.215987,0.2234028,2.841277
02,03,113,ElbowRight,-1.25746,-0.003747454,2.938634
02,03,113,WristRight,-1.25221,-0.2016195,2.975053
02,03,113,HandRight,-1.246548,-0.2231991,2.972073
02,03,113,HipLeft,-1.374801,-0.2558789,2.724974
02,03,113,KneeLeft,-1.502928,-0.5240511,2.74723
02,03,113,AnkleLeft,-1.718195,-0.7946548,2.857418
02,03,113,FootLeft,-1.619372,-0.8400481,2.777746
02,03,113,HipRight,-1.307661,-0.2721474,2.809694
02,03,113,KneeRight,-1.154884,-0.5266315,2.751132
02,03,113,AnkleRight,-1.093271,-0.8190092,2.712545
02,03,113,FootRight,-0.9994105,-0.8630738,2.630784
02,03,113,SpineShoulder,-1.27943,0.2999634,2.753493
02,03,113,HandTipLeft,-1.483271,-0.3675844,2.499904
02,03,113,ThumbLeft,-1.456414,-0.2680053,2.601682
02,03,113,HandTipRight,-1.239361,-0.2355404,2.958115
02,03,113,ThumbRight,-1.23756,-0.2207313,2.957
02,03,145,SpineBase,-1.320631,-0.2683945,2.790115
02,03,145,SpineMid,-1.272069,0.05826748,2.766418
02,03,146,Neck,-1.218198,0.3779325,2.730706
02,03,146,Head,-1.17943,0.4981611,2.753594
02,03,146,ShoulderLeft,-1.298659,0.2547022,2.632488
02,03,146,ElbowLeft,-1.404579,0.0299691,2.576288
02,03,146,WristLeft,-1.426863,-0.222022,2.522489
02,03,146,HandLeft,-1.437905,-0.3117163,2.504128
02,03,146,ShoulderRight,-1.172227,0.2313697,2.83601
02,03,146,ElbowRight,-1.202899,-0.008097319,2.910705
02,03,146,WristRight,-1.205069,-0.1960696,2.951189
02,03,146,HandRight,-1.213888,-0.2038651,2.96449
02,03,146,HipLeft,-1.332134,-0.2587039,2.716948
02,03,146,KneeLeft,-1.457255,-0.5412661,2.730123
02,03,146,AnkleLeft,-1.692654,-0.7911543,2.846221
02,03,146,FootLeft,-1.594243,-0.8374386,2.767014
02,03,146,HipRight,-1.276434,-0.2721008,2.798388
02,03,146,KneeRight,-1.123834,-0.5263396,2.733434
02,03,146,AnkleRight,-1.079273,-0.8296443,2.702995
02,03,146,FootRight,-0.9857981,-0.8744618,2.62178
02,03,146,SpineShoulder,-1.232584,0.2990113,2.74178
02,03,146,HandTipLeft,-1.455394,-0.3737481,2.495388
02,03,146,ThumbLeft,-1.425023,-0.2718205,2.582715
02,03,146,HandTipRight,-1.206779,-0.2162631,2.950496
02,03,146,ThumbRight,-1.205079,-0.2015272,2.949334
02,03,178,SpineBase,-1.262457,-0.2655583,2.770961
02,03,179,SpineMid,-1.22068,0.05839389,2.752017
02,03,179,Neck,-1.179222,0.3755537,2.722222
02,03,179,Head,-1.149299,0.4972897,2.7441
02,03,179,ShoulderLeft,-1.252984,0.2577833,2.615993
02,03,179,ElbowLeft,-1.360399,0.0328215,2.564801
02,03,179,WristLeft,-1.389042,-0.2178503,2.507704
02,03,179,HandLeft,-1.404275,-0.3088166,2.494554
02,03,179,ShoulderRight,-1.121027,0.2250998,2.810518
02,03,179,ElbowRight,-1.146332,-0.01892892,2.874908
02,03,179,WristRight,-1.15303,-0.2003292,2.931767
02,03,179,HandRight,-1.120133,-0.2787369,2.908219
02,03,179,HipLeft,-1.284936,-0.2558775,2.695802
02,03,179,KneeLeft,-1.450176,-0.5485868,2.694888
02,03,179,AnkleLeft,-1.671249,-0.7973481,2.836365
02,03,179,FootLeft,-1.574308,-0.8419977,2.753447
02,03,179,HipRight,-1.21025,-0.2689793,2.780813
02,03,179,KneeRight,-1.08005,-0.5253943,2.71102
02,03,179,AnkleRight,-1.071605,-0.8373187,2.699395
02,03,179,FootRight,-0.9795404,-0.8805064,2.614519
02,03,179,SpineShoulder,-1.190053,0.2971841,2.731791
02,03,179,HandTipLeft,-1.423229,-0.3629133,2.474917
02,03,179,ThumbLeft,-1.389341,-0.3216606,2.534
02,03,179,HandTipRight,-1.113226,-0.2908785,2.894164
02,03,179,ThumbRight,-1.111793,-0.275804,2.892926
02,03,212,SpineBase,-1.213179,-0.2533036,2.750881
02,03,212,SpineMid,-1.174209,0.07035436,2.735296
02,03,212,Neck,-1.130706,0.386781,2.707716
02,03,212,Head,-1.098431,0.5100402,2.725285
02,03,212,ShoulderLeft,-1.206288,0.2652491,2.602472
02,03,212,ElbowLeft,-1.320754,0.04372695,2.557343
02,03,212,WristLeft,-1.349735,-0.2077017,2.504243
02,03,212,HandLeft,-1.368561,-0.3120331,2.482836
02,03,212,ShoulderRight,-1.075698,0.2286831,2.803316
02,03,212,ElbowRight,-1.101231,-0.01539927,2.867624
02,03,212,WristRight,-1.108076,-0.1968232,2.924425
02,03,212,HandRight,-1.075174,-0.2752346,2.900877
02,03,212,HipLeft,-1.237351,-0.2426845,2.672843
02,03,212,KneeLeft,-1.398306,-0.5375556,2.67832
02,03,212,AnkleLeft,-1.633323,-0.8122203,2.812671
02,03,212,FootLeft,-1.53547,-0.8564445,2.731226
02,03,212,HipRight,-1.160071,-0.2578727,2.763236
02,03,212,KneeRight,-1.060671,-0.5260638,2.7034
02,03,212,AnkleRight,-1.061191,-0.8371328,2.695739
02,03,212,FootRight,-0.9680902,-0.8801164,2.612365
02,03,212,SpineShoulder,-1.142398,0.3087013,2.71676
02,03,212,HandTipLeft,-1.389479,-0.3841786,2.492735
02,03,212,ThumbLeft,-1.337354,-0.3138146,2.503412
02,03,212,HandTipRight,-1.068386,-0.2873814,2.886777
02,03,212,ThumbRight,-1.067109,-0.2723126,2.885478
02,03,246,SpineBase,-1.165005,-0.2370653,2.738317
02,03,246,SpineMid,-1.129714,0.08322576,2.723664
02,03,246,Neck,-1.090861,0.3961671,2.697234
02,03,246,Head,-1.062077,0.5185325,2.71277
02,03,246,ShoulderLeft,-1.168927,0.2766662,2.588324
02,03,246,ElbowLeft,-1.278025,0.04549344,2.549967
02,03,246,WristLeft,-1.302074,-0.2060631,2.493742
02,03,246,HandLeft,-1.326576,-0.2963576,2.474997
02,03,246,ShoulderRight,-1.025903,0.2431798,2.795387
02,03,246,ElbowRight,-1.049944,-0.0103156,2.825009
02,03,246,WristRight,-1.056844,-0.1975432,2.873355
02,03,246,HandRight,-1.023936,-0.2759671,2.849806
02,03,246,HipLeft,-1.189567,-0.2264933,2.659046
02,03,246,KneeLeft,-1.238388,-0.5013585,2.631574
02,03,246,AnkleLeft,-1.495127,-0.7338887,2.739973
02,03,246,FootLeft,-1.399101,-0.7780411,2.655797
02,03,246,HipRight,-1.112363,-0.2419142,2.751507
02,03,246,KneeRight,-1.025525,-0.522213,2.694972
02,03,246,AnkleRight,-1.037856,-0.8163291,2.692572
02,03,246,FootRight,-0.9460524,-0.8589596,2.606873
02,03,246,SpineShoulder,-1.101421,0.3189315,2.706009
02,03,246,HandTipLeft,-1.342602,-0.3629474,2.46835
02,03,246,ThumbLeft,-1.29586,-0.3167145,2.479223
02,03,246,HandTipRight,-1.017242,-0.2880934,2.835673
02,03,246,ThumbRight,-1.01609,-0.2729952,2.834332
02,03,279,SpineBase,-1.124365,-0.2246549,2.728601
02,03,279,SpineMid,-1.08705,0.09631265,2.708943
02,03,279,Neck,-1.045443,0.4098555,2.676892
02,03,279,Head,-1.01474,0.5331253,2.692777
02,03,279,ShoulderLeft,-1.130994,0.2873537,2.572862
02,03,279,ElbowLeft,-1.2347,0.05527968,2.533727
02,03,279,WristLeft,-1.259339,-0.1979918,2.488045
02,03,279,HandLeft,-1.280006,-0.2804548,2.469902
02,03,279,ShoulderRight,-0.9893085,0.2479642,2.785379
02,03,279,ElbowRight,-1.004824,-0.004865983,2.822962
02,03,279,WristRight,-1.020966,-0.1862069,2.864129
02,03,279,HandRight,-1.017563,-0.201671,2.874387
02,03,279,HipLeft,-1.149866,-0.2146469,2.648164
02,03,279,KneeLeft,-1.159361,-0.4873685,2.608563
02,03,279,AnkleLeft,-1.419554,-0.7200146,2.709869
02,03,279,FootLeft,-1.323662,-0.7648685,2.626682
02,03,279,HipRight,-1.071499,-0.2291797,2.742622
02,03,279,KneeRight,-1.01773,-0.5237136,2.694396
02,03,279,AnkleRight,-1.037739,-0.8230694,2.690771
02,03,279,FootRight,-0.9455584,-0.866331,2.606356
02,03,279,SpineShoulder,-1.056177,0.3326636,2.68691
02,03,279,HandTipLeft,-1.292783,-0.3420648,2.451813
02,03,279,ThumbLeft,-1.245333,-0.303598,2.465875
02,03,279,HandTipRight,-1.014044,-0.205649,2.875393
02,03,279,ThumbRight,-1.009149,-0.200773,2.8615
02,03,313,SpineBase,-1.072261,-0.2029956,2.712063
02,03,313,SpineMid,-1.038595,0.1142366,2.688843
02,03,313,Neck,-1.000848,0.423915,2.653643
02,03,313,Head,-0.9786668,0.5445193,2.679232
02,03,313,ShoulderLeft,-1.088915,0.3041613,2.556399
02,03,313,ElbowLeft,-1.187954,0.0673666,2.52181
02,03,313,WristLeft,-1.206928,-0.1873113,2.481666
02,03,313,HandLeft,-1.226965,-0.2665902,2.465535
02,03,313,ShoulderRight,-0.9392025,0.2774352,2.770374
02,03,313,ElbowRight,-0.9563079,0.02906815,2.825609
02,03,313,WristRight,-0.9669116,-0.1825568,2.859893
02,03,313,HandRight,-0.9671717,-0.2503673,2.858966
02,03,313,HipLeft,-1.098416,-0.1926288,2.628743
02,03,313,KneeLeft,-1.092257,-0.4731458,2.571768
02,03,313,AnkleLeft,-1.329943,-0.7309759,2.669451
02,03,313,FootLeft,-1.23566,-0.7753852,2.58447
02,03,313,HipRight,-1.019723,-0.2083568,2.728544
02,03,313,KneeRight,-0.996827,-0.5242716,2.687417
02,03,313,AnkleRight,-1.036706,-0.8220779,2.690929
02,03,313,FootRight,-0.9454922,-0.8652193,2.604963
02,03,313,SpineShoulder,-1.011043,0.347569,2.664603
02,03,313,HandTipLeft,-1.239489,-0.3349371,2.452335
02,03,313,ThumbLeft,-1.195978,-0.2908969,2.454667
02,03,313,HandTipRight,-0.965308,-0.3144394,2.8354
02,03,313,ThumbRight,-0.9518686,-0.2587244,2.841727
02,03,345,SpineBase,-1.033469,-0.1884673,2.701737
02,03,345,SpineMid,-1.000782,0.1261792,2.674924
02,03,345,Neck,-0.9637205,0.4333338,2.635972
02,03,345,Head,-0.9312287,0.560718,2.655284
02,03,345,ShoulderLeft,-1.051682,0.3164565,2.54009
02,03,345,ElbowLeft,-1.141497,0.07519783,2.510109
02,03,345,WristLeft,-1.15947,-0.1798972,2.472153
02,03,345,HandLeft,-1.182038,-0.266873,2.460335
02,03,345,ShoulderRight,-0.8975843,0.2864097,2.763363
02,03,345,ElbowRight,-0.9105535,0.03529512,2.810319
02,03,345,WristRight,-0.9064917,-0.2166574,2.830695
02,03,345,HandRight,-0.9139722,-0.2995007,2.827629
02,03,345,HipLeft,-1.060482,-0.1772752,2.616543
02,03,345,KneeLeft,-1.033981,-0.4879378,2.538766
02,03,345,AnkleLeft,-1.236255,-0.7747079,2.637135
02,03,345,FootLeft,-1.142594,-0.818698,2.552461
02,03,345,HipRight,-0.9807307,-0.1949316,2.719744
02,03,345,KneeRight,-0.9559021,-0.5167309,2.673289
02,03,345,AnkleRight,-1.036559,-0.8220471,2.691117
02,03,345,FootRight,-0.945165,-0.8654373,2.605656
02,03,345,SpineShoulder,-0.9737593,0.3576239,2.647893
02,03,345,HandTipLeft,-1.196015,-0.3308558,2.460617
02,03,345,ThumbLeft,-1.146455,-0.2798658,2.452474
02,03,345,HandTipRight,-0.9249449,-0.3599229,2.829428
02,03,345,ThumbRight,-0.9168761,-0.3597576,2.828
02,03,379,SpineBase,-0.9953337,-0.1825438,2.678977
02,03,379,SpineMid,-0.9619918,0.1336533,2.655654
02,03,379,Neck,-0.9249041,0.4420244,2.620233
02,03,379,Head,-0.8986288,0.5685759,2.641573
02,03,379,ShoulderLeft,-1.012687,0.3247212,2.522567
02,03,379,ElbowLeft,-1.09964,0.08198436,2.49566
02,03,379,WristLeft,-1.11152,-0.1742693,2.464272
02,03,379,HandLeft,-1.119781,-0.250398,2.463589
02,03,379,ShoulderRight,-0.8524842,0.2976732,2.739488
02,03,379,ElbowRight,-0.864485,0.04732704,2.790071
02,03,379,WristRight,-0.8431357,-0.2084263,2.800305
02,03,379,HandRight,-0.8461606,-0.2958613,2.79705
02,03,379,HipLeft,-1.026602,-0.1745334,2.600493
02,03,379,KneeLeft,-0.962734,-0.5111731,2.51364
02,03,379,AnkleLeft,-1.11579,-0.8272063,2.611086
02,03,379,FootLeft,-1.0926,-0.9099371,2.582563
02,03,379,HipRight,-0.9396116,-0.1856373,2.689675
02,03,379,KneeRight,-0.9054981,-0.4889889,2.656922
02,03,379,AnkleRight,-1.036888,-0.8220128,2.690999
02,03,379,FootRight,-1.078125,-0.8857422,2.609375
02,03,379,SpineShoulder,-0.9348782,0.3660439,2.631263
02,03,379,HandTipLeft,-1.135863,-0.3231095,2.454994
02,03,379,ThumbLeft,-1.072189,-0.2218894,2.478117
02,03,379,HandTipRight,-0.8553026,-0.3609764,2.800169
02,03,379,ThumbRight,-0.8563229,-0.3435294,2.788333
02,03,412,SpineBase,-0.9564635,-0.174646,2.646636
02,03,412,SpineMid,-0.9199263,0.1388244,2.627177
02,03,412,Neck,-0.8798314,0.4444047,2.595603
02,03,412,Head,-0.8516791,0.572615,2.617814
02,03,412,ShoulderLeft,-0.9759395,0.3264909,2.503846
02,03,412,ElbowLeft,-1.059726,0.08233227,2.478789
02,03,412,WristLeft,-1.052212,-0.1746455,2.449574
02,03,413,HandLeft,-1.05764,-0.247941,2.45538
02,03,413,ShoulderRight,-0.810114,0.2972548,2.728803
02,03,413,ElbowRight,-0.8164481,0.04437888,2.770989
02,03,413,WristRight,-0.7764773,-0.2103027,2.762378
02,03,413,HandRight,-0.7722076,-0.2919595,2.754279
02,03,413,HipLeft,-0.9855515,-0.1651605,2.567998
02,03,413,KneeLeft,-0.8989938,-0.4745932,2.480805
02,03,413,AnkleLeft,-0.992286,-0.824193,2.544796
02,03,413,FootLeft,-0.9023955,-0.866857,2.45708
02,03,413,HipRight,-0.9039562,-0.1798262,2.658505
02,03,413,KneeRight,-0.8729158,-0.4729519,2.624303
02,03,413,AnkleRight,-1.008725,-0.8061193,2.657929
02,03,413,FootRight,-0.9860237,-0.8881847,2.540554
02,03,413,SpineShoulder,-0.890523,0.3691301,2.605675
02,03,413,HandTipLeft,-1.079553,-0.3259327,2.449965
02,03,413,ThumbLeft,-1.009203,-0.2559215,2.455555
02,03,413,HandTipRight,-0.7735949,-0.35613,2.753083
02,03,413,ThumbRight,-0.7846783,-0.3067881,2.746
02,03,445,SpineBase,-0.9076299,-0.1782961,2.638234
02,03,446,SpineMid,-0.8808251,0.1370242,2.615595
02,03,446,Neck,-0.8488518,0.4440751,2.581321
02,03,446,Head,-0.814719,0.570127,2.601662
02,03,446,ShoulderLeft,-0.9299684,0.3205328,2.482572
02,03,446,ElbowLeft,-1.020832,0.09133197,2.462713
02,03,446,WristLeft,-1.008379,-0.1654519,2.43141
02,03,446,HandLeft,-1.006237,-0.2468093,2.437755
02,03,446,ShoulderRight,-0.7679231,0.2994032,2.711481
02,03,446,ElbowRight,-0.7706769,0.04530443,2.74921
02,03,446,WristRight,-0.7065735,-0.2042534,2.722562
02,03,446,HandRight,-0.6982766,-0.2855778,2.710102
02,03,446,HipLeft,-0.9365498,-0.1695133,2.559656
02,03,446,KneeLeft,-0.8425943,-0.4687707,2.453714
02,03,446,AnkleLeft,-0.8625731,-0.8372831,2.479315
02,03,446,FootLeft,-0.7723275,-0.8787403,2.392904
02,03,446,HipRight,-0.8542618,-0.182558,2.64863
02,03,446,KneeRight,-0.9636558,-0.5062749,2.649215
02,03,446,AnkleRight,-1.000743,-0.7747565,2.670424
02,03,446,FootRight,-0.9095985,-0.8176783,2.583879
02,03,446,SpineShoulder,-0.8576509,0.3684684,2.592037
02,03,446,HandTipLeft,-1.017736,-0.3207491,2.439972
02,03,446,ThumbLeft,-0.9600773,-0.239412,2.43
02,03,446,HandTipRight,-0.6964784,-0.3507961,2.705767
02,03,446,ThumbRight,-0.7005343,-0.3477178,2.701
02,03,478,SpineBase,-0.8631056,-0.1786071,2.607854
02,03,478,SpineMid,-0.8344377,0.133782,2.590451
02,03,478,Neck,-0.8023866,0.4381191,2.560851
02,03,478,Head,-0.7692859,0.5644991,2.578532
02,03,478,ShoulderLeft,-0.8924416,0.3147629,2.466936
02,03,478,ElbowLeft,-0.9764265,0.08369901,2.438839
02,03,478,WristLeft,-0.9568276,-0.1680114,2.404387
02,03,479,HandLeft,-0.9562528,-0.2480322,2.41559
02,03,479,ShoulderRight,-0.7283885,0.2988704,2.69459
02,03,479,ElbowRight,-0.7198614,0.04394427,2.729035
02,03,479,WristRight,-0.6435684,-0.201713,2.695053
02,03,479,HandRight,-0.6238115,-0.2847,2.668671
02,03,479,HipLeft,-0.8935358,-0.1670184,2.530293
02,03,479,KneeLeft,-0.7742786,-0.4435816,2.42478
02,03,479,AnkleLeft,-0.7355941,-0.8135691,2.414624
02,03,479,FootLeft,-0.6632355,-0.9105372,2.364118
02,03,479,HipRight,-0.8101252,-0.1855169,2.617161
02,03,479,KneeRight,-0.9159418,-0.505285,2.648043
02,03,479,AnkleRight,-1.009331,-0.7608975,2.647073
02,03,479,FootRight,-0.9182804,-0.8036717,2.559931
02,03,479,SpineShoulder,-0.8110292,0.3631731,2.570441
02,03,479,HandTipLeft,-0.9674057,-0.3211451,2.422807
02,03,479,ThumbLeft,-0.9116672,-0.2436646,2.406435
02,03,479,HandTipRight,-0.6184881,-0.3487483,2.662326
02,03,479,ThumbRight,-0.6260031,-0.3520857,2.658667
02,03,512,SpineBase,-0.8164294,-0.1885738,2.57639
02,03,512,SpineMid,-0.7904404,0.1221488,2.563157
02,03,512,Neck,-0.7623166,0.4251349,2.538278
02,03,512,Head,-0.7259322,0.5521048,2.559925
02,03,513,ShoulderLeft,-0.8457246,0.3030056,2.44398
02,03,513,ElbowLeft,-0.9291244,0.08000518,2.411664
02,03,513,WristLeft,-0.9161758,-0.1664747,2.379761
02,03,513,HandLeft,-0.9058515,-0.2493872,2.38835
02,03,513,ShoulderRight,-0.6839221,0.2804877,2.666002
02,03,513,ElbowRight,-0.668457,0.02613327,2.701895
02,03,513,WristRight,-0.5816012,-0.1967398,2.669161
02,03,513,HandRight,-0.5549001,-0.2726778,2.63828
02,03,513,HipLeft,-0.8483344,-0.1764476,2.497704
02,03,513,KneeLeft,-0.7085128,-0.4963398,2.401777
02,03,513,AnkleLeft,-0.5975691,-0.8501095,2.352262
02,03,513,FootLeft,-0.5166016,-0.9135742,2.273438
02,03,513,HipRight,-0.7628551,-0.1956802,2.58656
02,03,513,KneeRight,-0.9079698,-0.5032145,2.592348
02,03,513,AnkleRight,-1.031272,-0.8289871,2.676657
02,03,513,FootRight,-0.9401565,-0.8704603,2.589142
02,03,513,SpineShoulder,-0.7695198,0.3503809,2.546459
02,03,513,HandTipLeft,-0.9124925,-0.3222845,2.388207
02,03,513,ThumbLeft,-0.8642004,-0.2514839,2.381188
02,03,513,HandTipRight,-0.5371916,-0.3394145,2.626302
02,03,513,ThumbRight,-0.5333104,-0.2971056,2.630286
02,03,546,SpineBase,-0.7643324,-0.2007961,2.553502
02,03,546,SpineMid,-0.7440014,0.1112776,2.541116
02,03,546,Neck,-0.722349,0.4156024,2.517366
02,03,546,Head,-0.6872373,0.5405345,2.538624
02,03,546,ShoulderLeft,-0.8048593,0.290276,2.423372
02,03,546,ElbowLeft,-0.8827868,0.06529304,2.386445
02,03,546,WristLeft,-0.8639392,-0.1673174,2.359692
02,03,546,HandLeft,-0.8524765,-0.2503241,2.364188
02,03,546,ShoulderRight,-0.6383604,0.2688721,2.654774
02,03,546,ElbowRight,-0.6158136,0.01332335,2.682141
02,03,546,WristRight,-0.5333972,-0.1766909,2.645808
02,03,546,HandRight,-0.4933644,-0.2564552,2.609262
02,03,546,HipLeft,-0.7961826,-0.187856,2.476128
02,03,546,KneeLeft,-0.7021564,-0.4776806,2.392281
02,03,546,AnkleLeft,-0.5299916,-0.8025414,2.314804
02,03,546,FootLeft,-0.4428686,-0.8418823,2.226769
02,03,547,HipRight,-0.7119228,-0.2083187,2.562049
02,03,547,KneeRight,-0.8587178,-0.5095404,2.595207
02,03,547,AnkleRight,-1.028288,-0.8327602,2.675221
02,03,547,FootRight,-0.93649,-0.8735462,2.588138
02,03,547,SpineShoulder,-0.7284985,0.3407018,2.525566
02,03,547,HandTipLeft,-0.8546958,-0.3228832,2.354564
02,03,547,ThumbLeft,-0.8047649,-0.2505054,2.345143
02,03,547,HandTipRight,-0.4627538,-0.3144502,2.588124
02,03,547,ThumbRight,-0.4657555,-0.2959061,2.589375
02,03,578,SpineBase,-0.7129957,-0.2125675,2.524434
02,03,578,SpineMid,-0.6969289,0.0978576,2.514044
02,03,578,Neck,-0.677745,0.4000544,2.491225
02,03,578,Head,-0.6423653,0.5282123,2.513404
02,03,578,ShoulderLeft,-0.7629619,0.2767607,2.3956
02,03,578,ElbowLeft,-0.8364402,0.05710598,2.359267
02,03,579,WristLeft,-0.8114186,-0.1992129,2.331347
02,03,579,HandLeft,-0.8000044,-0.2797434,2.337217
02,03,579,ShoulderRight,-0.5931098,0.2519845,2.623428
02,03,579,ElbowRight,-0.5663738,-0.002302314,2.655356
02,03,579,WristRight,-0.4842017,-0.1807752,2.618531
02,03,579,HandRight,-0.4347472,-0.261059,2.584175
02,03,579,HipLeft,-0.7473178,-0.2002824,2.445954
02,03,579,KneeLeft,-0.643419,-0.475722,2.362686
02,03,579,AnkleLeft,-0.474926,-0.8033026,2.28967
02,03,579,FootLeft,-0.3755106,-0.8613366,2.207522
02,03,579,HipRight,-0.6592003,-0.2190284,2.533802
02,03,579,KneeRight,-0.8261734,-0.5112041,2.551549
02,03,579,AnkleRight,-1.005489,-0.8098391,2.659545
02,03,579,FootRight,-0.9145711,-0.8503871,2.570955
02,03,579,SpineShoulder,-0.6831109,0.3256547,2.499148
02,03,579,HandTipLeft,-0.8074217,-0.3525311,2.335497
02,03,579,ThumbLeft,-0.7630863,-0.2983053,2.34
02,03,579,HandTipRight,-0.4037558,-0.3184822,2.559528
02,03,579,ThumbRight,-0.3904257,-0.3101873,2.55175
02,03,615,SpineBase,-0.6546623,-0.2225577,2.486401
02,03,615,SpineMid,-0.6463549,0.08965473,2.483454
02,03,615,Neck,-0.6362336,0.393624,2.468675
02,03,616,Head,-0.5986428,0.5194781,2.488396
02,03,616,ShoulderLeft,-0.7203087,0.2648781,2.370434
02,03,616,ElbowLeft,-0.7860943,0.03841931,2.337974
02,03,616,WristLeft,-0.7547594,-0.2156807,2.30914
02,03,616,HandLeft,-0.7479735,-0.2954849,2.313227
02,03,616,ShoulderRight,-0.5469378,0.2486873,2.598204
02,03,616,ElbowRight,-0.5165697,-0.005897226,2.626751
02,03,616,WristRight,-0.4308078,-0.1928659,2.591251
02,03,616,HandRight,-0.3797006,-0.2704851,2.561812
02,03,616,HipLeft,-0.689743,-0.2144616,2.407148
02,03,616,KneeLeft,-0.6719913,-0.5058587,2.40942
02,03,616,AnkleLeft,-0.4618908,-0.7968777,2.293917
02,03,616,FootLeft,-0.3762912,-0.8344758,2.203342
02,03,616,HipRight,-0.6013539,-0.2244393,2.496237
02,03,616,KneeRight,-0.5406795,-0.52425,2.312077
02,03,616,AnkleRight,-0.7973639,-0.696302,2.50029
02,03,616,FootRight,-0.7080126,-0.7362154,2.409965
02,03,616,SpineShoulder,-0.6383799,0.3186547,2.474085
02,03,616,HandTipLeft,-0.7514481,-0.3671771,2.30529
02,03,616,ThumbLeft,-0.7056267,-0.2866209,2.313687
02,03,616,HandTipRight,-0.3423243,-0.3283327,2.530112
02,03,616,ThumbRight,-0.3376078,-0.2911595,2.5274
02,03,646,SpineBase,-0.5967999,-0.2321089,2.459032
02,03,646,SpineMid,-0.5955377,0.0829135,2.455256
02,03,646,Neck,-0.5912306,0.3893226,2.438889
02,03,646,Head,-0.5580972,0.5131578,2.465301
02,03,646,ShoulderLeft,-0.674649,0.2612269,2.343307
02,03,646,ElbowLeft,-0.7372204,0.02734231,2.314714
02,03,646,WristLeft,-0.6981821,-0.2115255,2.283884
02,03,646,HandLeft,-0.6914532,-0.2912429,2.28465
02,03,646,ShoulderRight,-0.4993127,0.2345823,2.557358
02,03,646,ElbowRight,-0.4664633,-0.01725305,2.59754
02,03,646,WristRight,-0.3714862,-0.2192458,2.565915
02,03,646,HandRight,-0.3227836,-0.2928578,2.537084
02,03,646,HipLeft,-0.634604,-0.2243979,2.380463
02,03,646,KneeLeft,-0.6532513,-0.4895434,2.40956
02,03,646,AnkleLeft,-0.4527724,-0.7866651,2.292589
02,03,646,FootLeft,-0.3690772,-0.8239608,2.199248
02,03,646,HipRight,-0.5421246,-0.2332378,2.467871
02,03,646,KneeRight,-0.4885325,-0.529368,2.288782
02,03,646,AnkleRight,-0.7503632,-0.6899265,2.480254
02,03,647,FootRight,-0.6632893,-0.7293912,2.387084
02,03,647,SpineShoulder,-0.5928472,0.3139111,2.445211
02,03,647,HandTipLeft,-0.6916864,-0.3610332,2.265974
02,03,647,ThumbLeft,-0.6451979,-0.2740493,2.275042
02,03,647,HandTipRight,-0.2908735,-0.3518118,2.523884
02,03,647,ThumbRight,-0.2954397,-0.2926489,2.507625
02,03,681,SpineBase,-0.5419261,-0.2296134,2.424673
02,03,681,SpineMid,-0.5458983,0.08570553,2.425491
02,03,681,Neck,-0.5469245,0.3921959,2.413667
02,03,681,Head,-0.5143197,0.5185853,2.441409
02,03,681,ShoulderLeft,-0.6284277,0.262552,2.322038
02,03,681,ElbowLeft,-0.6868495,0.02573827,2.289498
02,03,681,WristLeft,-0.6413557,-0.2198881,2.251772
02,03,681,HandLeft,-0.6339944,-0.3001708,2.251955
02,03,681,ShoulderRight,-0.4526625,0.2304441,2.512576
02,03,681,ElbowRight,-0.4183107,-0.01909832,2.561226
02,03,681,WristRight,-0.3264353,-0.230722,2.544471
02,03,681,HandRight,-0.2793812,-0.3050725,2.52343
02,03,681,HipLeft,-0.5840534,-0.2229901,2.346643
02,03,681,KneeLeft,-0.5827446,-0.4827175,2.368799
02,03,681,AnkleLeft,-0.4174971,-0.8068382,2.273619
02,03,682,FootLeft,-0.3374759,-0.84311,2.175953
02,03,682,HipRight,-0.4842029,-0.2296059,2.432676
02,03,682,KneeRight,-0.4381264,-0.5190765,2.261619
02,03,682,AnkleRight,-0.6975255,-0.6731543,2.461399
02,03,682,FootRight,-0.6142325,-0.7120629,2.363668
02,03,682,SpineShoulder,-0.5471843,0.3167875,2.418857
02,03,682,HandTipLeft,-0.6350533,-0.3751188,2.242512
02,03,682,ThumbLeft,-0.5958934,-0.3005874,2.257809
02,03,682,HandTipRight,-0.2538178,-0.3662603,2.51404
02,03,682,ThumbRight,-0.252213,-0.2969614,2.491722
02,03,712,SpineBase,-0.48992,-0.2262842,2.398307
02,03,712,SpineMid,-0.497156,0.0924441,2.400693
02,03,713,Neck,-0.5015779,0.4020625,2.390372
02,03,713,Head,-0.4699787,0.5265788,2.416959
02,03,713,ShoulderLeft,-0.5846916,0.2683789,2.296824
02,03,713,ElbowLeft,-0.6354654,0.04067697,2.264279
02,03,713,WristLeft,-0.5897402,-0.2114857,2.220266
02,03,713,HandLeft,-0.5796631,-0.2916462,2.217194
02,03,713,ShoulderRight,-0.4009144,0.2290049,2.491254
02,03,713,ElbowRight,-0.3707432,-0.02136577,2.53862
02,03,713,WristRight,-0.3019488,-0.2201528,2.534203
02,03,713,HandRight,-0.2550209,-0.2937839,2.511076
02,03,713,HipLeft,-0.5323724,-0.2168327,2.321161
02,03,713,KneeLeft,-0.5344219,-0.4684592,2.333833
02,03,713,AnkleLeft,-0.4000245,-0.8112816,2.262493
02,03,713,FootLeft,-0.3207111,-0.8471832,2.1641
02,03,713,HipRight,-0.4331632,-0.2291004,2.405151
02,03,713,KneeRight,-0.4256875,-0.5171669,2.251755
02,03,713,AnkleRight,-0.6732853,-0.6879795,2.452741
02,03,713,FootRight,-0.5907633,-0.7264046,2.354266
02,03,713,SpineShoulder,-0.5009602,0.3259084,2.395188
02,03,713,HandTipLeft,-0.577697,-0.3624479,2.202851
02,03,713,ThumbLeft,-0.5358266,-0.2769037,2.210267
02,03,713,HandTipRight,-0.2254364,-0.3598629,2.501831
02,03,713,ThumbRight,-0.2411229,-0.286072,2.472905
02,03,748,SpineBase,-0.438619,-0.2124485,2.379244
02,03,748,SpineMid,-0.4507713,0.1069011,2.380466
02,03,748,Neck,-0.4617819,0.4163516,2.369805
02,03,748,Head,-0.4302692,0.5390601,2.401706
02,03,748,ShoulderLeft,-0.5383992,0.2841829,2.277459
02,03,748,ElbowLeft,-0.5728203,0.02678779,2.240574
02,03,748,WristLeft,-0.5298728,-0.2194236,2.184615
02,03,748,HandLeft,-0.5233638,-0.2973852,2.179408
02,03,748,ShoulderRight,-0.3611933,0.243201,2.470678
02,03,748,ElbowRight,-0.3336222,-0.007941685,2.516611
02,03,748,WristRight,-0.2606151,-0.2244505,2.512085
02,03,748,HandRight,-0.2242694,-0.306189,2.499098
02,03,748,HipLeft,-0.4813114,-0.2043574,2.30075
02,03,748,KneeLeft,-0.5059657,-0.4644248,2.321673
02,03,748,AnkleLeft,-0.3919679,-0.8156533,2.258603
02,03,748,FootLeft,-0.3114924,-0.8512097,2.161473
02,03,748,HipRight,-0.3829735,-0.2142349,2.387145
02,03,749,KneeRight,-0.3886596,-0.5104203,2.226008
02,03,749,AnkleRight,-0.6248524,-0.6942503,2.429236
02,03,749,FootRight,-0.5416025,-0.7322116,2.331926
02,03,749,SpineShoulder,-0.4593028,0.340352,2.374581
02,03,749,HandTipLeft,-0.5310704,-0.3723491,2.174779
02,03,749,ThumbLeft,-0.4782275,-0.29076,2.175958
02,03,749,HandTipRight,-0.2071506,-0.3692064,2.49054
02,03,749,ThumbRight,-0.1875787,-0.3455359,2.4665
02,03,779,SpineBase,-0.3984578,-0.2042028,2.367544
02,03,779,SpineMid,-0.4066945,0.1213637,2.365724
02,03,779,Neck,-0.4140118,0.4372765,2.351487
02,03,779,Head,-0.381728,0.5615376,2.378036
02,03,779,ShoulderLeft,-0.4930952,0.3042502,2.254149
02,03,779,ElbowLeft,-0.5385845,0.08127122,2.209883
02,03,779,WristLeft,-0.490702,-0.1685662,2.152175
02,03,779,HandLeft,-0.4741743,-0.2524768,2.14178
02,03,779,ShoulderRight,-0.313528,0.264017,2.452353
02,03,779,ElbowRight,-0.2911658,0.01065485,2.491833
02,03,780,WristRight,-0.2349215,-0.2232243,2.49462
02,03,780,HandRight,-0.2029139,-0.3051846,2.483529
02,03,780,HipLeft,-0.4376128,-0.1909621,2.291379
02,03,780,KneeLeft,-0.4724859,-0.4580229,2.301527
02,03,780,AnkleLeft,-0.3846308,-0.8183905,2.254898
02,03,780,FootLeft,-0.3042474,-0.854366,2.15813
02,03,780,HipRight,-0.3466177,-0.2108008,2.372962
02,03,780,KneeRight,-0.3712147,-0.5176663,2.224013
02,03,780,AnkleRight,-0.5927047,-0.7245706,2.42187
02,03,780,FootRight,-0.5098644,-0.7625762,2.324941
02,03,780,SpineShoulder,-0.4122753,0.3597369,2.357167
02,03,780,HandTipLeft,-0.4708881,-0.319045,2.114062
02,03,780,ThumbLeft,-0.4386142,-0.2436485,2.145857
02,03,780,HandTipRight,-0.1964945,-0.3653491,2.471621
02,03,780,ThumbRight,-0.1722401,-0.3042464,2.462833
02,03,812,SpineBase,-0.3462218,-0.189354,2.35696
02,03,812,SpineMid,-0.3621071,0.1378808,2.351149
02,03,812,Neck,-0.3758592,0.4549469,2.332989
02,03,812,Head,-0.3369122,0.5760661,2.360848
02,03,812,ShoulderLeft,-0.4480141,0.3233298,2.230826
02,03,812,ElbowLeft,-0.4891203,0.08129269,2.182687
02,03,812,WristLeft,-0.4353797,-0.1673482,2.124542
02,03,812,HandLeft,-0.4197025,-0.2515447,2.108982
02,03,812,ShoulderRight,-0.2754573,0.2815901,2.433856
02,03,812,ElbowRight,-0.2512768,0.02866671,2.475217
02,03,812,WristRight,-0.2066466,-0.2135232,2.479634
02,03,812,HandRight,-0.1837043,-0.2947418,2.463319
02,03,812,HipLeft,-0.3864938,-0.1836843,2.283263
02,03,812,KneeLeft,-0.4486675,-0.4720478,2.287252
02,03,812,AnkleLeft,-0.374806,-0.8361515,2.251344
02,03,813,FootLeft,-0.292366,-0.8716879,2.157157
02,03,813,HipRight,-0.2955637,-0.1893152,2.359599
02,03,813,KneeRight,-0.2717728,-0.4949702,2.279803
02,03,813,AnkleRight,-0.4932402,-0.758384,2.403184
02,03,813,FootRight,-0.5142744,-0.8697945,2.386721
02,03,813,SpineShoulder,-0.3731979,0.3769035,2.339882
02,03,813,HandTipLeft,-0.4144114,-0.32033,2.087387
02,03,813,ThumbLeft,-0.3878427,-0.2466424,2.1215
02,03,813,HandTipRight,-0.1838758,-0.3571342,2.451123
02,03,813,ThumbRight,-0.1566032,-0.3345639,2.4448
02,03,845,SpineBase,-0.3101808,-0.1781836,2.340563
02,03,845,SpineMid,-0.3192613,0.1527425,2.331358
02,03,845,Neck,-0.3288648,0.4727745,2.310563
02,03,845,Head,-0.2990395,0.5956398,2.342968
02,03,845,ShoulderLeft,-0.3991781,0.3379391,2.203603
02,03,845,ElbowLeft,-0.444582,0.09625994,2.157413
02,03,845,WristLeft,-0.3872979,-0.1506727,2.094158
02,03,845,HandLeft,-0.353318,-0.2540664,2.090336
02,03,845,ShoulderRight,-0.2285666,0.2993074,2.411427
02,03,845,ElbowRight,-0.2140711,0.04318278,2.44182
02,03,845,WristRight,-0.1708082,-0.2104675,2.446794
02,03,845,HandRight,-0.1530276,-0.2645651,2.43201
02,03,845,HipLeft,-0.348014,-0.1744929,2.267543
02,03,845,KneeLeft,-0.349172,-0.5164056,2.205192
02,03,845,AnkleLeft,-0.3675249,-0.8721107,2.250392
02,03,845,FootLeft,-0.3132405,-0.9366046,2.199698
02,03,845,HipRight,-0.2626854,-0.1764747,2.34232
02,03,845,KneeRight,-0.2129482,-0.4993697,2.30532
02,03,845,AnkleRight,-0.432788,-0.6990524,2.512913
02,03,845,FootRight,-0.3954205,-0.7875186,2.406611
02,03,845,SpineShoulder,-0.3265964,0.3942484,2.317883
02,03,845,HandTipLeft,-0.3506729,-0.3208791,2.084619
02,03,846,ThumbLeft,-0.3104449,-0.2501872,2.127957
02,03,846,HandTipRight,-0.1405657,-0.3160665,2.428706
02,03,846,ThumbRight,-0.1387877,-0.2765476,2.428062
02,03,878,SpineBase,-0.2691455,-0.1735376,2.31896
02,03,878,SpineMid,-0.2819846,0.1597826,2.312793
02,03,878,Neck,-0.2904955,0.4830666,2.29254
02,03,878,Head,-0.2502351,0.6022738,2.32285
02,03,878,ShoulderLeft,-0.3535531,0.346302,2.178327
02,03,879,ElbowLeft,-0.4007727,0.1104917,2.130175
02,03,879,WristLeft,-0.3371037,-0.1364878,2.074325
02,03,879,HandLeft,-0.3098927,-0.234879,2.056855
02,03,879,ShoulderRight,-0.1902837,0.3095198,2.393394
02,03,879,ElbowRight,-0.176058,0.053271,2.423792
02,03,879,WristRight,-0.1565115,-0.1889205,2.326304
02,03,879,HandRight,-0.09113211,-0.4413376,2.214467
02,03,879,HipLeft,-0.3078541,-0.1722097,2.245651
02,03,879,KneeLeft,-0.343119,-0.5183566,2.198509
02,03,879,AnkleLeft,-0.3276906,-0.8787813,2.26751
02,03,879,FootLeft,-0.3078049,-0.949129,2.195509
02,03,879,HipRight,-0.2223033,-0.1695343,2.320963
02,03,879,KneeRight,-0.1528441,-0.4967746,2.276094
02,03,879,AnkleRight,-0.3704309,-0.7153461,2.467968
02,03,879,FootRight,-0.3152035,-0.7966354,2.363332
02,03,879,SpineShoulder,-0.2888948,0.4036224,2.299924
02,03,879,HandTipLeft,-0.2939112,-0.2960456,2.046339
02,03,879,ThumbLeft,-0.2693684,-0.2576844,2.107
02,03,879,HandTipRight,-0.07982069,-0.4787834,2.200962
02,03,879,ThumbRight,-0.04891543,-0.4432101,2.187571
02,03,912,SpineBase,-0.2251007,-0.1680715,2.287479
02,03,913,SpineMid,-0.2344209,0.1646571,2.285015
02,03,913,Neck,-0.242142,0.4867881,2.269675
02,03,913,Head,-0.2053593,0.6079559,2.29932
02,03,913,ShoulderLeft,-0.3100262,0.3481088,2.157511
02,03,913,ElbowLeft,-0.3552113,0.1177832,2.100984
02,03,913,WristLeft,-0.2804441,-0.1266852,2.047861
02,03,913,HandLeft,-0.2617178,-0.2259319,2.025425
02,03,913,ShoulderRight,-0.1420401,0.3131622,2.370497
02,03,913,ElbowRight,-0.1281591,0.05682168,2.400885
02,03,913,WristRight,-0.1106989,-0.1858711,2.304269
02,03,913,HandRight,-0.03820822,-0.4358671,2.185525
02,03,913,HipLeft,-0.2654707,-0.1626175,2.211187
02,03,913,KneeLeft,-0.3277315,-0.5051149,2.188121
02,03,913,AnkleLeft,-0.3409648,-0.873059,2.255058
02,03,913,FootLeft,-0.2836854,-0.934144,2.200147
02,03,913,HipRight,-0.1777546,-0.1682717,2.292263
02,03,913,KneeRight,-0.07259344,-0.4538804,2.237249
02,03,913,AnkleRight,-0.169792,-0.8091185,2.272784
02,03,913,FootRight,-0.1339111,-0.9082031,2.228516
02,03,913,SpineShoulder,-0.2404774,0.4077159,2.275735
02,03,913,HandTipLeft,-0.2365613,-0.2842849,2.010027
02,03,913,ThumbLeft,-0.3007205,-0.2680629,2.058429
02,03,913,HandTipRight,-0.005182768,-0.4971415,2.189844
02,03,913,ThumbRight,0.001727272,-0.4064544,2.160729
02,03,944,SpineBase,-0.1797851,-0.1750624,2.262137
02,03,944,SpineMid,-0.1903379,0.1602942,2.263142
02,03,944,Neck,-0.1996746,0.4847595,2.251128
02,03,944,Head,-0.1569276,0.6036241,2.279113
02,03,944,ShoulderLeft,-0.2654476,0.347027,2.137996
02,03,944,ElbowLeft,-0.3130465,0.1273251,2.075804
02,03,944,WristLeft,-0.2305506,-0.113735,2.017322
02,03,944,HandLeft,-0.1981862,-0.2225332,1.981847
02,03,944,ShoulderRight,-0.09967385,0.3110804,2.351911
02,03,944,ElbowRight,-0.08610207,0.05470162,2.382282
02,03,944,WristRight,-0.06816097,-0.1878627,2.285386
02,03,944,HandRight,0.003931277,-0.4426264,2.163722
02,03,944,HipLeft,-0.2240765,-0.1687108,2.190708
02,03,944,KneeLeft,-0.2998453,-0.4907436,2.168477
02,03,944,AnkleLeft,-0.3415428,-0.8471175,2.248741
02,03,944,FootLeft,-0.3026255,-0.925456,2.204937
02,03,944,HipRight,-0.131971,-0.1755614,2.263006
02,03,944,KneeRight,-0.01019095,-0.4572526,2.205982
02,03,944,AnkleRight,-0.03000533,-0.8280169,2.210157
02,03,944,FootRight,0.02340698,-0.9072266,2.150391
02,03,944,SpineShoulder,-0.1975901,0.405138,2.256385
02,03,944,HandTipLeft,-0.173816,-0.2781565,1.977458
02,03,944,ThumbLeft,-0.237549,-0.2528206,2.037857
02,03,944,HandTipRight,0.02343384,-0.5102749,2.170071
02,03,944,ThumbRight,0.05712727,-0.4554013,2.129429
02,03,981,SpineBase,-0.1402724,-0.1862977,2.244809
02,03,981,SpineMid,-0.1448956,0.1485796,2.239727
02,03,981,Neck,-0.1517161,0.4735647,2.222998
02,03,981,Head,-0.1126186,0.5948119,2.253399
02,03,981,ShoulderLeft,-0.2209905,0.3363661,2.112299
02,03,981,ElbowLeft,-0.2711589,0.1169627,2.050514
02,03,981,WristLeft,-0.1789337,-0.118706,1.98374
02,03,981,HandLeft,-0.1481008,-0.2062471,1.949742
02,03,981,ShoulderRight,-0.05182419,0.299831,2.323722
02,03,981,ElbowRight,-0.03860646,0.04345643,2.354059
02,03,981,WristRight,-0.02120265,-0.1991539,2.257256
02,03,981,HandRight,0.05418178,-0.4555081,2.1395
02,03,981,HipLeft,-0.1800135,-0.1819245,2.174428
02,03,981,KneeLeft,-0.2916533,-0.4965292,2.166638
02,03,981,AnkleLeft,-0.3418971,-0.8514754,2.247799
02,03,981,FootLeft,-0.3059351,-0.9273857,2.201934
02,03,981,HipRight,-0.0939831,-0.1853821,2.242752
02,03,981,KneeRight,0.03382112,-0.4695681,2.180512
02,03,981,AnkleRight,0.1011881,-0.8345014,2.144122
02,03,981,FootRight,0.1679688,-0.9013672,2.078125
02,03,981,SpineShoulder,-0.1501885,0.3938114,2.229422
02,03,981,HandTipLeft,-0.1152756,-0.2648968,1.93512
02,03,981,ThumbLeft,-0.1563817,-0.2415534,1.999333
02,03,981,HandTipRight,0.0770418,-0.5318534,2.142545
02,03,981,ThumbRight,0.09444804,-0.4264438,2.104911
02,04,012,SpineBase,-0.09504214,-0.1955412,2.221977
02,04,012,SpineMid,-0.1013184,0.1396968,2.218841
02,04,012,Neck,-0.1048921,0.4636807,2.201606
02,04,012,Head,-0.063836,0.584462,2.231688
02,04,012,ShoulderLeft,-0.1789279,0.3290393,2.093734
02,04,012,ElbowLeft,-0.2261788,0.1139588,2.027039
02,04,012,WristLeft,-0.1347753,-0.119972,1.952429
02,04,012,HandLeft,-0.08429105,-0.231759,1.907176
02,04,012,ShoulderRight,-0.005121152,0.2899072,2.30227
02,04,012,ElbowRight,0.007740197,0.03354772,2.332581
02,04,012,WristRight,0.02492764,-0.2090406,2.23576
02,04,012,HandRight,0.102352,-0.4671512,2.11719
02,04,012,HipLeft,-0.1393156,-0.1891362,2.153397
02,04,012,KneeLeft,-0.2616583,-0.5062711,2.158604
02,04,012,AnkleLeft,-0.3405905,-0.8539955,2.246049
02,04,012,FootLeft,-0.3074293,-0.9295508,2.201473
02,04,012,HipRight,-0.04965356,-0.1953024,2.219843
02,04,012,KneeRight,0.0627732,-0.4658096,2.164717
02,04,012,AnkleRight,0.201515,-0.7896908,2.093276
02,04,012,FootRight,0.2753864,-0.8257764,1.999521
02,04,012,SpineShoulder,-0.103842,0.3841249,2.20803
02,04,012,HandTipLeft,-0.05945602,-0.2832302,1.914437
02,04,012,ThumbLeft,-0.06941427,-0.2178403,1.918231
02,04,012,HandTipRight,0.1267678,-0.5432734,2.114946
02,04,012,ThumbRight,0.1467424,-0.4389726,2.095184
02,04,046,SpineBase,-0.05694921,-0.2058158,2.199703
02,04,046,SpineMid,-0.05738395,0.1275607,2.197012
02,04,046,Neck,-0.0591358,0.4505227,2.182164
02,04,046,Head,-0.02062314,0.572159,2.210443
02,04,046,ShoulderLeft,-0.1332249,0.3187881,2.071496
02,04,046,ElbowLeft,-0.1894906,0.1055451,2.01228
02,04,046,WristLeft,-0.0883643,-0.1201286,1.924318
02,04,046,HandLeft,-0.05010477,-0.2051187,1.886436
02,04,046,ShoulderRight,0.04050926,0.2767248,2.282761
02,04,046,ElbowRight,0.0530146,0.02041305,2.313043
02,04,046,WristRight,0.06998631,-0.2221335,2.216204
02,04,046,HandRight,0.1465791,-0.48573,2.090993
02,04,046,HipLeft,-0.09717704,-0.2001545,2.128484
02,04,046,KneeLeft,-0.2067771,-0.50285,2.139108
02,04,046,AnkleLeft,-0.3296417,-0.8345371,2.236088
02,04,046,FootLeft,-0.310976,-0.9260887,2.197886
02,04,046,HipRight,-0.01322451,-0.2052178,2.198211
02,04,046,KneeRight,0.1038422,-0.4764891,2.135469
02,04,046,AnkleRight,0.2876959,-0.7906275,2.0454
02,04,046,FootRight,0.360426,-0.826737,1.952431
02,04,046,SpineShoulder,-0.05881636,0.3712941,2.18815
02,04,046,HandTipLeft,-0.01283645,-0.2608756,1.861376
02,04,046,ThumbLeft,-0.007484407,-0.2347679,1.874286
02,04,046,HandTipRight,0.1738052,-0.5625373,2.084631
02,04,046,ThumbRight,0.1877059,-0.454471,2.074333
02,04,079,SpineBase,-0.004439328,-0.2194097,2.171862
02,04,079,SpineMid,-0.007688771,0.1159761,2.172984
02,04,079,Neck,-0.01079142,0.4403715,2.160729
02,04,079,Head,0.02892989,0.5619689,2.189285
02,04,079,ShoulderLeft,-0.08849004,0.3038597,2.050113
02,04,079,ElbowLeft,-0.1391697,0.09536853,1.987145
02,04,079,WristLeft,-0.04175343,-0.1322333,1.90036
02,04,079,HandLeft,0.01005555,-0.2464589,1.845148
02,04,079,ShoulderRight,0.08871338,0.2665384,2.261266
02,04,079,ElbowRight,0.1008348,0.01025037,2.291535
02,04,079,WristRight,0.1175744,-0.2322693,2.194685
02,04,079,HandRight,0.1927402,-0.4917659,2.062072
02,04,079,HipLeft,-0.0484937,-0.2136667,2.103519
02,04,080,KneeLeft,-0.1698099,-0.5052591,2.117603
02,04,080,AnkleLeft,-0.3188237,-0.8215016,2.227024
02,04,080,FootLeft,-0.312728,-0.9229474,2.196043
02,04,080,HipRight,0.03970521,-0.2179135,2.168532
02,04,080,KneeRight,0.1625683,-0.4845858,2.106027
02,04,080,AnkleRight,0.3372534,-0.8026741,2.011922
02,04,080,FootRight,0.4086751,-0.838197,1.918376
02,04,080,SpineShoulder,-0.01003721,0.3607811,2.16606
02,04,080,HandTipLeft,0.03731292,-0.299531,1.84977
02,04,080,ThumbLeft,0.03474072,-0.263534,1.859857
02,04,080,HandTipRight,0.2225135,-0.5679618,2.056389
02,04,080,ThumbRight,0.231193,-0.4591742,2.04227
02,04,113,SpineBase,0.05139735,-0.2280037,2.142234
02,04,113,SpineMid,0.04337658,0.1074058,2.148454
02,04,113,Neck,0.03506391,0.4317563,2.141332
02,04,113,Head,0.07160915,0.554933,2.170866
02,04,113,ShoulderLeft,-0.04435372,0.2926844,2.026739
02,04,113,ElbowLeft,-0.09433023,0.07742784,1.969625
02,04,113,WristLeft,0.003365904,-0.1481076,1.877688
02,04,113,HandLeft,0.04013274,-0.2286303,1.826327
02,04,113,ShoulderRight,0.1344275,0.2578919,2.241815
02,04,113,ElbowRight,0.1461782,0.001624249,2.272082
02,04,113,WristRight,0.162694,-0.240872,2.175227
02,04,113,HandRight,0.2319744,-0.5062308,2.03477
02,04,113,HipLeft,0.006782954,-0.221614,2.077363
02,04,113,KneeLeft,-0.1118756,-0.5066537,2.082521
02,04,113,AnkleLeft,-0.2918632,-0.7992535,2.208447
02,04,113,FootLeft,-0.3065414,-0.9113621,2.187609
02,04,113,HipRight,0.09424119,-0.2267724,2.135495
02,04,113,KneeRight,0.2341171,-0.4911966,2.07261
02,04,113,AnkleRight,0.3635502,-0.8339922,1.997963
02,04,113,FootRight,0.4355005,-0.9026697,1.910345
02,04,113,SpineShoulder,0.03735926,0.3521471,2.145297
02,04,113,HandTipLeft,0.07573738,-0.2811665,1.800346
02,04,113,ThumbLeft,0.07424402,-0.2415073,1.809542
02,04,113,HandTipRight,0.2731076,-0.5744371,2.02319
02,04,113,ThumbRight,0.2634902,-0.4797959,1.996429
02,04,148,SpineBase,0.1109989,-0.238119,2.111064
02,04,148,SpineMid,0.09707188,0.09808128,2.124125
02,04,148,Neck,0.08298565,0.4230198,2.12363
02,04,148,Head,0.12769,0.5437828,2.145321
02,04,148,ShoulderLeft,0.004801501,0.2814792,2.009205
02,04,148,ElbowLeft,-0.04655554,0.07029949,1.944269
02,04,148,WristLeft,0.04592702,-0.1576126,1.853094
02,04,148,HandLeft,0.08037798,-0.2423312,1.804284
02,04,148,ShoulderRight,0.1821923,0.2491315,2.224058
02,04,148,ElbowRight,0.1935504,-0.007106738,2.254331
02,04,148,WristRight,0.2098293,-0.2495751,2.157476
02,04,148,HandRight,0.2717704,-0.511925,2.018826
02,04,148,HipLeft,0.06270853,-0.2297833,2.047569
02,04,148,KneeLeft,-0.03742442,-0.4966616,2.040583
02,04,148,AnkleLeft,-0.2445837,-0.7670369,2.174747
02,04,148,FootLeft,-0.1628708,-0.8026417,2.081093
02,04,149,HipRight,0.1554739,-0.23839,2.103073
02,04,149,KneeRight,0.2908279,-0.4920359,2.047029
02,04,149,AnkleRight,0.4003467,-0.8429503,1.980767
02,04,149,FootRight,0.4719335,-0.8766509,1.888278
02,04,149,SpineShoulder,0.0865497,0.3433125,2.12603
02,04,149,HandTipLeft,0.11246,-0.2970908,1.779403
02,04,149,ThumbLeft,0.1161547,-0.2559232,1.779842
02,04,149,HandTipRight,0.3206512,-0.5779846,2.000464
02,04,149,ThumbRight,0.2858449,-0.4767012,1.978192
02,04,178,SpineBase,0.1775134,-0.2324572,2.093651
02,04,178,SpineMid,0.154121,0.1031327,2.10365
02,04,178,Neck,0.1305021,0.4273945,2.10008
02,04,178,Head,0.1626222,0.552147,2.126842
02,04,178,ShoulderLeft,0.05105394,0.2798095,1.985745
02,04,178,ElbowLeft,-0.008975711,0.06577522,1.925572
02,04,178,WristLeft,0.07583194,-0.1667273,1.839363
02,04,178,HandLeft,0.1097813,-0.2461388,1.793546
02,04,178,ShoulderRight,0.2295517,0.2534321,2.200496
02,04,178,ElbowRight,0.2405145,-0.002891291,2.23082
02,04,178,WristRight,0.2565548,-0.2454028,2.133984
02,04,178,HandRight,0.319986,-0.5065784,2.004921
02,04,178,HipLeft,0.1300933,-0.2249006,2.02589
02,04,178,KneeLeft,0.0434101,-0.486443,1.991743
02,04,178,AnkleLeft,-0.1841567,-0.7336112,2.137648
02,04,178,FootLeft,-0.1034295,-0.7691499,2.043403
02,04,178,HipRight,0.2188223,-0.2320933,2.090075
02,04,178,KneeRight,0.3532782,-0.5143132,2.020302
02,04,178,AnkleRight,0.4099655,-0.8472486,1.977203
02,04,178,FootRight,0.4536703,-0.9214355,1.900978
02,04,178,SpineShoulder,0.1364704,0.3478716,2.103247
02,04,178,HandTipLeft,0.1462504,-0.3039094,1.760645
02,04,178,ThumbLeft,0.1444301,-0.2758162,1.7849
02,04,178,HandTipRight,0.3663991,-0.570586,1.974504
02,04,178,ThumbRight,0.3345067,-0.4635296,1.96087
02,04,214,SpineBase,0.2418046,-0.2242163,2.071542
02,04,214,SpineMid,0.2085172,0.1107514,2.080807
02,04,214,Neck,0.1746094,0.4342209,2.076681
02,04,214,Head,0.2153503,0.5565473,2.100791
02,04,214,ShoulderLeft,0.09037949,0.2876773,1.964505
02,04,214,ElbowLeft,0.03552257,0.07485101,1.903291
02,04,214,WristLeft,0.1024946,-0.1528663,1.820452
02,04,214,HandLeft,0.1322344,-0.233196,1.79263
02,04,214,ShoulderRight,0.2735092,0.260179,2.177096
02,04,215,ElbowRight,0.2840997,0.003752165,2.207485
02,04,215,WristRight,0.2999153,-0.2388146,2.110676
02,04,215,HandRight,0.3702708,-0.5054265,1.988668
02,04,215,HipLeft,0.1949257,-0.2159601,2.005912
02,04,215,KneeLeft,0.12847,-0.4948843,1.950544
02,04,215,AnkleLeft,-0.1193858,-0.7158651,2.106086
02,04,215,FootLeft,-0.04042719,-0.7510874,2.010447
02,04,215,HipRight,0.2803223,-0.2247721,2.066044
02,04,215,KneeRight,0.4032349,-0.5213341,2.003441
02,04,215,AnkleRight,0.4221496,-0.858909,1.965089
02,04,215,FootRight,0.4560519,-0.9262209,1.903097
02,04,215,SpineShoulder,0.1834335,0.3549563,2.079841
02,04,215,HandTipLeft,0.1647837,-0.2912814,1.744078
02,04,215,ThumbLeft,0.1543026,-0.2271595,1.856
02,04,215,HandTipRight,0.4095227,-0.5659389,1.958328
02,04,215,ThumbRight,0.3826102,-0.4678228,1.935387
02,04,245,SpineBase,0.295241,-0.2079708,2.046059
02,04,245,SpineMid,0.2556507,0.126183,2.054264
02,04,245,Neck,0.2156897,0.448705,2.048927
02,04,245,Head,0.2592198,0.5714915,2.075154
02,04,245,ShoulderLeft,0.1247709,0.3004808,1.9437
02,04,245,ElbowLeft,0.07748218,0.06667145,1.880314
02,04,245,WristLeft,0.1424928,-0.1738006,1.799716
02,04,245,HandLeft,0.1671696,-0.2546696,1.774269
02,04,245,ShoulderRight,0.3144509,0.2745504,2.149373
02,04,245,ElbowRight,0.3246875,0.01794779,2.179857
02,04,245,WristRight,0.3402893,-0.2247189,2.083085
02,04,245,HandRight,0.4139127,-0.4872162,1.950794
02,04,245,HipLeft,0.2472725,-0.2008593,1.980385
02,04,245,KneeLeft,0.1935301,-0.4993277,1.910297
02,04,245,AnkleLeft,-0.04724482,-0.7298182,2.064051
02,04,245,FootLeft,0.02848398,-0.7644658,1.965889
02,04,245,HipRight,0.3329145,-0.2078725,2.040808
02,04,245,KneeRight,0.4147881,-0.5197783,1.995092
02,04,245,AnkleRight,0.4250536,-0.8613728,1.96034
02,04,245,FootRight,0.4589852,-0.9294612,1.901991
02,04,245,SpineShoulder,0.2257844,0.3696646,2.05252
02,04,245,HandTipLeft,0.191069,-0.3221313,1.759527
02,04,245,ThumbLeft,0.2071447,-0.2479646,1.824167
02,04,245,HandTipRight,0.4393435,-0.5567955,1.944596
02,04,245,ThumbRight,0.4526273,-0.4707748,1.913857
02,04,279,SpineBase,0.3393037,-0.1847198,2.013877
02,04,279,SpineMid,0.2960893,0.1454836,2.02677
02,04,279,Neck,0.2484381,0.4622273,2.02868
02,04,279,Head,0.3065865,0.5802233,2.045454
02,04,279,ShoulderLeft,0.1552943,0.319016,1.923291
02,04,279,ElbowLeft,0.1050744,0.07049576,1.869403
02,04,279,WristLeft,0.1588624,-0.1731597,1.790204
02,04,279,HandLeft,0.1830863,-0.2489654,1.76209
02,04,279,ShoulderRight,0.347085,0.2879833,2.129158
02,04,279,ElbowRight,0.3570397,0.03123065,2.15973
02,04,279,WristRight,0.3724708,-0.2115236,2.062995
02,04,279,HandRight,0.4424606,-0.4724315,1.937173
02,04,279,HipLeft,0.2858796,-0.1760547,1.945449
02,04,279,KneeLeft,0.2555296,-0.4605287,1.875135
02,04,279,AnkleLeft,0.04367375,-0.7282021,2.012316
02,04,279,FootLeft,0.118075,-0.7622595,1.914162
02,04,279,HipRight,0.3807339,-0.1868926,2.011571
02,04,279,KneeRight,0.4364752,-0.5246767,1.978768
02,04,279,AnkleRight,0.4262304,-0.8645984,1.958381
02,04,279,FootRight,0.45978,-0.9307387,1.901348
02,04,279,SpineShoulder,0.260482,0.3845989,2.030493
02,04,280,HandTipLeft,0.2027718,-0.3117263,1.753332
02,04,280,ThumbLeft,0.2129554,-0.2325521,1.772214
02,04,280,HandTipRight,0.4592305,-0.5510673,1.937802
02,04,280,ThumbRight,0.4875273,-0.4476812,1.94275
02,04,312,SpineBase,0.3611128,-0.1670124,1.989969
02,04,312,SpineMid,0.3226259,0.1603819,2.002431
02,04,312,Neck,0.2873847,0.4770486,1.99863
02,04,312,Head,0.3365026,0.5995907,2.024974
02,04,312,ShoulderLeft,0.18351,0.3327435,1.904683
02,04,312,ElbowLeft,0.1392891,0.0891837,1.856738
02,04,312,WristLeft,0.1828713,-0.157938,1.782451
02,04,312,HandLeft,0.1983774,-0.238042,1.759441
02,04,312,ShoulderRight,0.3858958,0.3026855,2.099153
02,04,312,ElbowRight,0.3955044,0.04574708,2.129838
02,04,312,WristRight,0.4107259,-0.197113,2.033151
02,04,312,HandRight,0.4757139,-0.4546357,1.929965
02,04,312,HipLeft,0.3051491,-0.1599173,1.91989
02,04,312,KneeLeft,0.3435408,-0.4826585,1.835554
02,04,312,AnkleLeft,0.1276732,-0.7533973,1.96253
02,04,312,FootLeft,0.1081897,-0.8637199,1.95148
02,04,312,HipRight,0.4043559,-0.1680378,1.989298
02,04,312,KneeRight,0.4676338,-0.4753778,1.95347
02,04,312,AnkleRight,0.4287425,-0.8450676,1.95699
02,04,312,FootRight,0.4602904,-0.929856,1.900134
02,04,312,SpineShoulder,0.2962272,0.3995903,2.001805
02,04,312,HandTipLeft,0.2106745,-0.3026828,1.753373
02,04,312,ThumbLeft,0.2299698,-0.2222344,1.763737
02,04,312,HandTipRight,0.4845945,-0.5196713,1.91453
02,04,312,ThumbRight,0.5058645,-0.4503658,1.947625
02,04,347,SpineBase,0.4040724,-0.1513665,1.973797
02,04,347,SpineMid,0.3624963,0.1744349,1.983246
02,04,348,Neck,0.317004,0.4871849,1.981289
02,04,348,Head,0.3764922,0.6066638,1.995937
02,04,348,ShoulderLeft,0.213686,0.3448451,1.888508
02,04,348,ElbowLeft,0.1656752,0.0881683,1.843706
02,04,348,WristLeft,0.2125942,-0.1157581,1.778915
02,04,348,HandLeft,0.2198482,-0.198578,1.76354
02,04,348,ShoulderRight,0.4154064,0.3127514,2.081841
02,04,348,ElbowRight,0.4247566,0.05569773,2.112613
02,04,348,WristRight,0.4398211,-0.1872298,2.015963
02,04,348,HandRight,0.4769371,-0.2357092,1.96466
02,04,348,HipLeft,0.344734,-0.1447421,1.906351
02,04,348,KneeLeft,0.3997026,-0.4552655,1.808047
02,04,348,AnkleLeft,0.2294027,-0.7668704,1.910416
02,04,348,FootLeft,0.2972241,-0.8570324,1.887335
02,04,348,HipRight,0.4488453,-0.1526667,1.970808
02,04,348,KneeRight,0.456693,-0.5012112,1.95742
02,04,348,AnkleRight,0.4098062,-0.7717667,1.945934
02,04,348,FootRight,0.4431817,-0.8782237,1.905999
02,04,348,SpineShoulder,0.3284976,0.4106197,1.983944
02,04,348,HandTipLeft,0.2210414,-0.2667172,1.743174
02,04,348,ThumbLeft,0.2487058,-0.1852629,1.772421
02,04,348,HandTipRight,0.4792852,-0.270218,1.948766
02,04,348,ThumbRight,0.4970696,-0.2713255,1.9625
02,04,382,SpineBase,0.4269057,-0.1393108,1.937407
02,04,382,SpineMid,0.3889295,0.1842806,1.956014
02,04,382,Neck,0.3529089,0.4967899,1.958021
02,04,382,Head,0.4079978,0.6155668,1.973399
02,04,382,ShoulderLeft,0.2414004,0.3507921,1.870963
02,04,382,ElbowLeft,0.1945937,0.09584843,1.832688
02,04,382,WristLeft,0.2288071,-0.1417827,1.764475
02,04,382,HandLeft,0.2387784,-0.222687,1.755037
02,04,382,ShoulderRight,0.4511772,0.3222731,2.058607
02,04,382,ElbowRight,0.4602079,0.06509309,2.089484
02,04,382,WristRight,0.5796751,-0.161196,2.054215
02,04,382,HandRight,0.6145031,-0.2299521,2.04319
02,04,382,HipLeft,0.3678754,-0.1354058,1.865655
02,04,382,KneeLeft,0.4381716,-0.4691287,1.789434
02,04,382,AnkleLeft,0.3527384,-0.8184577,1.872684
02,04,382,FootLeft,0.4116211,-0.9072266,1.826172
02,04,382,HipRight,0.470527,-0.1383101,1.938522
02,04,382,KneeRight,0.4167032,-0.4861432,1.891738
02,04,382,AnkleRight,0.4274182,-0.8546641,1.951515
02,04,382,FootRight,0.455426,-0.9224409,1.889956
02,04,382,SpineShoulder,0.3619362,0.4202931,1.959747
02,04,382,HandTipLeft,0.2456496,-0.28602,1.756767
02,04,382,ThumbLeft,0.2699068,-0.2021825,1.763636
02,04,382,HandTipRight,0.6336843,-0.2893631,2.019135
02,04,382,ThumbRight,0.6096513,-0.2683174,2.0435
02,04,413,SpineBase,0.4383072,-0.1353021,1.917145
02,04,413,SpineMid,0.4117781,0.1892041,1.93231
02,04,413,Neck,0.3847573,0.5010871,1.935652
02,04,414,Head,0.4517052,0.6156804,1.943467
02,04,414,ShoulderLeft,0.2762635,0.3551649,1.846404
02,04,414,ElbowLeft,0.2211609,0.103012,1.82146
02,04,414,WristLeft,0.2516718,-0.1483361,1.757408
02,04,414,HandLeft,0.2629033,-0.223809,1.75017
02,04,414,ShoulderRight,0.482903,0.3265037,2.036261
02,04,414,ElbowRight,0.4916422,0.06924196,2.067226
02,04,414,WristRight,0.630946,-0.1352732,2.020212
02,04,414,HandRight,0.6741376,-0.2082562,1.99782
02,04,414,HipLeft,0.3805963,-0.1313557,1.842622
02,04,414,KneeLeft,0.5098085,-0.4479604,1.745769
02,04,414,AnkleLeft,0.4480965,-0.8102533,1.793973
02,04,414,FootLeft,0.4846191,-0.8964844,1.765625
02,04,414,HipRight,0.4799362,-0.1344352,1.921506
02,04,414,KneeRight,0.4446251,-0.4791189,1.938701
02,04,414,AnkleRight,0.4315981,-0.7526482,1.908749
02,04,414,FootRight,0.4935542,-0.7866448,1.805762
02,04,414,SpineShoulder,0.3917245,0.4248148,1.936917
02,04,414,HandTipLeft,0.2638934,-0.2866802,1.752726
02,04,414,ThumbLeft,0.2950604,-0.2156245,1.751917
02,04,414,HandTipRight,0.6977873,-0.2649898,1.979889
02,04,414,ThumbRight,0.6722897,-0.2444877,1.994437
02,04,447,SpineBase,0.4718729,-0.1350243,1.890964
02,04,447,SpineMid,0.4470439,0.1890928,1.907862
02,04,447,Neck,0.4201789,0.5006062,1.912019
02,04,447,Head,0.4809347,0.6158904,1.920963
02,04,447,ShoulderLeft,0.3130335,0.3528647,1.825541
02,04,447,ElbowLeft,0.2449138,0.1079398,1.804611
02,04,447,WristLeft,0.2698276,-0.1283642,1.752299
02,04,447,HandLeft,0.2868334,-0.2118693,1.744973
02,04,447,ShoulderRight,0.5181819,0.3259686,2.012639
02,04,447,ElbowRight,0.5265925,0.06866303,2.043693
02,04,447,WristRight,0.6808777,-0.1189931,1.984865
02,04,447,HandRight,0.7283983,-0.1915671,1.956429
02,04,448,HipLeft,0.410856,-0.1302151,1.820014
02,04,448,KneeLeft,0.5483975,-0.4438233,1.718514
02,04,448,AnkleLeft,0.5498897,-0.8151859,1.728035
02,04,448,FootLeft,0.5386964,-0.9009106,1.77396
02,04,448,HipRight,0.5154614,-0.1349561,1.892009
02,04,448,KneeRight,0.4782399,-0.4768111,1.923559
02,04,448,AnkleRight,0.4277428,-0.7469158,1.903707
02,04,448,FootRight,0.486912,-0.8262557,1.816719
02,04,448,SpineShoulder,0.4272987,0.4244246,1.913109
02,04,448,HandTipLeft,0.284889,-0.2800893,1.73778
02,04,448,ThumbLeft,0.316801,-0.2061881,1.746333
02,04,448,HandTipRight,0.7554235,-0.2426304,1.929061
02,04,448,ThumbRight,0.7271004,-0.2252685,1.953368
02,04,478,SpineBase,0.4937125,-0.1480809,1.856812
02,04,478,SpineMid,0.4737258,0.1804981,1.880785
02,04,478,Neck,0.4526502,0.4955893,1.890077
02,04,478,Head,0.5240204,0.605701,1.889622
02,04,478,ShoulderLeft,0.3412948,0.3476619,1.802997
02,04,478,ElbowLeft,0.2844427,0.09192511,1.781256
02,04,478,WristLeft,0.3040558,-0.1611817,1.731807
02,04,478,HandLeft,0.3107932,-0.2374379,1.731045
02,04,478,ShoulderRight,0.5505161,0.3209153,1.990697
02,04,478,ElbowRight,0.5586185,0.0636069,2.021823
02,04,478,WristRight,0.7266256,-0.1184059,1.945313
02,04,478,HandRight,0.7801404,-0.1850727,1.913344
02,04,478,HipLeft,0.4347811,-0.1388762,1.784954
02,04,478,KneeLeft,0.5505155,-0.4491836,1.715253
02,04,478,AnkleLeft,0.6434857,-0.8066465,1.663984
02,04,478,FootLeft,0.7001917,-0.8387914,1.562228
02,04,478,HipRight,0.5343146,-0.1517634,1.858986
02,04,478,KneeRight,0.490379,-0.4880826,1.909496
02,04,478,AnkleRight,0.4288185,-0.7560587,1.898613
02,04,478,FootRight,0.4526792,-0.8625115,1.893229
02,04,478,SpineShoulder,0.4581586,0.4185644,1.890028
02,04,478,HandTipLeft,0.3127905,-0.310767,1.742405
02,04,478,ThumbLeft,0.3426189,-0.2156867,1.733091
02,04,478,HandTipRight,0.8014147,-0.2319094,1.883079
02,04,478,ThumbRight,0.7591824,-0.2103819,1.89575
02,04,513,SpineBase,0.5144878,-0.1570139,1.836874
02,04,513,SpineMid,0.5000306,0.1719383,1.858114
02,04,513,Neck,0.4823268,0.488353,1.866976
02,04,513,Head,0.5505887,0.5978457,1.869194
02,04,513,ShoulderLeft,0.3753663,0.3395897,1.775234
02,04,513,ElbowLeft,0.3023523,0.0860679,1.765118
02,04,513,WristLeft,0.3169778,-0.1506849,1.723492
02,04,514,HandLeft,0.3358162,-0.2412429,1.717768
02,04,514,ShoulderRight,0.5800628,0.3136454,1.967593
02,04,514,ElbowRight,0.5878717,0.05634474,1.998788
02,04,514,WristRight,0.7608977,-0.1187261,1.917423
02,04,514,HandRight,0.8121477,-0.1674742,1.885545
02,04,514,HipLeft,0.4562625,-0.1506979,1.764926
02,04,514,KneeLeft,0.5633704,-0.4527911,1.704224
02,04,514,AnkleLeft,0.6898932,-0.7540577,1.620528
02,04,514,FootLeft,0.7469028,-0.7871538,1.520478
02,04,514,HipRight,0.5533197,-0.1575891,1.839691
02,04,514,KneeRight,0.516252,-0.4947126,1.889195
02,04,514,AnkleRight,0.4296076,-0.7539161,1.909663
02,04,514,FootRight,0.4525905,-0.8620288,1.897284
02,04,514,SpineShoulder,0.4873146,0.410941,1.866819
02,04,514,HandTipLeft,0.3342387,-0.3092624,1.720915
02,04,514,ThumbLeft,0.3638487,-0.2124886,1.7192
02,04,514,HandTipRight,0.8506697,-0.2192141,1.848658
02,04,514,ThumbRight,0.8289642,-0.2186077,1.876857
02,04,549,SpineBase,0.531634,-0.1754185,1.797467
02,04,549,SpineMid,0.5223979,0.1578622,1.826367
02,04,549,Neck,0.5109755,0.4768822,1.839924
02,04,549,Head,0.5900306,0.5789748,1.840216
02,04,549,ShoulderLeft,0.4034272,0.3261764,1.748945
02,04,549,ElbowLeft,0.3360661,0.07089467,1.728802
02,04,549,WristLeft,0.3610118,-0.1847124,1.698413
02,04,549,HandLeft,0.3662206,-0.2636299,1.701533
02,04,550,ShoulderRight,0.6085784,0.3021415,1.940531
02,04,550,ElbowRight,0.6160854,0.04487482,1.971788
02,04,550,WristRight,0.7979754,-0.1200409,1.889338
02,04,550,HandRight,0.8548743,-0.1798135,1.849489
02,04,550,HipLeft,0.4737059,-0.1658433,1.728113
02,04,550,KneeLeft,0.6152695,-0.4782367,1.665436
02,04,550,AnkleLeft,0.7035506,-0.7537988,1.608761
02,04,550,FootLeft,0.7599854,-0.7868784,1.508574
02,04,550,HipRight,0.5690655,-0.1784467,1.797961
02,04,550,KneeRight,0.5115786,-0.5161979,1.83598
02,04,550,AnkleRight,0.4392847,-0.7616324,1.923121
02,04,550,FootRight,0.4595242,-0.8719197,1.890971
02,04,550,SpineShoulder,0.5141872,0.3989609,1.838863
02,04,550,HandTipLeft,0.3666162,-0.3305914,1.710797
02,04,550,ThumbLeft,0.3984286,-0.2490578,1.702182
02,04,550,HandTipRight,0.8928942,-0.2232224,1.819197
02,04,550,ThumbRight,0.8592497,-0.2186027,1.842
02,04,579,SpineBase,0.5590992,-0.192427,1.781677
02,04,579,SpineMid,0.5479996,0.1418621,1.805885
02,04,579,Neck,0.5328097,0.4633343,1.817207
02,04,579,Head,0.6158366,0.5650989,1.821734
02,04,579,ShoulderLeft,0.4331113,0.3113334,1.72285
02,04,579,ElbowLeft,0.3660007,0.05591027,1.70523
02,04,579,WristLeft,0.3842886,-0.1922906,1.684488
02,04,579,HandLeft,0.3968576,-0.2790363,1.684719
02,04,579,ShoulderRight,0.6303035,0.2885776,1.917795
02,04,579,ElbowRight,0.6375669,0.03136727,1.949092
02,04,579,WristRight,0.8229268,-0.1272931,1.862227
02,04,579,HandRight,0.8720211,-0.1730358,1.833864
02,04,579,HipLeft,0.4986966,-0.1819648,1.717377
02,04,579,KneeLeft,0.6446885,-0.4661324,1.648855
02,04,579,AnkleLeft,0.7477178,-0.7392606,1.581003
02,04,579,FootLeft,0.8051188,-0.7726488,1.48311
02,04,579,HipRight,0.5982857,-0.1956477,1.77696
02,04,579,KneeRight,0.6264008,-0.5117359,1.701447
02,04,579,AnkleRight,0.4805043,-0.7949531,1.883108
02,04,579,FootRight,0.4743795,-0.904252,1.880567
02,04,579,SpineShoulder,0.5372394,0.3846796,1.816441
02,04,579,HandTipLeft,0.3957248,-0.3454143,1.693115
02,04,579,ThumbLeft,0.4268215,-0.2506152,1.686769
02,04,579,HandTipRight,0.9156101,-0.2313448,1.816636
02,04,579,ThumbRight,0.9037058,-0.2338386,1.823833
02,04,616,SpineBase,0.5693941,-0.2098529,1.764515
02,04,616,SpineMid,0.5660871,0.1250199,1.785264
02,04,616,Neck,0.5616316,0.4462954,1.79112
02,04,616,Head,0.6444705,0.5473952,1.792918
02,04,616,ShoulderLeft,0.4655495,0.2977108,1.696724
02,04,616,ElbowLeft,0.3983325,0.04228482,1.677497
02,04,616,WristLeft,0.4239852,-0.2148889,1.658413
02,04,616,HandLeft,0.4296058,-0.2977239,1.661839
02,04,617,ShoulderRight,0.6589768,0.2715307,1.891684
02,04,617,ElbowRight,0.6659245,0.01441076,1.923036
02,04,617,WristRight,0.8528228,-0.1455581,1.843919
02,04,617,HandRight,0.9150897,-0.2050215,1.793036
02,04,617,HipLeft,0.5105875,-0.196018,1.700999
02,04,617,KneeLeft,0.6931814,-0.4618703,1.610908
02,04,617,AnkleLeft,0.5566866,-0.6854547,1.69019
02,04,617,FootLeft,0.653549,-0.6746498,1.592766
02,04,617,HipRight,0.6060843,-0.2157329,1.759776
02,04,617,KneeRight,0.604933,-0.5464633,1.827923
02,04,617,AnkleRight,0.4862643,-0.8360072,1.905342
02,04,617,FootRight,0.4834598,-0.9146513,1.884465
02,04,617,SpineShoulder,0.5630466,0.3677692,1.791981
02,04,617,HandTipLeft,0.430996,-0.367894,1.672174
02,04,617,ThumbLeft,0.4622311,-0.2704248,1.6687
02,04,617,HandTipRight,0.95819,-0.2492386,1.763408
02,04,617,ThumbRight,0.9130964,-0.2344727,1.792188
02,04,646,SpineBase,0.6081668,-0.220399,1.732232
02,04,646,SpineMid,0.5934516,0.1168749,1.761917
02,04,646,Neck,0.5762969,0.4409745,1.777579
02,04,646,Head,0.6618629,0.5361186,1.772225
02,04,646,ShoulderLeft,0.4848963,0.2885973,1.684282
02,04,646,ElbowLeft,0.4141864,0.0342293,1.659056
02,04,646,WristLeft,0.4538756,-0.1954086,1.63948
02,04,646,HandLeft,0.4635131,-0.2843786,1.634261
02,04,647,ShoulderRight,0.6735673,0.2661956,1.878143
02,04,647,ElbowRight,0.6803554,0.009094118,1.909537
02,04,647,WristRight,0.8577386,-0.1580804,1.822456
02,04,647,HandRight,0.8967048,-0.1749354,1.795976
02,04,647,HipLeft,0.5456678,-0.205444,1.671819
02,04,647,KneeLeft,0.7218177,-0.3735447,1.57697
02,04,647,AnkleLeft,0.7427571,-0.6496635,1.543262
02,04,647,FootLeft,0.8011811,-0.6840422,1.446387
02,04,647,HipRight,0.6459801,-0.2265147,1.725933
02,04,647,KneeRight,0.661464,-0.549751,1.810771
02,04,647,AnkleRight,0.5080823,-0.832952,1.895121
02,04,647,FootRight,0.551523,-0.93405,1.862312
02,04,647,SpineShoulder,0.580938,0.3617163,1.775956
02,04,647,HandTipLeft,0.4623818,-0.3497626,1.626431
02,04,647,ThumbLeft,0.4911376,-0.2622241,1.642714
02,04,647,HandTipRight,0.931047,-0.2169752,1.733164
02,04,647,ThumbRight,0.8986797,-0.2086498,1.779423
02,04,680,SpineBase,0.6648012,-0.2185106,1.72771
02,04,680,SpineMid,0.6315627,0.1166666,1.751168
02,04,680,Neck,0.5974301,0.4393799,1.763724
02,04,680,Head,0.6774499,0.5345618,1.751108
02,04,680,ShoulderLeft,0.5000679,0.2833058,1.676988
02,04,680,ElbowLeft,0.4593575,0.02354862,1.641056
02,04,680,WristLeft,0.4892906,-0.2318702,1.604505
02,04,680,HandLeft,0.4971359,-0.2988593,1.603924
02,04,680,ShoulderRight,0.6945984,0.264581,1.864304
02,04,680,ElbowRight,0.7011783,0.00747357,1.895773
02,04,680,WristRight,0.8834395,-0.1540765,1.808715
02,04,680,HandRight,0.9249339,-0.2095431,1.769419
02,04,680,HipLeft,0.6008726,-0.2039935,1.665283
02,04,680,KneeLeft,0.7503302,-0.3941208,1.56326
02,04,681,AnkleLeft,0.7436604,-0.6477201,1.54484
02,04,681,FootLeft,0.8000447,-0.6816455,1.44549
02,04,681,HipRight,0.7029508,-0.224571,1.723405
02,04,681,KneeRight,0.7341002,-0.5415767,1.818694
02,04,681,AnkleRight,0.5536135,-0.8222278,1.871859
02,04,681,FootRight,0.6078362,-0.9162506,1.85699
02,04,681,SpineShoulder,0.6060065,0.360408,1.762597
02,04,681,HandTipLeft,0.4913119,-0.3647436,1.598544
02,04,681,ThumbLeft,0.5265299,-0.2732251,1.605917
02,04,681,HandTipRight,0.9517944,-0.2707423,1.750308
02,04,681,ThumbRight,0.9239365,-0.24081,1.77805
02,04,713,SpineBase,0.7320616,-0.2010978,1.721005
02,04,713,SpineMid,0.6762643,0.1285471,1.742685
02,04,713,Neck,0.6118796,0.4436272,1.755701
02,04,713,Head,0.6814927,0.54172,1.736945
02,04,713,ShoulderLeft,0.5124071,0.2855372,1.671196
02,04,713,ElbowLeft,0.4762726,0.03358426,1.629796
02,04,713,WristLeft,0.5258686,-0.1830884,1.577606
02,04,713,HandLeft,0.5348805,-0.2700325,1.570137
02,04,713,ShoulderRight,0.7089835,0.2688029,1.856309
02,04,713,ElbowRight,0.7154313,0.01165107,1.887844
02,04,713,WristRight,0.8771048,-0.1664459,1.790814
02,04,713,HandRight,0.9130742,-0.1936478,1.768668
02,04,713,HipLeft,0.6678934,-0.1877292,1.659379
02,04,713,KneeLeft,0.7647576,-0.4099938,1.55232
02,04,713,AnkleLeft,0.7652312,-0.6847588,1.541067
02,04,713,FootLeft,0.7044412,-0.5911584,1.506298
02,04,713,HipRight,0.768116,-0.2067543,1.716762
02,04,713,KneeRight,0.718604,-0.5460255,1.753228
02,04,713,AnkleRight,0.5698372,-0.7563113,1.843185
02,04,713,FootRight,0.6287204,-0.8486579,1.822606
02,04,713,SpineShoulder,0.6268446,0.3662386,1.754222
02,04,713,HandTipLeft,0.5360626,-0.3338516,1.553714
02,04,713,ThumbLeft,0.5622934,-0.2519313,1.572689
02,04,713,HandTipRight,0.9441184,-0.2669277,1.746817
02,04,713,ThumbRight,0.9236082,-0.2430587,1.758538
02,04,749,SpineBase,0.7386873,-0.1899791,1.715271
02,04,749,SpineMid,0.6844142,0.1361664,1.738296
02,04,749,Neck,0.6283671,0.4511349,1.748296
02,04,749,Head,0.6830492,0.5499648,1.720747
02,04,749,ShoulderLeft,0.5265392,0.294113,1.666863
02,04,749,ElbowLeft,0.4942661,0.05505254,1.624272
02,04,749,WristLeft,0.5679946,-0.1639113,1.556909
02,04,749,HandLeft,0.5769523,-0.2512769,1.539332
02,04,749,ShoulderRight,0.7254012,0.2762797,1.848944
02,04,749,ElbowRight,0.7317073,0.01906023,1.880563
02,04,749,WristRight,0.8785492,-0.1590647,1.759743
02,04,749,HandRight,0.913152,-0.2027452,1.738331
02,04,749,HipLeft,0.6730723,-0.1785412,1.652737
02,04,749,KneeLeft,0.7809765,-0.4002571,1.56547
02,04,749,AnkleLeft,0.7576532,-0.682983,1.527254
02,04,749,FootLeft,0.8123362,-0.7157875,1.426545
02,04,749,HipRight,0.7761225,-0.193757,1.712074
02,04,749,KneeRight,0.7469314,-0.5390733,1.725088
02,04,749,AnkleRight,0.6040375,-0.7426574,1.835212
02,04,749,FootRight,0.6676134,-0.8298532,1.782585
02,04,750,SpineShoulder,0.6425508,0.3743724,1.747635
02,04,750,HandTipLeft,0.5803923,-0.3135845,1.519809
02,04,750,ThumbLeft,0.5946114,-0.2695521,1.51154
02,04,750,HandTipRight,0.9351212,-0.2736223,1.711646
02,04,750,ThumbRight,0.9306679,-0.1875632,1.72975
02,04,813,SpineBase,0.7543357,-0.1768371,1.714587
02,04,813,SpineMid,0.7081164,0.1504201,1.733628
02,04,813,Neck,0.6599296,0.4646372,1.73845
02,04,813,Head,0.6883432,0.5678563,1.699227
02,04,813,ShoulderLeft,0.5491097,0.3221825,1.670542
02,04,813,ElbowLeft,0.5271943,0.09286878,1.621264
02,04,813,WristLeft,0.616674,-0.1289847,1.514002
02,04,813,HandLeft,0.6415908,-0.1841848,1.484895
02,04,813,ShoulderRight,0.756832,0.2897423,1.839168
02,04,813,ElbowRight,0.7628815,0.03241793,1.87094
02,04,813,WristRight,0.9010539,-0.1532658,1.751232
02,04,814,HandRight,0.9168541,-0.1826701,1.703418
02,04,814,HipLeft,0.687206,-0.1709401,1.655098
02,04,814,KneeLeft,0.7360955,-0.4222019,1.570471
02,04,814,AnkleLeft,0.7217968,-0.7402151,1.520253
02,04,814,FootLeft,0.7737125,-0.804994,1.482359
02,04,814,HipRight,0.7932334,-0.1741647,1.707668
02,04,814,KneeRight,0.7664738,-0.5203688,1.718569
02,04,814,AnkleRight,0.7838676,-0.7925829,1.724686
02,04,814,FootRight,0.8356979,-0.8251805,1.620255
02,04,814,SpineShoulder,0.6724433,0.3879517,1.739419
02,04,814,HandTipLeft,0.6688977,-0.2447947,1.456995
02,04,814,ThumbLeft,0.6538981,-0.2022551,1.435879
02,04,814,HandTipRight,0.9192765,-0.2047704,1.674865
02,04,814,ThumbRight,0.9300494,-0.1662721,1.72325
02,04,847,SpineBase,0.7610053,-0.1596601,1.712202
02,04,847,SpineMid,0.7135088,0.1567769,1.731744
02,04,847,Neck,0.6639122,0.4654863,1.737297
02,04,847,Head,0.6891428,0.5708021,1.696181
02,04,847,ShoulderLeft,0.5506853,0.3266546,1.673724
02,04,847,ElbowLeft,0.5292262,0.09877475,1.622983
02,04,847,WristLeft,0.6411719,-0.1003844,1.493323
02,04,847,HandLeft,0.6733432,-0.154516,1.473671
02,04,847,ShoulderRight,0.8345549,0.3440533,1.777441
02,04,847,ElbowRight,0.8399006,0.08618411,1.809762
02,04,847,WristRight,0.8657779,-0.1414357,1.68102
02,04,847,HandRight,0.9008993,-0.1809139,1.664141
02,04,847,HipLeft,0.6877764,-0.1630723,1.657789
02,04,847,KneeLeft,0.6885703,-0.4521093,1.571726
02,04,847,AnkleLeft,0.7640569,-0.7141671,1.546684
02,04,847,FootLeft,0.7040312,-0.6263707,1.48508
02,04,847,HipRight,0.8097167,-0.1447671,1.696143
02,04,847,KneeRight,0.7805275,-0.4903109,1.715487
02,04,847,AnkleRight,0.7875811,-0.8124573,1.514464
02,04,847,FootRight,0.8071237,-0.8435356,1.393047
02,04,847,SpineShoulder,0.6766791,0.3897754,1.738132
02,04,847,HandTipLeft,0.7158232,-0.2121018,1.438722
02,04,847,ThumbLeft,0.6203939,-0.09704053,1.434833
02,04,847,HandTipRight,0.9046367,-0.2270636,1.628629
02,04,847,ThumbRight,0.9269431,-0.1710662,1.668714
02,04,878,SpineBase,0.7688636,-0.155072,1.716656
02,04,878,SpineMid,0.720874,0.159412,1.732927
02,04,878,Neck,0.6706256,0.4649672,1.736232
02,04,878,Head,0.6898765,0.5729563,1.694093
02,04,879,ShoulderLeft,0.55067,0.3345495,1.68455
02,04,879,ElbowLeft,0.5308133,0.1085159,1.632165
02,04,879,WristLeft,0.6617968,-0.06532519,1.487062
02,04,879,HandLeft,0.7040526,-0.1249572,1.438234
02,04,879,ShoulderRight,0.8390309,0.3471841,1.773885
02,04,879,ElbowRight,0.8443369,0.08928423,1.80624
02,04,879,WristRight,0.8993638,-0.1416376,1.69618
02,04,879,HandRight,0.8997784,-0.2032541,1.628658
02,04,879,HipLeft,0.6938705,-0.1537398,1.671525
02,04,879,KneeLeft,0.6907612,-0.4558617,1.572552
02,04,879,AnkleLeft,0.7605339,-0.7190464,1.538555
02,04,879,FootLeft,0.7758453,-0.7517557,1.414757
02,04,879,HipRight,0.817503,-0.1451135,1.696878
02,04,879,KneeRight,0.7200711,-0.4869397,1.656623
02,04,879,AnkleRight,0.8609095,-0.666501,1.49542
02,04,879,FootRight,0.8247896,-0.7737277,1.500325
02,04,879,SpineShoulder,0.6835694,0.3900822,1.73757
02,04,879,HandTipLeft,0.7543643,-0.1689162,1.422785
02,04,879,ThumbLeft,0.6896166,-0.1268283,1.393339
02,04,879,HandTipRight,0.8865666,-0.2621682,1.584948
02,04,879,ThumbRight,0.9056867,-0.2600554,1.578
02,04,915,SpineBase,0.7668088,-0.1477917,1.708147
02,04,915,SpineMid,0.7242557,0.1619453,1.730255
02,04,915,Neck,0.6826302,0.4637695,1.7367
02,04,915,Head,0.6909188,0.5749059,1.692983
02,04,915,ShoulderLeft,0.5496923,0.3400107,1.700827
02,04,915,ElbowLeft,0.5329056,0.1365481,1.661902
02,04,915,WristLeft,0.6196058,0.003329654,1.523507
02,04,915,HandLeft,0.6742953,-0.04803772,1.478817
02,04,915,ShoulderRight,0.8536034,0.3511711,1.768545
02,04,915,ElbowRight,0.8981069,0.1087008,1.837839
02,04,915,WristRight,0.9097459,-0.1178236,1.7045
02,04,915,HandRight,0.9121121,-0.180893,1.686787
02,04,915,HipLeft,0.68749,-0.1467965,1.666333
02,04,915,KneeLeft,0.6949512,-0.4597915,1.574216
02,04,915,AnkleLeft,0.7609853,-0.7238458,1.538684
02,04,915,FootLeft,0.7684205,-0.7563592,1.412743
02,04,915,HipRight,0.8185477,-0.139832,1.683241
02,04,915,KneeRight,0.727905,-0.4831295,1.657159
02,04,915,AnkleRight,0.8480147,-0.6744117,1.492131
02,04,915,FootRight,0.7938045,-0.7809865,1.476435
02,04,915,SpineShoulder,0.6926233,0.3902359,1.73694
02,04,915,HandTipLeft,0.6999846,-0.1034742,1.403397
02,04,915,ThumbLeft,0.6175492,-0.02049265,1.480304
02,04,915,HandTipRight,0.8989739,-0.2399404,1.643031
02,04,915,ThumbRight,0.9181872,-0.2380358,1.635998
02,04,948,SpineBase,0.7666846,-0.1478583,1.708011
02,04,948,SpineMid,0.7281021,0.1616125,1.729869
02,04,948,Neck,0.6954643,0.4608039,1.737902
02,04,948,Head,0.69094,0.5755627,1.692634
02,04,948,ShoulderLeft,0.5547085,0.3430865,1.718658
02,04,948,ElbowLeft,0.5374796,0.1339443,1.669635
02,04,948,WristLeft,0.6669499,-0.004245664,1.485375
02,04,948,HandLeft,0.7239447,-0.05691656,1.411309
02,04,948,ShoulderRight,0.8833955,0.3525755,1.765859
02,04,948,ElbowRight,0.9137431,0.1067363,1.833237
02,04,948,WristRight,0.9187343,-0.1209562,1.701425
02,04,948,HandRight,0.9213171,-0.1485606,1.643863
02,04,948,HipLeft,0.6876319,-0.1472103,1.667078
02,04,948,KneeLeft,0.7012497,-0.46032,1.57605
02,04,948,AnkleLeft,0.7597837,-0.7260432,1.538005
02,04,948,FootLeft,0.7596959,-0.7585245,1.410685
02,04,948,HipRight,0.8169483,-0.1403403,1.681204
02,04,948,KneeRight,0.7994142,-0.3984541,1.580785
02,04,948,AnkleRight,0.8100011,-0.7684868,1.525745
02,04,948,FootRight,0.8091918,-0.8003817,1.39908
02,04,948,SpineShoulder,0.7037044,0.3879184,1.737721
02,04,948,HandTipLeft,0.7683392,-0.08017866,1.387955
02,04,948,ThumbLeft,0.7118438,-0.04406931,1.372704
02,04,948,HandTipRight,0.9004452,-0.1730975,1.614453
02,04,948,ThumbRight,0.9300545,-0.1359917,1.638
02,04,982,SpineBase,0.766923,-0.1478277,1.708008
02,04,982,SpineMid,0.7344009,0.1612703,1.730512
02,04,982,Neck,0.7057356,0.4587732,1.740192
02,04,982,Head,0.6908631,0.5757819,1.692866
02,04,982,ShoulderLeft,0.5614021,0.3450515,1.73761
02,04,982,ElbowLeft,0.5462589,0.1290068,1.692842
02,04,982,WristLeft,0.6654372,0.002282698,1.493362
02,04,982,HandLeft,0.7187927,-0.03270782,1.411885
02,04,982,ShoulderRight,0.8873795,0.3522496,1.762827
02,04,982,ElbowRight,0.9254873,0.1050715,1.822049
02,04,982,WristRight,0.922703,-0.1253453,1.695075
02,04,982,HandRight,0.9289624,-0.1410375,1.654889
02,04,982,HipLeft,0.6887711,-0.1476126,1.670168
02,04,982,KneeLeft,0.7093172,-0.4623832,1.579456
02,04,982,AnkleLeft,0.7592676,-0.7294528,1.536112
02,04,982,FootLeft,0.7526461,-0.7618159,1.408067
02,04,982,HipRight,0.8173098,-0.140349,1.679248
02,04,982,KneeRight,0.8233587,-0.4310418,1.585657
02,04,982,AnkleRight,0.8197222,-0.7996271,1.518794
02,04,982,FootRight,0.7499369,-0.8539815,1.460627
02,04,982,SpineShoulder,0.7134517,0.3862208,1.739704
02,04,982,HandTipLeft,0.7625464,-0.05100242,1.385287
02,04,982,ThumbLeft,0.7109413,-0.02222577,1.367074
02,04,982,HandTipRight,0.9475553,-0.2379526,1.617274
02,04,982,ThumbRight,0.94304,-0.177432,1.6434
02,05,015,SpineBase,0.7709829,-0.1480093,1.709524
02,05,015,SpineMid,0.7435531,0.1608685,1.731907
02,05,015,Neck,0.7145641,0.4579735,1.740874
02,05,015,Head,0.6901461,0.575879,1.693511
02,05,015,ShoulderLeft,0.5656997,0.3399154,1.757166
02,05,015,ElbowLeft,0.555188,0.1026216,1.711689
02,05,015,WristLeft,0.6669177,-0.001221217,1.494874
02,05,015,HandLeft,0.7049174,-0.01931992,1.41697
02,05,015,ShoulderRight,0.8973736,0.3503821,1.739142
02,05,015,ElbowRight,0.9592598,0.09730872,1.731925
02,05,015,WristRight,0.9767339,-0.1441273,1.632107
02,05,015,HandRight,0.9823541,-0.2057862,1.610226
02,05,015,HipLeft,0.6952447,-0.1492482,1.679461
02,05,015,KneeLeft,0.7146156,-0.4623959,1.582831
02,05,015,AnkleLeft,0.75769,-0.729682,1.530809
02,05,015,FootLeft,0.7374852,-0.7619835,1.402651
02,05,015,HipRight,0.8207594,-0.1403111,1.677085
02,05,015,KneeRight,0.8258373,-0.430689,1.58721
02,05,015,AnkleRight,0.970314,-0.6920878,1.65644
02,05,015,FootRight,0.8717247,-0.7443644,1.556886
02,05,015,SpineShoulder,0.7225217,0.3854416,1.740636
02,05,015,HandTipLeft,0.7429616,-0.02910747,1.385418
02,05,015,ThumbLeft,0.752219,-0.054351,1.4552
02,05,015,HandTipRight,0.9835365,-0.269899,1.587295
02,05,015,ThumbRight,1.005239,-0.1787936,1.618556
02,05,047,SpineBase,0.7820755,-0.1501201,1.716508
02,05,047,SpineMid,0.7530141,0.1589983,1.734723
02,05,047,Neck,0.7213631,0.4562567,1.74085
02,05,047,Head,0.6878954,0.5749624,1.696001
02,05,047,ShoulderLeft,0.5733098,0.3360343,1.778427
02,05,047,ElbowLeft,0.5728202,0.1379795,1.765739
02,05,047,WristLeft,0.6463896,0.0277158,1.535446
02,05,047,HandLeft,0.6807101,-0.01722145,1.438785
02,05,047,ShoulderRight,0.8958624,0.3483658,1.724226
02,05,047,ElbowRight,0.9670254,0.09924763,1.733724
02,05,047,WristRight,0.9825632,-0.1424426,1.634143
02,05,047,HandRight,0.9831054,-0.2029569,1.610224
02,05,047,HipLeft,0.7086323,-0.1531134,1.697476
02,05,047,KneeLeft,0.7219422,-0.4577652,1.594651
02,05,047,AnkleLeft,0.7277858,-0.7298651,1.547575
02,05,047,FootLeft,0.7692785,-0.776812,1.474387
02,05,047,HipRight,0.8281934,-0.1415447,1.67627
02,05,047,KneeRight,0.8346826,-0.4428955,1.595717
02,05,047,AnkleRight,0.9873573,-0.7459812,1.674733
02,05,047,FootRight,0.8807699,-0.769946,1.566172
02,05,047,SpineShoulder,0.7299104,0.3836548,1.741264
02,05,047,HandTipLeft,0.7045895,-0.02806664,1.401468
02,05,047,ThumbLeft,0.7169819,-0.04987317,1.444
02,05,047,HandTipRight,0.9853107,-0.2688912,1.582157
02,05,047,ThumbRight,0.9976259,-0.189671,1.595133
02,05,082,SpineBase,0.7907405,-0.1542432,1.727923
02,05,082,SpineMid,0.7587214,0.1571795,1.738316
02,05,082,Neck,0.7248075,0.455622,1.740319
02,05,082,Head,0.683488,0.5721338,1.700444
02,05,082,ShoulderLeft,0.5826316,0.3329577,1.795026
02,05,082,ElbowLeft,0.5886247,0.078693,1.740081
02,05,082,WristLeft,0.6320425,-0.01179507,1.507788
02,05,082,HandLeft,0.6546587,-0.02932027,1.459051
02,05,082,ShoulderRight,0.8899472,0.3444887,1.708406
02,05,082,ElbowRight,0.9730361,0.1012318,1.73036
02,05,082,WristRight,0.9828553,-0.1417621,1.633168
02,05,082,HandRight,0.9816597,-0.2047513,1.610169
02,05,082,HipLeft,0.7166477,-0.1585871,1.714553
02,05,082,KneeLeft,0.7290639,-0.4443631,1.608618
02,05,082,AnkleLeft,0.727177,-0.7140557,1.544324
02,05,082,FootLeft,0.7631364,-0.7710872,1.480173
02,05,082,HipRight,0.8344306,-0.1438577,1.679564
02,05,082,KneeRight,0.8367161,-0.4418698,1.598343
02,05,082,AnkleRight,0.9762964,-0.7061165,1.672332
02,05,083,FootRight,0.8741198,-0.7437672,1.565804
02,05,083,SpineShoulder,0.7337255,0.3827988,1.741555
02,05,083,HandTipLeft,0.6755214,-0.04309929,1.42484
02,05,083,ThumbLeft,0.6866381,-0.0673603,1.4735
02,05,083,HandTipRight,0.9845993,-0.2694368,1.586038
02,05,083,ThumbRight,0.9831166,-0.2683891,1.595667
02,05,113,SpineBase,0.7980619,-0.1568746,1.741149
02,05,113,SpineMid,0.7632086,0.1554396,1.742742
02,05,113,Neck,0.7266906,0.4548491,1.739616
02,05,114,Head,0.6777826,0.5682291,1.70622
02,05,114,ShoulderLeft,0.5912046,0.3306904,1.811311
02,05,114,ElbowLeft,0.5988069,0.1387271,1.826479
02,05,114,WristLeft,0.6041717,-0.0002586124,1.599612
02,05,114,HandLeft,0.6204157,-0.05099929,1.49333
02,05,114,ShoulderRight,0.8861323,0.3418373,1.699523
02,05,114,ElbowRight,0.9764112,0.1026238,1.72799
02,05,114,WristRight,0.9842408,-0.1423177,1.636011
02,05,114,HandRight,0.9795777,-0.206443,1.609712
02,05,114,HipLeft,0.7243346,-0.1611931,1.732859
02,05,114,KneeLeft,0.7388365,-0.4390194,1.613404
02,05,114,AnkleLeft,0.7733099,-0.724045,1.541644
02,05,114,FootLeft,0.7227331,-0.7581647,1.420898
02,05,114,HipRight,0.8408443,-0.1462546,1.686215
02,05,114,KneeRight,0.8404868,-0.4395413,1.604694
02,05,114,AnkleRight,0.9765743,-0.7059264,1.672474
02,05,114,FootRight,0.8765073,-0.7469305,1.56586
02,05,114,SpineShoulder,0.7359744,0.3818894,1.74174
02,05,114,HandTipLeft,0.6324847,-0.06555697,1.45449
02,05,114,ThumbLeft,0.6252946,-0.08591563,1.492562
02,05,114,HandTipRight,0.9759452,-0.2691688,1.583332
02,05,114,ThumbRight,0.996565,-0.1911907,1.5994
