02,29,011,SpineBase,-1.682408,-0.204996,3.031392
02,29,011,SpineMid,-1.668591,0.1192014,3.024704
02,29,011,Neck,-1.648564,0.436808,3.006771
02,29,011,Head,-1.610366,0.5508415,3.029168
02,29,011,ShoulderLeft,-1.692009,0.3081406,2.891284
02,29,011,ElbowLeft,-1.715067,0.05457753,2.832159
02,29,011,WristLeft,-1.668782,-0.1292049,2.795243
02,29,011,HandLeft,-1.665643,-0.200686,2.810705
02,29,011,ShoulderRight,-1.606099,0.2630561,3.196388
02,29,011,ElbowRight,-1.631232,0.01413519,3.242963
02,29,011,WristRight,-1.638625,-0.2197864,3.24481
02,29,011,HandRight,-1.614483,-0.2571085,3.169686
02,29,011,HipLeft,-1.683216,-0.1936578,2.958146
02,29,011,KneeLeft,-1.699731,-0.4844643,2.847218
02,29,011,AnkleLeft,-1.756256,-0.8217121,2.911096
02,29,011,FootLeft,-1.757153,-0.8751538,2.973337
02,29,011,HipRight,-1.646744,-0.2121148,3.041541
02,29,011,KneeRight,-1.645087,-0.544993,3.07333
02,29,011,AnkleRight,-1.768886,-0.7965414,3.084175
02,29,011,FootRight,-1.657331,-0.8385695,3.029668
02,29,011,SpineShoulder,-1.654698,0.3583007,3.013269
02,29,011,HandTipLeft,-1.625695,-0.2732934,2.787024
02,29,011,ThumbLeft,-1.71921,-0.2303089,2.785267
02,29,011,HandTipRight,-1.613489,-0.2612462,3.167708
02,29,011,ThumbRight,-1.608986,-0.2551467,3.163048
02,29,045,SpineBase,-1.672212,-0.2060226,3.027128
02,29,045,SpineMid,-1.658418,0.1174266,3.01946
02,29,045,Neck,-1.638704,0.4343046,3.000695
02,29,045,Head,-1.606979,0.552266,3.025836
02,29,045,ShoulderLeft,-1.68121,0.307445,2.881724
02,29,045,ElbowLeft,-1.707458,0.0535108,2.82721
02,29,045,WristLeft,-1.648296,-0.1591949,2.790246
02,29,045,HandLeft,-1.637946,-0.2337328,2.792327
02,29,045,ShoulderRight,-1.596285,0.2603358,3.190245
02,29,045,ElbowRight,-1.621578,0.01141654,3.236727
02,29,045,WristRight,-1.629023,-0.2221717,3.238463
02,29,045,HandRight,-1.595758,-0.297454,3.162074
02,29,045,HipLeft,-1.672404,-0.1952069,2.953336
02,29,045,KneeLeft,-1.688761,-0.4854008,2.840969
02,29,045,AnkleLeft,-1.753538,-0.8250741,2.910226
02,29,045,FootLeft,-1.756238,-0.8756427,2.972185
02,29,045,HipRight,-1.637268,-0.2126085,3.037831
02,29,045,KneeRight,-1.636029,-0.5480843,3.069213
02,29,045,AnkleRight,-1.764923,-0.7993026,3.080941
02,29,046,FootRight,-1.653251,-0.8413131,3.02699
02,29,046,SpineShoulder,-1.644734,0.3559904,3.007404
02,29,046,HandTipLeft,-1.611853,-0.3010955,2.772777
02,29,046,ThumbLeft,-1.664303,-0.238482,2.773125
02,29,046,HandTipRight,-1.596722,-0.3276313,3.164462
02,29,046,ThumbRight,-1.587162,-0.324843,3.1585
02,29,077,SpineBase,-1.659434,-0.2108774,3.011535
02,29,077,SpineMid,-1.646334,0.1158224,3.006112
02,29,077,Neck,-1.627149,0.4355057,2.98922
02,29,077,Head,-1.593451,0.5516169,3.013155
02,29,077,ShoulderLeft,-1.667722,0.3065279,2.871232
02,29,077,ElbowLeft,-1.697867,0.05312483,2.816806
02,29,077,WristLeft,-1.636754,-0.194512,2.765329
02,29,077,HandLeft,-1.618006,-0.2694235,2.765568
02,29,077,ShoulderRight,-1.545191,0.2591021,3.056662
02,29,077,ElbowRight,-1.570511,0.01001668,3.103072
02,29,077,WristRight,-1.556246,-0.1800301,3.130188
02,29,077,HandRight,-1.563537,-0.2632707,3.132391
02,29,077,HipLeft,-1.67025,-0.1997127,2.941999
02,29,077,KneeLeft,-1.679646,-0.490315,2.835112
02,29,077,AnkleLeft,-1.749595,-0.8259085,2.90707
02,29,077,FootLeft,-1.649359,-0.8669601,2.825385
02,29,077,HipRight,-1.606363,-0.2176608,3.015448
02,29,077,KneeRight,-1.622808,-0.5473789,3.058354
02,29,077,AnkleRight,-1.761352,-0.8031169,3.076439
02,29,077,FootRight,-1.661695,-0.8447152,2.994266
02,29,077,SpineShoulder,-1.63306,0.3565326,2.995504
02,29,077,HandTipLeft,-1.606403,-0.3368452,2.761325
02,29,077,ThumbLeft,-1.642114,-0.2907434,2.749143
02,29,077,HandTipRight,-1.562165,-0.3288541,3.121015
02,29,077,ThumbRight,-1.547759,-0.2529667,3.138
02,29,113,SpineBase,-1.64972,-0.2120334,3.005272
02,29,113,SpineMid,-1.632788,0.1124788,2.995582
02,29,113,Neck,-1.609507,0.4296102,2.973792
02,29,113,Head,-1.581864,0.5509892,3.00114
02,29,113,ShoulderLeft,-1.656044,0.3057024,2.857314
02,29,113,ElbowLeft,-1.692647,0.05243895,2.809189
02,29,113,WristLeft,-1.628684,-0.1940897,2.755115
02,29,113,HandLeft,-1.611789,-0.2690547,2.75616
02,29,113,ShoulderRight,-1.540048,0.2622055,3.051167
02,29,113,ElbowRight,-1.56538,0.01309565,3.097576
02,29,113,WristRight,-1.534623,-0.2270966,3.136096
02,29,113,HandRight,-1.541132,-0.303458,3.12087
02,29,113,HipLeft,-1.66305,-0.20206,2.933053
02,29,113,KneeLeft,-1.675547,-0.493452,2.833741
02,29,113,AnkleLeft,-1.749446,-0.8428611,2.916135
02,29,113,FootLeft,-1.746381,-0.8849937,2.963784
02,29,113,HipRight,-1.599849,-0.2176083,3.013592
02,29,113,KneeRight,-1.611029,-0.5522995,3.047021
02,29,113,AnkleRight,-1.757835,-0.8059822,3.073996
02,29,113,FootRight,-1.752782,-0.8903633,3.037873
02,29,113,SpineShoulder,-1.616445,0.3513078,2.981348
02,29,113,HandTipLeft,-1.595647,-0.339112,2.756156
02,29,113,ThumbLeft,-1.643792,-0.2688268,2.74425
02,29,113,HandTipRight,-1.537429,-0.3804415,3.110407
02,29,113,ThumbRight,-1.521606,-0.3160748,3.116308
02,29,143,SpineBase,-1.631938,-0.2138391,2.979592
02,29,143,SpineMid,-1.613178,0.1078873,2.973178
02,29,144,Neck,-1.588891,0.4230337,2.955536
02,29,144,Head,-1.564993,0.5472479,2.98426
02,29,144,ShoulderLeft,-1.638629,0.3021816,2.835951
02,29,144,ElbowLeft,-1.677212,0.04929303,2.787563
02,29,144,WristLeft,-1.617516,-0.1979842,2.738827
02,29,144,HandLeft,-1.600709,-0.2728609,2.735581
02,29,144,ShoulderRight,-1.524921,0.262421,3.057759
02,29,144,ElbowRight,-1.550331,0.01330899,3.104129
02,29,144,WristRight,-1.516856,-0.2353705,3.128549
02,29,144,HandRight,-1.504709,-0.314781,3.107376
02,29,144,HipLeft,-1.643161,-0.2031593,2.899809
02,29,144,KneeLeft,-1.669128,-0.4968821,2.831106
02,29,144,AnkleLeft,-1.743747,-0.8303443,2.910661
02,29,144,FootLeft,-1.74408,-0.8758354,2.955292
02,29,144,HipRight,-1.586253,-0.2197251,2.995974
02,29,144,KneeRight,-1.600383,-0.5516793,3.024904
02,29,144,AnkleRight,-1.749622,-0.8050133,3.070137
02,29,144,FootRight,-1.645191,-0.8472309,2.997236
02,29,144,SpineShoulder,-1.596018,0.345167,2.962013
02,29,144,HandTipLeft,-1.586011,-0.3366989,2.736668
02,29,144,ThumbLeft,-1.604501,-0.2864478,2.73675
02,29,144,HandTipRight,-1.512203,-0.3850374,3.102603
02,29,144,ThumbRight,-1.510659,-0.3431784,3.108667
02,29,179,SpineBase,-1.620118,-0.2160842,2.96659
02,29,179,SpineMid,-1.596389,0.1041901,2.955964
02,29,179,Neck,-1.566126,0.4175662,2.933565
02,29,180,Head,-1.539069,0.5416073,2.962023
02,29,180,ShoulderLeft,-1.619918,0.2928062,2.819261
02,29,180,ElbowLeft,-1.667622,0.07800006,2.750736
02,29,180,WristLeft,-1.61099,-0.1494778,2.71335
02,29,180,HandLeft,-1.607424,-0.2310135,2.735598
02,29,180,ShoulderRight,-1.505688,0.2683953,3.053495
02,29,180,ElbowRight,-1.531175,0.01923776,3.099836
02,29,180,WristRight,-1.486245,-0.2332661,3.114742
02,29,180,HandRight,-1.46688,-0.3200983,3.09799
02,29,180,HipLeft,-1.63343,-0.2051063,2.890379
02,29,180,KneeLeft,-1.6663,-0.5209254,2.826831
02,29,180,AnkleLeft,-1.741835,-0.8288338,2.907044
02,29,180,FootLeft,-1.74385,-0.8733171,2.95198
02,29,180,HipRight,-1.572251,-0.2223664,2.979077
02,29,180,KneeRight,-1.578336,-0.5495279,2.980429
02,29,180,AnkleRight,-1.722839,-0.8123148,3.061014
02,29,180,FootRight,-1.618231,-0.8552675,2.989781
02,29,180,SpineShoulder,-1.574823,0.3401725,2.941259
02,29,180,HandTipLeft,-1.575114,-0.3019364,2.700978
02,29,180,ThumbLeft,-1.666082,-0.2514018,2.736882
02,29,180,HandTipRight,-1.466241,-0.382738,3.09272
02,29,180,ThumbRight,-1.476505,-0.384829,3.0905
02,29,212,SpineBase,-1.60367,-0.2176073,2.954912
02,29,212,SpineMid,-1.575325,0.1025871,2.941742
02,29,213,Neck,-1.541341,0.4161844,2.917471
02,29,213,Head,-1.514413,0.5400209,2.942307
02,29,213,ShoulderLeft,-1.597828,0.2880455,2.799419
02,29,213,ElbowLeft,-1.656726,0.07121509,2.742085
02,29,213,WristLeft,-1.60609,-0.1505004,2.705256
02,29,213,HandLeft,-1.598913,-0.228987,2.720162
02,29,213,ShoulderRight,-1.483899,0.270006,3.048044
02,29,213,ElbowRight,-1.484986,0.01679589,3.086215
02,29,213,WristRight,-1.465132,-0.2375847,3.107927
02,29,213,HandRight,-1.435138,-0.3191527,3.089549
02,29,213,HipLeft,-1.613991,-0.2076804,2.876635
02,29,213,KneeLeft,-1.664401,-0.5225445,2.824247
02,29,213,AnkleLeft,-1.741236,-0.8293262,2.906683
02,29,213,FootLeft,-1.739511,-0.8759728,2.950931
02,29,213,HipRight,-1.558957,-0.2229836,2.969712
02,29,213,KneeRight,-1.55307,-0.5350633,2.949875
02,29,213,AnkleRight,-1.663977,-0.7831641,3.024158
02,29,213,FootRight,-1.558983,-0.8268834,2.954969
02,29,213,SpineShoulder,-1.550867,0.3387108,2.925571
02,29,213,HandTipLeft,-1.566522,-0.2987345,2.675166
02,29,213,ThumbLeft,-1.661027,-0.2423285,2.722857
02,29,213,HandTipRight,-1.428235,-0.3831389,3.077875
02,29,213,ThumbRight,-1.448692,-0.3872019,3.0765
02,29,246,SpineBase,-1.587171,-0.2210428,2.939013
02,29,246,SpineMid,-1.552517,0.09851849,2.923549
02,29,246,Neck,-1.511257,0.4114097,2.896659
02,29,246,Head,-1.479587,0.5342184,2.917988
02,29,246,ShoulderLeft,-1.570661,0.2873689,2.782429
02,29,246,ElbowLeft,-1.634388,0.08891489,2.724505
02,29,246,WristLeft,-1.586572,-0.1585624,2.681316
02,29,246,HandLeft,-1.583774,-0.2382494,2.707189
02,29,246,ShoulderRight,-1.458701,0.262234,3.037278
02,29,246,ElbowRight,-1.471027,0.01097447,3.080953
02,29,246,WristRight,-1.440411,-0.2428712,3.100012
02,29,246,HandRight,-1.40953,-0.3208713,3.091933
02,29,246,HipLeft,-1.59858,-0.2115248,2.863732
02,29,246,KneeLeft,-1.653931,-0.5243714,2.815434
02,29,246,AnkleLeft,-1.742645,-0.8359389,2.906497
02,29,246,FootLeft,-1.636611,-0.8799897,2.83942
02,29,246,HipRight,-1.541636,-0.2257386,2.950747
02,29,246,KneeRight,-1.509512,-0.5338759,2.917994
02,29,246,AnkleRight,-1.620808,-0.7936337,2.987101
02,29,246,FootRight,-1.515998,-0.8381091,2.919209
02,29,246,SpineShoulder,-1.522709,0.3341258,2.905464
02,29,246,HandTipLeft,-1.5602,-0.3115927,2.661403
02,29,246,ThumbLeft,-1.645207,-0.2467655,2.710941
02,29,246,HandTipRight,-1.400046,-0.3820285,3.080752
02,29,246,ThumbRight,-1.414586,-0.3828357,3.07575
02,29,279,SpineBase,-1.555386,-0.2204017,2.923359
02,29,279,SpineMid,-1.525005,0.100397,2.90864
02,29,279,Neck,-1.489144,0.4142846,2.88297
02,29,279,Head,-1.455627,0.5359612,2.90762
02,29,279,ShoulderLeft,-1.542084,0.2878661,2.766479
02,29,279,ElbowLeft,-1.598914,0.05292885,2.707982
02,29,279,WristLeft,-1.568919,-0.1888892,2.664883
02,29,279,HandLeft,-1.568631,-0.2771038,2.679563
02,29,279,ShoulderRight,-1.425719,0.2653932,3.010734
02,29,279,ElbowRight,-1.443151,0.01811897,3.067568
02,29,279,WristRight,-1.424471,-0.2345623,3.100885
02,29,279,HandRight,-1.392353,-0.3137035,3.096391
02,29,279,HipLeft,-1.565714,-0.211669,2.843952
02,29,279,KneeLeft,-1.639809,-0.5175919,2.799744
02,29,279,AnkleLeft,-1.741955,-0.8247527,2.902576
02,29,279,FootLeft,-1.636709,-0.8682398,2.832779
02,29,279,HipRight,-1.511179,-0.224398,2.938906
02,29,279,KneeRight,-1.473866,-0.5267811,2.898697
02,29,279,AnkleRight,-1.549115,-0.7933049,2.944306
02,29,279,FootRight,-1.445522,-0.8369594,2.873533
02,29,279,SpineShoulder,-1.499151,0.3367823,2.89142
02,29,279,HandTipLeft,-1.561754,-0.3426733,2.644488
02,29,279,ThumbLeft,-1.623712,-0.282786,2.6826
02,29,279,HandTipRight,-1.383881,-0.3775068,3.101257
02,29,279,ThumbRight,-1.382051,-0.3305891,3.0954
02,29,315,SpineBase,-1.533212,-0.2239687,2.910589
02,29,315,SpineMid,-1.494413,0.09580629,2.891885
02,29,315,Neck,-1.448833,0.4087509,2.861251
02,29,315,Head,-1.409432,0.529548,2.877506
02,29,315,ShoulderLeft,-1.501898,0.2818955,2.746343
02,29,315,ElbowLeft,-1.566362,0.03444159,2.70293
02,29,315,WristLeft,-1.560833,-0.1911552,2.659524
02,29,315,HandLeft,-1.559669,-0.2773685,2.667654
02,29,315,ShoulderRight,-1.397818,0.267446,2.98271
02,29,315,ElbowRight,-1.418427,0.02352226,3.048985
02,29,315,WristRight,-1.384148,-0.2278995,3.082129
02,29,315,HandRight,-1.369157,-0.3145028,3.085472
02,29,315,HipLeft,-1.544423,-0.2163502,2.831874
02,29,315,KneeLeft,-1.624163,-0.5149485,2.782277
02,29,315,AnkleLeft,-1.724639,-0.7965038,2.879635
02,29,315,FootLeft,-1.618952,-0.8416076,2.812672
02,29,315,HipRight,-1.488618,-0.2266509,2.925665
02,29,315,KneeRight,-1.415944,-0.5197078,2.871522
02,29,315,AnkleRight,-1.461664,-0.78536,2.900406
02,29,315,FootRight,-1.358172,-0.8303181,2.832274
02,29,315,SpineShoulder,-1.461343,0.3314677,2.871036
02,29,315,HandTipLeft,-1.559544,-0.340411,2.628636
02,29,316,ThumbLeft,-1.537117,-0.2808842,2.714193
02,29,316,HandTipRight,-1.360663,-0.3751233,3.091348
02,29,316,ThumbRight,-1.355514,-0.3325693,3.088167
02,29,346,SpineBase,-1.502632,-0.2292322,2.899756
02,29,346,SpineMid,-1.464739,0.09216761,2.878897
02,29,346,Neck,-1.422178,0.4068798,2.847
02,29,346,Head,-1.385342,0.5271146,2.867209
02,29,346,ShoulderLeft,-1.478738,0.2809718,2.732818
02,29,346,ElbowLeft,-1.54382,0.03341229,2.691591
02,29,346,WristLeft,-1.532058,-0.1961134,2.637098
02,29,346,HandLeft,-1.539627,-0.2840315,2.647016
02,29,346,ShoulderRight,-1.37438,0.26041,2.971712
02,29,346,ElbowRight,-1.399014,0.01936699,3.044478
02,29,346,WristRight,-1.377822,-0.2320136,3.083909
02,29,346,HandRight,-1.352527,-0.320052,3.081926
02,29,346,HipLeft,-1.512547,-0.2232853,2.819789
02,29,346,KneeLeft,-1.59481,-0.5117288,2.774704
02,29,346,AnkleLeft,-1.731339,-0.8280504,2.892192
02,29,346,FootLeft,-1.625557,-0.8727374,2.82539
02,29,346,HipRight,-1.459544,-0.2302374,2.91581
02,29,346,KneeRight,-1.359742,-0.5103986,2.850304
02,29,346,AnkleRight,-1.395779,-0.839047,2.854734
02,29,346,FootRight,-1.292602,-0.8831462,2.786689
02,29,346,SpineShoulder,-1.433767,0.3291606,2.857016
02,29,346,HandTipLeft,-1.547789,-0.3465067,2.61126
02,29,346,ThumbLeft,-1.528449,-0.293615,2.702857
02,29,346,HandTipRight,-1.352258,-0.3841122,3.08699
02,29,346,ThumbRight,-1.323691,-0.3423334,3.0735
02,29,380,SpineBase,-1.462986,-0.2423691,2.885333
02,29,380,SpineMid,-1.4246,0.08196305,2.861713
02,29,380,Neck,-1.380156,0.3994206,2.826119
02,29,380,Head,-1.337562,0.5167624,2.84409
02,29,380,ShoulderLeft,-1.434574,0.2728907,2.714742
02,29,380,ElbowLeft,-1.509912,0.02864545,2.672745
02,29,380,WristLeft,-1.509255,-0.2251661,2.621599
02,29,380,HandLeft,-1.519351,-0.3075187,2.6372
02,29,380,ShoulderRight,-1.333332,0.2444773,2.922806
02,29,380,ElbowRight,-1.369951,0.01694406,3.021381
02,29,380,WristRight,-1.361308,-0.2301547,3.080342
02,29,380,HandRight,-1.334806,-0.3163334,3.077188
02,29,380,HipLeft,-1.478265,-0.2361449,2.808537
02,29,380,KneeLeft,-1.564327,-0.5164486,2.776215
02,29,380,AnkleLeft,-1.720654,-0.7952104,2.880911
02,29,380,FootLeft,-1.616811,-0.8404778,2.810141
02,29,380,HipRight,-1.414937,-0.2430897,2.897734
02,29,381,KneeRight,-1.308485,-0.502825,2.825138
02,29,381,AnkleRight,-1.308245,-0.8303654,2.815936
02,29,381,FootRight,-1.207632,-0.8746575,2.743735
02,29,381,SpineShoulder,-1.392304,0.3210153,2.837158
02,29,381,HandTipLeft,-1.538696,-0.3780084,2.629618
02,29,381,ThumbLeft,-1.50034,-0.3045129,2.694304
02,29,381,HandTipRight,-1.322732,-0.3828453,3.077025
02,29,381,ThumbRight,-1.318634,-0.3243922,3.073
02,29,412,SpineBase,-1.42998,-0.2513263,2.870682
02,29,413,SpineMid,-1.389814,0.07236415,2.847022
02,29,413,Neck,-1.345175,0.3894499,2.812051
02,29,413,Head,-1.301683,0.504449,2.828731
02,29,413,ShoulderLeft,-1.409833,0.2663716,2.704502
02,29,413,ElbowLeft,-1.482011,0.03319087,2.645884
02,29,413,WristLeft,-1.486713,-0.2227815,2.612969
02,29,413,HandLeft,-1.493413,-0.3085882,2.627485
02,29,413,ShoulderRight,-1.308686,0.2386628,2.91878
02,29,413,ElbowRight,-1.341455,0.008696075,3.013933
02,29,413,WristRight,-1.339157,-0.2302111,3.078223
02,29,413,HandRight,-1.320442,-0.2786758,3.076008
02,29,413,HipLeft,-1.43877,-0.2445094,2.792909
02,29,413,KneeLeft,-1.52199,-0.5126893,2.780423
02,29,413,AnkleLeft,-1.714877,-0.7840964,2.873583
02,29,413,FootLeft,-1.610611,-0.8295916,2.803871
02,29,413,HipRight,-1.388616,-0.2522738,2.884197
02,29,413,KneeRight,-1.24429,-0.5269641,2.805849
02,29,413,AnkleRight,-1.22463,-0.8453901,2.76727
02,29,413,FootRight,-1.1242,-0.8894475,2.695988
02,29,413,SpineShoulder,-1.357229,0.3111242,2.822878
02,29,413,HandTipLeft,-1.505441,-0.3758484,2.607432
02,29,413,ThumbLeft,-1.472776,-0.3043128,2.684692
02,29,413,HandTipRight,-1.294081,-0.3473549,3.058901
02,29,413,ThumbRight,-1.305923,-0.2886827,3.0711
02,29,447,SpineBase,-1.381509,-0.2540892,2.853573
02,29,447,SpineMid,-1.347121,0.06681756,2.829761
02,29,447,Neck,-1.306989,0.3811366,2.794238
02,29,447,Head,-1.264824,0.4997209,2.811731
02,29,447,ShoulderLeft,-1.372138,0.2563742,2.6889
02,29,448,ElbowLeft,-1.464608,0.03131796,2.636059
02,29,448,WristLeft,-1.462094,-0.2250336,2.605264
02,29,448,HandLeft,-1.463078,-0.3134539,2.615473
02,29,448,ShoulderRight,-1.26666,0.2508613,2.922913
02,29,448,ElbowRight,-1.306578,0.01659078,3.006059
02,29,448,WristRight,-1.306532,-0.2284994,3.071567
02,29,448,HandRight,-1.29977,-0.2420475,3.057929
02,29,448,HipLeft,-1.393587,-0.2453595,2.777504
02,29,448,KneeLeft,-1.521501,-0.5155035,2.782606
02,29,448,AnkleLeft,-1.7075,-0.780336,2.869655
02,29,448,FootLeft,-1.601971,-0.8253077,2.802068
02,29,448,HipRight,-1.339534,-0.2570364,2.865469
02,29,448,KneeRight,-1.20327,-0.5251765,2.78757
02,29,448,AnkleRight,-1.15672,-0.8258049,2.740171
02,29,448,FootRight,-1.055519,-0.8693723,2.670796
02,29,448,SpineShoulder,-1.318052,0.3035118,2.805255
02,29,448,HandTipLeft,-1.470665,-0.3804424,2.591977
02,29,448,ThumbLeft,-1.444069,-0.3143276,2.674217
02,29,448,HandTipRight,-1.289564,-0.2767044,3.058097
02,29,448,ThumbRight,-1.292627,-0.2151896,3.049
02,29,478,SpineBase,-1.353965,-0.2643601,2.83771
02,29,478,SpineMid,-1.313038,0.05848001,2.814836
02,29,478,Neck,-1.266518,0.3748068,2.780454
02,29,478,Head,-1.218913,0.4932232,2.792812
02,29,478,ShoulderLeft,-1.335396,0.2499023,2.673799
02,29,478,ElbowLeft,-1.420795,0.02841231,2.615193
02,29,478,WristLeft,-1.424022,-0.2281193,2.588511
02,29,478,HandLeft,-1.429684,-0.3110133,2.60392
02,29,478,ShoulderRight,-1.21877,0.2267191,2.872603
02,29,478,ElbowRight,-1.264119,0.004332981,2.977173
02,29,478,WristRight,-1.273669,-0.1912962,3.023366
02,29,478,HandRight,-1.280645,-0.191018,3.044641
02,29,478,HipLeft,-1.367945,-0.2552602,2.76155
02,29,478,KneeLeft,-1.48095,-0.508207,2.777644
02,29,478,AnkleLeft,-1.70106,-0.7822797,2.870672
02,29,478,FootLeft,-1.600864,-0.8278456,2.793356
02,29,478,HipRight,-1.308267,-0.267766,2.848624
02,29,478,KneeRight,-1.165172,-0.5233527,2.770759
02,29,478,AnkleRight,-1.10651,-0.8219787,2.716877
02,29,478,FootRight,-1.01099,-0.8660847,2.637657
02,29,478,SpineShoulder,-1.279077,0.29666,2.79114
02,29,478,HandTipLeft,-1.438875,-0.3781564,2.575316
02,29,478,ThumbLeft,-1.406755,-0.3116706,2.657207
02,29,478,HandTipRight,-1.273366,-0.2014088,3.049134
02,29,478,ThumbRight,-1.26809,-0.1882129,3.0365
02,29,513,SpineBase,-1.306156,-0.2665856,2.808591
02,29,513,SpineMid,-1.265273,0.05687728,2.791224
02,29,513,Neck,-1.219831,0.3733828,2.762059
02,29,513,Head,-1.180118,0.4906045,2.778095
02,29,513,ShoulderLeft,-1.296636,0.2484615,2.660028
02,29,513,ElbowLeft,-1.396156,0.02672101,2.606595
02,29,513,WristLeft,-1.396758,-0.2295869,2.575559
02,29,513,HandLeft,-1.39352,-0.312079,2.588995
02,29,513,ShoulderRight,-1.173383,0.217836,2.841555
02,29,513,ElbowRight,-1.218472,-0.004746818,2.945885
02,29,513,WristRight,-1.22681,-0.1848444,2.993214
02,29,513,HandRight,-1.240353,-0.1801158,3.015826
02,29,513,HipLeft,-1.32441,-0.2552211,2.734934
02,29,513,KneeLeft,-1.433419,-0.5055627,2.757795
02,29,513,AnkleLeft,-1.663914,-0.7681798,2.857273
02,29,513,FootLeft,-1.567122,-0.8132456,2.774114
02,29,513,HipRight,-1.257654,-0.27177,2.817158
02,29,513,KneeRight,-1.129547,-0.5255163,2.749884
02,29,513,AnkleRight,-1.0861,-0.8134998,2.707505
02,29,513,FootRight,-0.9939297,-0.8570791,2.62251
02,29,513,SpineShoulder,-1.231971,0.2952368,2.771453
02,29,513,HandTipLeft,-1.399148,-0.382522,2.561814
02,29,513,ThumbLeft,-1.369118,-0.3206773,2.64385
02,29,513,HandTipRight,-1.236693,-0.1831036,3.020173
02,29,514,ThumbRight,-1.231708,-0.1823656,3.008
02,29,546,SpineBase,-1.268383,-0.261894,2.789167
02,29,546,SpineMid,-1.225425,0.0602023,2.776325
02,29,546,Neck,-1.177229,0.3752992,2.751346
02,29,546,Head,-1.133188,0.49373,2.763579
02,29,546,ShoulderLeft,-1.254564,0.2544439,2.64598
02,29,546,ElbowLeft,-1.346166,0.0174077,2.59322
02,29,546,WristLeft,-1.364148,-0.2378465,2.561604
02,29,546,HandLeft,-1.364362,-0.3203716,2.550828
02,29,546,ShoulderRight,-1.122903,0.2134012,2.830113
02,29,546,ElbowRight,-1.168234,-0.009191879,2.934342
02,29,546,WristRight,-1.176723,-0.1892843,2.981606
02,29,546,HandRight,-1.155894,-0.249255,2.963023
02,29,546,HipLeft,-1.289931,-0.2488928,2.71568
02,29,546,KneeLeft,-1.379239,-0.4999865,2.728732
02,29,546,AnkleLeft,-1.618429,-0.7494683,2.839281
02,29,546,FootLeft,-1.523312,-0.794513,2.753792
02,29,546,HipRight,-1.216909,-0.2688587,2.797263
02,29,546,KneeRight,-1.080462,-0.5263409,2.724471
02,29,546,AnkleRight,-1.073431,-0.8246072,2.696128
02,29,546,FootRight,-0.9827719,-0.8679019,2.608991
02,29,546,SpineShoulder,-1.190266,0.2975132,2.759769
02,29,546,HandTipLeft,-1.365544,-0.3853706,2.54751
02,29,546,ThumbLeft,-1.342615,-0.3194147,2.575312
02,29,546,HandTipRight,-1.15241,-0.2520096,2.967315
02,29,546,ThumbRight,-1.147656,-0.2509699,2.955073
02,29,577,SpineBase,-1.214438,-0.252494,2.77123
02,29,578,SpineMid,-1.174648,0.06970895,2.760169
02,29,578,Neck,-1.131334,0.3845553,2.737378
02,29,578,Head,-1.095731,0.4983487,2.748888
02,29,578,ShoulderLeft,-1.204485,0.2625797,2.627787
02,29,578,ElbowLeft,-1.31268,0.03163303,2.585029
02,29,578,WristLeft,-1.326852,-0.2218128,2.534875
02,29,578,HandLeft,-1.327223,-0.3047816,2.553162
02,29,578,ShoulderRight,-1.07988,0.2257992,2.815219
02,29,578,ElbowRight,-1.125419,0.003095848,2.919385
02,29,578,WristRight,-1.134035,-0.1770538,2.966603
02,29,578,HandRight,-1.113204,-0.2370352,2.948024
02,29,578,HipLeft,-1.23391,-0.2420374,2.694956
02,29,578,KneeLeft,-1.297407,-0.483304,2.692021
02,29,578,AnkleLeft,-1.54304,-0.7293819,2.797035
02,29,578,FootLeft,-1.446078,-0.7740018,2.71416
02,29,578,HipRight,-1.166173,-0.2569567,2.781737
02,29,578,KneeRight,-1.067047,-0.5196321,2.715292
02,29,578,AnkleRight,-1.064462,-0.8276185,2.69032
02,29,578,FootRight,-0.9716166,-0.8703969,2.606027
02,29,578,SpineShoulder,-1.142359,0.3069802,2.745047
02,29,578,HandTipLeft,-1.334356,-0.3781528,2.539778
02,29,578,ThumbLeft,-1.298027,-0.3051028,2.597739
02,29,579,HandTipRight,-1.109822,-0.2398216,2.952274
02,29,579,ThumbRight,-1.1052,-0.2388228,2.939978
02,29,615,SpineBase,-1.170365,-0.2396658,2.749398
02,29,616,SpineMid,-1.131371,0.0823797,2.743024
02,29,616,Neck,-1.087154,0.3973757,2.724065
02,29,616,Head,-1.050261,0.5135624,2.734934
02,29,616,ShoulderLeft,-1.164252,0.2741069,2.617184
02,29,616,ElbowLeft,-1.27126,0.04237402,2.574213
02,29,616,WristLeft,-1.298433,-0.2109223,2.531837
02,29,616,HandLeft,-1.298976,-0.3026668,2.525872
02,29,616,ShoulderRight,-1.030791,0.2403025,2.809079
02,29,616,ElbowRight,-1.076595,0.01748132,2.913167
02,29,616,WristRight,-1.085373,-0.1627334,2.960329
02,29,616,HandRight,-1.064541,-0.2227221,2.941752
02,29,616,HipLeft,-1.196059,-0.2305439,2.673156
02,29,616,KneeLeft,-1.242233,-0.4809683,2.655123
02,29,616,AnkleLeft,-1.493652,-0.7204434,2.76163
02,29,616,FootLeft,-1.397799,-0.7646742,2.67701
02,29,616,HipRight,-1.118708,-0.2436758,2.760787
02,29,616,KneeRight,-1.036861,-0.5155873,2.705698
02,29,616,AnkleRight,-1.056067,-0.82069,2.689127
02,29,616,FootRight,-0.9641501,-0.863178,2.60317
02,29,616,SpineShoulder,-1.099583,0.3194854,2.731165
02,29,616,HandTipLeft,-1.300999,-0.3690768,2.527505
02,29,616,ThumbLeft,-1.273118,-0.3082582,2.546267
02,29,616,HandTipRight,-1.061289,-0.2255492,2.945951
02,29,616,ThumbRight,-1.056836,-0.2246027,2.933589
02,29,646,SpineBase,-1.12332,-0.2248636,2.73173
02,29,646,SpineMid,-1.084824,0.09747249,2.723089
02,29,646,Neck,-1.042292,0.4122835,2.702387
02,29,646,Head,-1.005103,0.5319792,2.717483
02,29,646,ShoulderLeft,-1.121966,0.2890853,2.597239
02,29,646,ElbowLeft,-1.22722,0.0553984,2.563057
02,29,646,WristLeft,-1.253868,-0.1986799,2.526062
02,29,646,HandLeft,-1.263485,-0.2902195,2.516768
02,29,646,ShoulderRight,-0.9837489,0.2483343,2.795776
02,29,646,ElbowRight,-1.029797,0.02542562,2.899792
02,29,646,WristRight,-1.038723,-0.1548324,2.946903
02,29,646,HandRight,-1.017887,-0.2148281,2.928327
02,29,646,HipLeft,-1.148501,-0.2138877,2.653473
02,29,646,KneeLeft,-1.159238,-0.4778881,2.632106
02,29,646,AnkleLeft,-1.418316,-0.7147905,2.72738
02,29,646,FootLeft,-1.323076,-0.7589722,2.642406
02,29,646,HipRight,-1.070846,-0.2303667,2.743532
02,29,647,KneeRight,-1.023723,-0.5220628,2.702246
02,29,647,AnkleRight,-1.05375,-0.82456,2.688102
02,29,647,FootRight,-0.961968,-0.8670509,2.602036
02,29,647,SpineShoulder,-1.053683,0.3346392,2.709732
02,29,647,HandTipLeft,-1.267332,-0.3526135,2.515007
02,29,647,ThumbLeft,-1.234679,-0.281963,2.541562
02,29,647,HandTipRight,-1.014756,-0.2176743,2.932482
02,29,647,ThumbRight,-1.010459,-0.2167525,2.920062
02,29,681,SpineBase,-1.074653,-0.2021876,2.721389
02,29,681,SpineMid,-1.039377,0.1182617,2.708223
02,29,681,Neck,-1.000669,0.4308286,2.68326
02,29,681,Head,-0.9643879,0.5474573,2.696903
02,29,681,ShoulderLeft,-1.079839,0.3082715,2.58383
02,29,681,ElbowLeft,-1.18085,0.07212674,2.552227
02,29,681,WristLeft,-1.207609,-0.1817598,2.512529
02,29,681,HandLeft,-1.223629,-0.2677975,2.506479
02,29,681,ShoulderRight,-0.9370864,0.2719291,2.795848
02,29,682,ElbowRight,-0.9834127,0.04885497,2.899806
02,29,682,WristRight,-0.9925085,-0.1315017,2.946869
02,29,682,HandRight,-0.9827275,-0.128707,2.865396
02,29,682,HipLeft,-1.099453,-0.1891029,2.641116
02,29,682,KneeLeft,-1.09212,-0.4775544,2.595275
02,29,682,AnkleLeft,-1.335974,-0.73148,2.688395
02,29,682,FootLeft,-1.240425,-0.7753336,2.604586
02,29,682,HipRight,-1.023485,-0.2102998,2.734796
02,29,682,KneeRight,-1.007789,-0.5214202,2.687531
02,29,682,AnkleRight,-1.051203,-0.8247916,2.688462
02,29,682,FootRight,-0.9585432,-0.8673104,2.60376
02,29,682,SpineShoulder,-1.010925,0.3538376,2.691586
02,29,682,HandTipLeft,-1.231465,-0.3294685,2.499813
02,29,682,ThumbLeft,-1.187206,-0.2710825,2.502
02,29,682,HandTipRight,-0.9800029,-0.1349881,2.866454
02,29,682,ThumbRight,-0.9758803,-0.1417406,2.864184
02,29,711,SpineBase,-1.025994,-0.1824054,2.712332
02,29,711,SpineMid,-0.9945477,0.1330381,2.694278
02,29,711,Neck,-0.9592571,0.4409449,2.664474
02,29,712,Head,-0.9208845,0.5594614,2.679539
02,29,712,ShoulderLeft,-1.045679,0.3201816,2.568154
02,29,712,ElbowLeft,-1.145204,0.08302118,2.538879
02,29,712,WristLeft,-1.17975,-0.1705724,2.506337
02,29,712,HandLeft,-1.176869,-0.2289029,2.505021
02,29,712,ShoulderRight,-0.8910008,0.2940999,2.7804
02,29,712,ElbowRight,-0.9188042,0.04319878,2.822071
02,29,712,WristRight,-0.9176447,-0.1441878,2.842854
02,29,712,HandRight,-0.9332287,-0.1626526,2.821603
02,29,712,HipLeft,-1.052616,-0.1695161,2.632408
02,29,712,KneeLeft,-1.022979,-0.4608372,2.562413
02,29,712,AnkleLeft,-1.23281,-0.7478797,2.645587
02,29,712,FootLeft,-1.222443,-0.8644241,2.62819
02,29,712,HipRight,-0.9739629,-0.190766,2.724986
02,29,712,KneeRight,-0.9678743,-0.5183057,2.663323
02,29,712,AnkleRight,-1.043186,-0.8095886,2.691544
02,29,712,FootRight,-0.952529,-0.8522364,2.603932
02,29,712,SpineShoulder,-0.9690501,0.3649757,2.674169
02,29,712,HandTipLeft,-1.188357,-0.2962208,2.491585
02,29,712,ThumbLeft,-1.149508,-0.2671694,2.486059
02,29,712,HandTipRight,-0.9449516,-0.2563899,2.831451
02,29,712,ThumbRight,-0.926277,-0.1597167,2.8338
02,29,746,SpineBase,-0.9827281,-0.1740508,2.705827
02,29,746,SpineMid,-0.9508321,0.1402549,2.681529
02,29,746,Neck,-0.9143702,0.4468901,2.644583
02,29,746,Head,-0.8780313,0.568073,2.661536
02,29,746,ShoulderLeft,-1.003072,0.3311318,2.551256
02,29,746,ElbowLeft,-1.102901,0.09406282,2.518986
02,29,746,WristLeft,-1.123363,-0.1617598,2.490904
02,29,747,HandLeft,-1.141116,-0.2490817,2.49424
02,29,747,ShoulderRight,-0.8507612,0.2980154,2.755979
02,29,747,ElbowRight,-0.872535,0.04940722,2.809451
02,29,747,WristRight,-0.8765152,-0.1672072,2.824928
02,29,747,HandRight,-0.8835371,-0.2574849,2.821641
02,29,747,HipLeft,-1.014075,-0.167216,2.623968
02,29,747,KneeLeft,-0.9601555,-0.4972146,2.535248
02,29,747,AnkleLeft,-1.131505,-0.809144,2.618694
02,29,747,FootLeft,-1.102412,-0.891366,2.589861
02,29,747,HipRight,-0.9258193,-0.1756633,2.720226
02,29,747,KneeRight,-0.9358185,-0.5234968,2.680943
02,29,747,AnkleRight,-1.042782,-0.8105198,2.690971
02,29,747,FootRight,-1.095703,-0.8901367,2.607422
02,29,747,SpineShoulder,-0.9240144,0.3713654,2.655971
02,29,747,HandTipLeft,-1.151258,-0.3146639,2.500668
02,29,747,ThumbLeft,-1.105843,-0.2625174,2.479111
02,29,747,HandTipRight,-0.8867151,-0.3191466,2.811603
02,29,747,ThumbRight,-0.8907747,-0.2566313,2.805334
02,29,777,SpineBase,-0.9384528,-0.1665209,2.680219
02,29,777,SpineMid,-0.9090321,0.144373,2.660483
02,29,777,Neck,-0.8770599,0.4477075,2.628835
02,29,777,Head,-0.8348277,0.5715617,2.643394
02,29,777,ShoulderLeft,-0.9590259,0.3308636,2.531811
02,29,777,ElbowLeft,-1.062947,0.09532809,2.502666
02,29,777,WristLeft,-1.07074,-0.1502188,2.478364
02,29,777,HandLeft,-1.082387,-0.226621,2.484263
02,29,777,ShoulderRight,-0.8088412,0.3031911,2.727973
02,29,777,ElbowRight,-0.8326252,0.05498671,2.782408
02,29,777,WristRight,-0.8086973,-0.2011455,2.784982
02,29,777,HandRight,-0.8131701,-0.296309,2.772884
02,29,777,HipLeft,-0.9692948,-0.1643335,2.598668
02,29,778,KneeLeft,-0.8934262,-0.4732973,2.502388
02,29,778,AnkleLeft,-1.03322,-0.7929595,2.54103
02,29,778,FootLeft,-0.984375,-0.9033203,2.513672
02,29,778,HipRight,-0.8838769,-0.1644915,2.693868
02,29,778,KneeRight,-0.8930804,-0.4917155,2.662859
02,29,778,AnkleRight,-1.018903,-0.8324966,2.580465
02,29,778,FootRight,-0.929436,-0.8744294,2.491197
02,29,778,SpineShoulder,-0.8858991,0.3729343,2.639051
02,29,778,HandTipLeft,-1.097988,-0.3008267,2.48529
02,29,778,ThumbLeft,-1.033012,-0.2126805,2.500667
02,29,778,HandTipRight,-0.8206976,-0.3562211,2.762867
02,29,778,ThumbRight,-0.8253387,-0.3185971,2.761125
02,29,811,SpineBase,-0.9051818,-0.1700053,2.655221
02,29,811,SpineMid,-0.8693269,0.1425902,2.63743
02,29,811,Neck,-0.8294843,0.4474128,2.607663
02,29,811,Head,-0.7933975,0.5678869,2.626561
02,29,811,ShoulderLeft,-0.9172625,0.3271622,2.514967
02,29,811,ElbowLeft,-1.01585,0.08916298,2.483723
02,29,811,WristLeft,-1.010521,-0.1320721,2.466824
02,29,811,HandLeft,-1.0229,-0.2082535,2.471695
02,29,811,ShoulderRight,-0.7621935,0.28234,2.720414
02,29,811,ElbowRight,-0.7801998,0.0331121,2.7731
02,29,811,WristRight,-0.7394429,-0.2148914,2.741157
02,29,811,HandRight,-0.7317465,-0.2825734,2.722247
02,29,811,HipLeft,-0.9336667,-0.1667194,2.571767
02,29,811,KneeLeft,-0.8275738,-0.4831242,2.477254
02,29,811,AnkleLeft,-0.8737246,-0.8490316,2.501501
02,29,811,FootLeft,-0.7857544,-0.8909635,2.412282
02,29,811,HipRight,-0.8534001,-0.1688545,2.670503
02,29,811,KneeRight,-0.9692122,-0.4926144,2.649342
02,29,811,AnkleRight,-1.013711,-0.7597329,2.67199
02,29,811,FootRight,-0.9872735,-0.8662974,2.592085
02,29,811,SpineShoulder,-0.8395653,0.3723096,2.617
02,29,811,HandTipLeft,-1.037081,-0.2795224,2.463076
02,29,811,ThumbLeft,-0.9986373,-0.2147306,2.490643
02,29,811,HandTipRight,-0.7286519,-0.343904,2.716408
02,29,811,ThumbRight,-0.7385648,-0.3463796,2.72
02,29,847,SpineBase,-0.8643826,-0.1760398,2.621587
02,29,847,SpineMid,-0.8297415,0.1367586,2.613075
02,29,847,Neck,-0.7935008,0.4417723,2.592322
02,29,847,Head,-0.7477075,0.5591316,2.609547
02,29,848,ShoulderLeft,-0.8707591,0.3158245,2.494715
02,29,848,ElbowLeft,-0.9693958,0.09197879,2.464314
02,29,848,WristLeft,-0.9616151,-0.1428013,2.450345
02,29,848,HandLeft,-0.9726468,-0.2233269,2.458149
02,29,848,ShoulderRight,-0.7264156,0.2834631,2.706981
02,29,848,ElbowRight,-0.7255078,0.02915548,2.743725
02,29,848,WristRight,-0.671107,-0.2054434,2.710032
02,29,848,HandRight,-0.6541376,-0.2840855,2.676035
02,29,848,HipLeft,-0.8954353,-0.170976,2.543245
02,29,848,KneeLeft,-0.7607441,-0.4477451,2.450292
02,29,848,AnkleLeft,-0.7396565,-0.8188655,2.44367
02,29,848,FootLeft,-0.666898,-0.9172698,2.412071
02,29,848,HipRight,-0.8118855,-0.1764019,2.632398
02,29,848,KneeRight,-0.9364132,-0.4950096,2.629344
02,29,848,AnkleRight,-1.036824,-0.8300369,2.676438
02,29,848,FootRight,-0.9442351,-0.8721139,2.591464
02,29,848,SpineShoulder,-0.8036604,0.3667301,2.600056
02,29,848,HandTipLeft,-0.9896476,-0.2959691,2.454143
02,29,848,ThumbLeft,-0.9252925,-0.2291472,2.458067
02,29,848,HandTipRight,-0.649568,-0.3477168,2.650471
02,29,848,ThumbRight,-0.63947,-0.3223013,2.660818
02,29,878,SpineBase,-0.8170581,-0.1903251,2.591286
02,29,878,SpineMid,-0.7815178,0.1235045,2.587353
02,29,878,Neck,-0.7430628,0.4291699,2.571027
02,29,878,Head,-0.7027676,0.5461007,2.590293
02,29,878,ShoulderLeft,-0.8241647,0.3022104,2.473491
02,29,878,ElbowLeft,-0.9235672,0.08296514,2.439089
02,29,878,WristLeft,-0.9247815,-0.17392,2.424041
02,29,878,HandLeft,-0.9291755,-0.2560287,2.438431
02,29,878,ShoulderRight,-0.6738849,0.2593014,2.689567
02,29,878,ElbowRight,-0.6752788,0.004950959,2.725358
02,29,878,WristRight,-0.6227325,-0.1769426,2.689793
02,29,878,HandRight,-0.5864822,-0.2607532,2.65205
02,29,878,HipLeft,-0.847478,-0.1850373,2.508048
02,29,878,KneeLeft,-0.6992301,-0.5046793,2.433019
02,29,878,AnkleLeft,-0.623621,-0.8349592,2.395496
02,29,878,FootLeft,-0.525598,-0.9077057,2.334975
02,29,878,HipRight,-0.7650672,-0.1905777,2.605958
02,29,878,KneeRight,-0.9209648,-0.4918687,2.616682
02,29,878,AnkleRight,-1.036268,-0.8304399,2.675857
02,29,878,FootRight,-0.9442104,-0.8723364,2.589935
02,29,878,SpineShoulder,-0.7532322,0.3538962,2.577324
02,29,878,HandTipLeft,-0.940762,-0.325489,2.44239
02,29,879,ThumbLeft,-0.8955387,-0.2432505,2.448833
02,29,879,HandTipRight,-0.5599587,-0.3163826,2.624483
02,29,879,ThumbRight,-0.543327,-0.3103561,2.629667
02,29,915,SpineBase,-0.7618708,-0.2013092,2.565131
02,29,915,SpineMid,-0.7310137,0.1112322,2.563694
02,29,915,Neck,-0.6973498,0.4155646,2.549794
02,29,915,Head,-0.6570323,0.5330591,2.571107
02,29,915,ShoulderLeft,-0.7801445,0.2903618,2.452299
02,29,915,ElbowLeft,-0.872322,0.04940273,2.419911
02,29,916,WristLeft,-0.8785912,-0.1766545,2.398756
02,29,916,HandLeft,-0.8729098,-0.2611756,2.413341
02,29,916,ShoulderRight,-0.6292518,0.2450547,2.664364
02,29,916,ElbowRight,-0.6260545,-0.009431841,2.699613
02,29,916,WristRight,-0.5550321,-0.1982258,2.661396
02,29,916,HandRight,-0.5165254,-0.2727249,2.627443
02,29,916,HipLeft,-0.7936029,-0.1937204,2.483744
02,29,916,KneeLeft,-0.6857721,-0.5216146,2.427233
02,29,916,AnkleLeft,-0.5224586,-0.8524293,2.359612
02,29,916,FootLeft,-0.420166,-0.9067383,2.304688
02,29,916,HipRight,-0.7097248,-0.2034905,2.577626
02,29,916,KneeRight,-0.883094,-0.4937244,2.59333
02,29,916,AnkleRight,-1.033119,-0.835426,2.67229
02,29,916,FootRight,-0.9412399,-0.8765957,2.58554
02,29,916,SpineShoulder,-0.7062982,0.3406253,2.555494
02,29,916,HandTipLeft,-0.8863836,-0.3330782,2.417029
02,29,916,ThumbLeft,-0.8325988,-0.2513232,2.417933
02,29,916,HandTipRight,-0.486981,-0.3350633,2.605348
02,29,916,ThumbRight,-0.4883254,-0.2992403,2.611375
02,29,945,SpineBase,-0.709341,-0.2182476,2.533094
02,29,945,SpineMid,-0.6840924,0.0995703,2.536109
02,29,945,Neck,-0.6583506,0.4093027,2.527818
02,29,946,Head,-0.6124428,0.5238355,2.552385
02,29,946,ShoulderLeft,-0.7349076,0.2777093,2.427089
02,29,946,ElbowLeft,-0.8204511,0.04317024,2.39847
02,29,946,WristLeft,-0.8228973,-0.2142207,2.378247
02,29,946,HandLeft,-0.8197259,-0.2995588,2.395442
02,29,946,ShoulderRight,-0.58263,0.2360398,2.633288
02,29,946,ElbowRight,-0.5722927,-0.01786551,2.67087
02,29,946,WristRight,-0.4927978,-0.2148756,2.630225
02,29,946,HandRight,-0.4521503,-0.2912268,2.602393
02,29,946,HipLeft,-0.7433503,-0.2157901,2.453848
02,29,946,KneeLeft,-0.6871446,-0.519999,2.429616
02,29,946,AnkleLeft,-0.4831812,-0.8266385,2.354904
02,29,946,FootLeft,-0.3970709,-0.8651966,2.265742
02,29,946,HipRight,-0.6560103,-0.2147498,2.543177
02,29,946,KneeRight,-0.8248842,-0.5011618,2.586288
02,29,946,AnkleRight,-1.02287,-0.8366971,2.666528
02,29,946,FootRight,-0.9313617,-0.8768021,2.578431
02,29,946,SpineShoulder,-0.6643841,0.33291,2.531613
02,29,946,HandTipLeft,-0.8302113,-0.3707075,2.406624
02,29,946,ThumbLeft,-0.7916752,-0.3100463,2.411714
02,29,946,HandTipRight,-0.4209106,-0.3462796,2.575289
02,29,946,ThumbRight,-0.4500577,-0.3265772,2.596818
02,29,981,SpineBase,-0.6538474,-0.2224403,2.50245
02,29,981,SpineMid,-0.6341868,0.09333297,2.507241
02,29,981,Neck,-0.6118673,0.4005858,2.499415
02,29,981,Head,-0.5682836,0.5164245,2.526951
02,29,981,ShoulderLeft,-0.6882701,0.2715674,2.399968
02,29,981,ElbowLeft,-0.767152,0.03974432,2.373268
02,29,981,WristLeft,-0.7651582,-0.2177683,2.35368
02,29,981,HandLeft,-0.7631185,-0.316028,2.364352
02,29,981,ShoulderRight,-0.538456,0.2276359,2.606107
02,29,981,ElbowRight,-0.5136675,-0.02687983,2.636899
02,29,981,WristRight,-0.4389144,-0.2263537,2.602945
02,29,981,HandRight,-0.3983223,-0.3047208,2.586416
02,29,981,HipLeft,-0.686877,-0.2197927,2.419821
02,29,981,KneeLeft,-0.6793255,-0.5012527,2.4427
02,29,981,AnkleLeft,-0.476327,-0.8051412,2.353248
02,29,982,FootLeft,-0.3895384,-0.8435314,2.264673
02,29,982,HipRight,-0.6027188,-0.218917,2.515606
02,29,982,KneeRight,-0.77422,-0.5049112,2.555874
02,29,982,AnkleRight,-0.9790532,-0.7934283,2.646922
02,29,982,FootRight,-0.88714,-0.8334799,2.559273
02,29,982,SpineShoulder,-0.6179412,0.3249477,2.503611
02,29,982,HandTipLeft,-0.7683521,-0.3845267,2.370486
02,29,982,ThumbLeft,-0.734925,-0.3076841,2.377308
02,29,982,HandTipRight,-0.3724593,-0.362184,2.563162
02,29,982,ThumbRight,-0.4125653,-0.3171562,2.586909
02,30,012,SpineBase,-0.594794,-0.2232988,2.477943
02,30,012,SpineMid,-0.5829905,0.09519485,2.484347
02,30,012,Neck,-0.5704816,0.4047456,2.479038
02,30,012,Head,-0.5274006,0.5212271,2.506914
02,30,012,ShoulderLeft,-0.6410602,0.273386,2.380653
02,30,012,ElbowLeft,-0.7167837,0.03346765,2.351962
02,30,012,WristLeft,-0.7017695,-0.2185789,2.323949
02,30,012,HandLeft,-0.6986369,-0.298932,2.331938
02,30,012,ShoulderRight,-0.497145,0.231731,2.585705
02,30,012,ElbowRight,-0.4662363,-0.02338179,2.610219
02,30,012,WristRight,-0.382542,-0.2465709,2.585422
02,30,012,HandRight,-0.3473344,-0.3186994,2.572367
02,30,012,HipLeft,-0.6286321,-0.2182327,2.399771
02,30,012,KneeLeft,-0.6650797,-0.5031866,2.482004
02,30,012,AnkleLeft,-0.4617227,-0.7949473,2.356429
02,30,012,FootLeft,-0.3736498,-0.8326731,2.269234
02,30,012,HipRight,-0.5442473,-0.2220758,2.486306
02,30,012,KneeRight,-0.4853476,-0.5331357,2.341615
02,30,012,AnkleRight,-0.6847796,-0.8273215,2.429557
02,30,012,FootRight,-0.5940631,-0.8651469,2.342959
02,30,012,SpineShoulder,-0.5730838,0.3286691,2.482105
02,30,012,HandTipLeft,-0.702776,-0.3707161,2.329369
02,30,012,ThumbLeft,-0.667375,-0.2795886,2.345
02,30,012,HandTipRight,-0.3250891,-0.3730915,2.557435
02,30,012,ThumbRight,-0.3589228,-0.3430852,2.561067
02,30,048,SpineBase,-0.5303165,-0.2122947,2.455032
02,30,048,SpineMid,-0.5273367,0.104581,2.460262
02,30,048,Neck,-0.5217564,0.4125574,2.452855
02,30,048,Head,-0.4793125,0.5305854,2.481507
02,30,048,ShoulderLeft,-0.5948486,0.2817047,2.355441
02,30,048,ElbowLeft,-0.6664178,0.04078402,2.324782
02,30,048,WristLeft,-0.6301644,-0.2131366,2.293838
02,30,048,HandLeft,-0.6336967,-0.2897802,2.299925
02,30,049,ShoulderRight,-0.4485105,0.2394548,2.5595
02,30,049,ElbowRight,-0.4171586,-0.01497581,2.588055
02,30,049,WristRight,-0.3520727,-0.2368002,2.570761
02,30,049,HandRight,-0.3153605,-0.314153,2.558313
02,30,049,HipLeft,-0.5656886,-0.2130876,2.377689
02,30,049,KneeLeft,-0.606164,-0.5251101,2.464437
02,30,049,AnkleLeft,-0.4279765,-0.8329319,2.340197
02,30,049,FootLeft,-0.3405258,-0.8695711,2.252396
02,30,049,HipRight,-0.4798302,-0.2054389,2.462182
02,30,049,KneeRight,-0.4576779,-0.5243809,2.325943
02,30,049,AnkleRight,-0.7221724,-0.69463,2.506245
02,30,049,FootRight,-0.6312871,-0.7338371,2.41844
02,30,049,SpineShoulder,-0.5236163,0.3367856,2.456943
02,30,049,HandTipLeft,-0.6365274,-0.3649996,2.289915
02,30,049,ThumbLeft,-0.5943317,-0.2729412,2.305081
02,30,049,HandTipRight,-0.2941571,-0.37547,2.537305
02,30,049,ThumbRight,-0.3371258,-0.3191078,2.542438
02,30,079,SpineBase,-0.4804588,-0.2031543,2.434017
02,30,079,SpineMid,-0.479755,0.1165792,2.442019
02,30,079,Neck,-0.4775594,0.4268337,2.437672
02,30,079,Head,-0.4469495,0.545965,2.467036
02,30,079,ShoulderLeft,-0.5498234,0.294281,2.340244
02,30,079,ElbowLeft,-0.6169974,0.0570227,2.303457
02,30,079,WristLeft,-0.5705993,-0.1689112,2.270561
02,30,079,HandLeft,-0.5722144,-0.2467231,2.269198
02,30,079,ShoulderRight,-0.4044128,0.253649,2.544305
02,30,079,ElbowRight,-0.3719403,-0.001507195,2.568602
02,30,079,WristRight,-0.3125828,-0.2393332,2.557518
02,30,079,HandRight,-0.2846416,-0.3123428,2.551462
02,30,079,HipLeft,-0.5155069,-0.2000646,2.360002
02,30,079,KneeLeft,-0.5628101,-0.5011323,2.439258
02,30,079,AnkleLeft,-0.4204993,-0.8335848,2.336806
02,30,079,FootLeft,-0.3327656,-0.8698847,2.249286
02,30,079,HipRight,-0.4315462,-0.2003656,2.437569
02,30,079,KneeRight,-0.439982,-0.5224428,2.314753
02,30,079,AnkleRight,-0.6879278,-0.7126192,2.498325
02,30,079,FootRight,-0.5970719,-0.7512413,2.410771
02,30,079,SpineShoulder,-0.4783758,0.3505897,2.440945
02,30,079,HandTipLeft,-0.5717297,-0.3209848,2.248907
02,30,079,ThumbLeft,-0.517646,-0.2390794,2.250421
02,30,079,HandTipRight,-0.2699046,-0.3696115,2.537778
02,30,079,ThumbRight,-0.3052255,-0.3236516,2.543438
02,30,115,SpineBase,-0.4226213,-0.2036035,2.440577
02,30,115,SpineMid,-0.4277515,0.1241435,2.435613
02,30,115,Neck,-0.4304856,0.4424852,2.417919
02,30,115,Head,-0.3940142,0.5603247,2.447559
02,30,115,ShoulderLeft,-0.5055071,0.3095451,2.32059
02,30,115,ElbowLeft,-0.568052,0.07348491,2.282122
02,30,115,WristLeft,-0.5387524,-0.1811827,2.239201
02,30,115,HandLeft,-0.5253618,-0.2645108,2.235658
02,30,115,ShoulderRight,-0.3574445,0.269205,2.524545
02,30,115,ElbowRight,-0.3305882,0.01428041,2.554192
02,30,115,WristRight,-0.276879,-0.237814,2.544353
02,30,115,HandRight,-0.2568507,-0.3073179,2.533982
02,30,115,HipLeft,-0.4560705,-0.1892589,2.367301
02,30,115,KneeLeft,-0.5460991,-0.4869134,2.425321
02,30,115,AnkleLeft,-0.4189624,-0.8287451,2.336491
02,30,115,FootLeft,-0.3320142,-0.8654791,2.248142
02,30,115,HipRight,-0.3769621,-0.2120369,2.443092
02,30,115,KneeRight,-0.4291516,-0.5208299,2.305156
02,30,115,AnkleRight,-0.6479786,-0.7453268,2.487008
02,30,115,FootRight,-0.5583773,-0.7838556,2.398655
02,30,115,SpineShoulder,-0.4302165,0.3642018,2.424579
02,30,116,HandTipLeft,-0.5242922,-0.334775,2.22084
02,30,116,ThumbLeft,-0.482637,-0.2527285,2.232619
02,30,116,HandTipRight,-0.2503672,-0.3622695,2.523693
02,30,116,ThumbRight,-0.2732971,-0.3366339,2.518084
02,30,146,SpineBase,-0.3777167,-0.1896612,2.422613
02,30,146,SpineMid,-0.3828698,0.1398931,2.417886
02,30,146,Neck,-0.3858162,0.4598289,2.400412
02,30,146,Head,-0.3431005,0.5756223,2.428135
02,30,146,ShoulderLeft,-0.4556951,0.3273514,2.301198
02,30,146,ElbowLeft,-0.5151435,0.08354347,2.25493
02,30,146,WristLeft,-0.4824992,-0.1594764,2.206275
02,30,146,HandLeft,-0.4656543,-0.2426137,2.202666
02,30,146,ShoulderRight,-0.312881,0.2864544,2.507037
02,30,146,ElbowRight,-0.2881859,0.03147059,2.538141
02,30,146,WristRight,-0.2515609,-0.2236119,2.530424
02,30,146,HandRight,-0.2326116,-0.2949001,2.51219
02,30,147,HipLeft,-0.4127044,-0.1805871,2.350642
02,30,147,KneeLeft,-0.5147284,-0.4974914,2.403139
02,30,147,AnkleLeft,-0.4067283,-0.8485382,2.329128
02,30,147,FootLeft,-0.3187734,-0.8850147,2.242627
02,30,147,HipRight,-0.3321898,-0.1931226,2.423754
02,30,147,KneeRight,-0.4089166,-0.5173183,2.283405
02,30,147,AnkleRight,-0.5758793,-0.7807387,2.46796
02,30,147,FootRight,-0.5766602,-0.8852539,2.476563
02,30,147,SpineShoulder,-0.3854424,0.3811837,2.407008
02,30,147,HandTipLeft,-0.4613878,-0.3116958,2.184874
02,30,147,ThumbLeft,-0.4274276,-0.2404645,2.203389
02,30,147,HandTipRight,-0.2305898,-0.3506804,2.495659
02,30,147,ThumbRight,-0.2497153,-0.2934907,2.481727
02,30,180,SpineBase,-0.3393284,-0.1823163,2.415794
02,30,180,SpineMid,-0.3422212,0.1506138,2.405322
02,30,180,Neck,-0.3425197,0.4742261,2.381221
02,30,180,Head,-0.3039169,0.5932723,2.414164
02,30,180,ShoulderLeft,-0.4147086,0.3400072,2.284589
02,30,180,ElbowLeft,-0.472079,0.0936763,2.231726
02,30,180,WristLeft,-0.4267086,-0.1580095,2.182209
02,30,180,HandLeft,-0.4135698,-0.216465,2.174628
02,30,181,ShoulderRight,-0.2696871,0.3007616,2.487845
02,30,181,ElbowRight,-0.2431315,0.04569614,2.518283
02,30,181,WristRight,-0.2101813,-0.1958899,2.519219
02,30,181,HandRight,-0.2027726,-0.2491052,2.495955
02,30,181,HipLeft,-0.3733279,-0.1777171,2.343915
02,30,181,KneeLeft,-0.388098,-0.5252894,2.275719
02,30,181,AnkleLeft,-0.402279,-0.8621988,2.328237
02,30,181,FootLeft,-0.3155352,-0.8990747,2.240589
02,30,181,HipRight,-0.2945347,-0.1813615,2.41637
02,30,181,KneeRight,-0.2570928,-0.5097057,2.391237
02,30,181,AnkleRight,-0.4755262,-0.8038154,2.434848
02,30,181,FootRight,-0.3879954,-0.8419059,2.34692
02,30,181,SpineShoulder,-0.3428473,0.3946362,2.389575
02,30,181,HandTipLeft,-0.4047571,-0.2835545,2.147871
02,30,181,ThumbLeft,-0.3836657,-0.2022776,2.190414
02,30,181,HandTipRight,-0.1886072,-0.2933459,2.479646
02,30,181,ThumbRight,-0.2091155,-0.2427318,2.44125
02,30,211,SpineBase,-0.2906095,-0.1785217,2.391126
02,30,211,SpineMid,-0.2936201,0.1541395,2.382732
02,30,211,Neck,-0.2949391,0.4768057,2.361514
02,30,211,Head,-0.257029,0.5960784,2.39084
02,30,211,ShoulderLeft,-0.367999,0.3455144,2.25846
02,30,211,ElbowLeft,-0.4241036,0.1136523,2.206331
02,30,211,WristLeft,-0.3765757,-0.1367418,2.150661
02,30,211,HandLeft,-0.3526911,-0.241863,2.151236
02,30,211,ShoulderRight,-0.2222199,0.3032765,2.468112
02,30,211,ElbowRight,-0.1964958,0.04812669,2.498719
02,30,211,WristRight,-0.1739891,-0.194203,2.402606
02,30,211,HandRight,-0.1653221,-0.2670602,2.364811
02,30,211,HipLeft,-0.3258693,-0.1746648,2.315799
02,30,211,KneeLeft,-0.3786699,-0.5190746,2.272268
02,30,211,AnkleLeft,-0.3742357,-0.8691695,2.341598
02,30,211,FootLeft,-0.3290357,-0.939715,2.293171
02,30,211,HipRight,-0.2467289,-0.1770548,2.395118
02,30,211,KneeRight,-0.1959074,-0.5078158,2.371799
02,30,211,AnkleRight,-0.3999929,-0.8124045,2.414903
02,30,211,FootRight,-0.3117833,-0.8935999,2.359076
02,30,212,SpineShoulder,-0.2949,0.3975273,2.369055
02,30,212,HandTipLeft,-0.3470301,-0.3063874,2.144306
02,30,212,ThumbLeft,-0.3155594,-0.2377204,2.195333
02,30,212,HandTipRight,-0.1353447,-0.3357578,2.33952
02,30,212,ThumbRight,-0.1849066,-0.2659623,2.328714
02,30,247,SpineBase,-0.250338,-0.1783206,2.371427
02,30,247,SpineMid,-0.2520176,0.1551849,2.364611
02,30,247,Neck,-0.2521191,0.4785698,2.344909
02,30,247,Head,-0.2103757,0.5970868,2.375932
02,30,247,ShoulderLeft,-0.324368,0.3441532,2.239711
02,30,247,ElbowLeft,-0.3797979,0.1165937,2.181047
02,30,247,WristLeft,-0.3200831,-0.1308075,2.122762
02,30,247,HandLeft,-0.3101663,-0.1870729,2.138277
02,30,247,ShoulderRight,-0.1795067,0.3049864,2.451482
02,30,247,ElbowRight,-0.1539867,0.04978077,2.482033
02,30,247,WristRight,-0.1434309,-0.1874083,2.370676
02,30,247,HandRight,-0.1239942,-0.2630743,2.335001
02,30,247,HipLeft,-0.28721,-0.1734209,2.296962
02,30,247,KneeLeft,-0.3555244,-0.4987236,2.245716
02,30,247,AnkleLeft,-0.3712989,-0.8549201,2.334394
02,30,247,FootLeft,-0.3288987,-0.927744,2.29135
02,30,247,HipRight,-0.2059346,-0.1778797,2.374403
02,30,248,KneeRight,-0.1195842,-0.48257,2.344623
02,30,248,AnkleRight,-0.2032938,-0.8310036,2.351374
02,30,248,FootRight,-0.1783447,-0.9174805,2.3125
02,30,248,SpineShoulder,-0.2523543,0.3991274,2.352073
02,30,248,HandTipLeft,-0.2844245,-0.2536438,2.086593
02,30,248,ThumbLeft,-0.3654394,-0.1993576,2.163118
02,30,248,HandTipRight,-0.09394766,-0.325422,2.30916
02,30,248,ThumbRight,-0.1595962,-0.2759551,2.308273
02,30,278,SpineBase,-0.199396,-0.1850557,2.349782
02,30,278,SpineMid,-0.2029905,0.1499943,2.344641
02,30,278,Neck,-0.2058908,0.4748134,2.326758
02,30,278,Head,-0.1643436,0.5938079,2.357352
02,30,278,ShoulderLeft,-0.2782194,0.3392127,2.215756
02,30,278,ElbowLeft,-0.3332391,0.1244994,2.155757
02,30,278,WristLeft,-0.2661695,-0.1218702,2.101604
02,30,278,HandLeft,-0.2422636,-0.2329722,2.084614
02,30,278,ShoulderRight,-0.1333963,0.3011857,2.433294
02,30,278,ElbowRight,-0.1082822,0.04595494,2.463849
02,30,278,WristRight,-0.1008615,-0.1917407,2.35341
02,30,278,HandRight,-0.07844414,-0.2638941,2.314286
02,30,278,HipLeft,-0.2366569,-0.1787863,2.275931
02,30,278,KneeLeft,-0.3347225,-0.4937868,2.236976
02,30,278,AnkleLeft,-0.3704836,-0.8468555,2.33091
02,30,278,FootLeft,-0.3375077,-0.9234024,2.288718
02,30,278,HipRight,-0.1561116,-0.1856876,2.352058
02,30,278,KneeRight,-0.06267166,-0.4754702,2.317326
02,30,278,AnkleRight,-0.06232406,-0.8470636,2.30251
02,30,278,FootRight,-0.01137543,-0.9238281,2.232422
02,30,278,SpineShoulder,-0.2050165,0.3950015,2.333332
02,30,278,HandTipLeft,-0.2182159,-0.2955175,2.079774
02,30,278,ThumbLeft,-0.286672,-0.244517,2.127619
02,30,278,HandTipRight,-0.05327728,-0.328204,2.286371
02,30,278,ThumbRight,-0.1200514,-0.2676031,2.289467
02,30,311,SpineBase,-0.1663463,-0.1956841,2.330909
02,30,311,SpineMid,-0.1629203,0.1400147,2.325397
02,30,311,Neck,-0.1583393,0.4656303,2.307123
02,30,311,Head,-0.1141475,0.5836234,2.336479
02,30,311,ShoulderLeft,-0.2315382,0.3300545,2.196363
02,30,311,ElbowLeft,-0.2944461,0.1195507,2.13582
02,30,311,WristLeft,-0.213976,-0.1219944,2.077301
02,30,311,HandLeft,-0.177328,-0.2366465,2.04132
02,30,311,ShoulderRight,-0.08596869,0.2919692,2.413612
02,30,311,ElbowRight,-0.06115141,0.03675164,2.444112
02,30,311,WristRight,-0.05253124,-0.2007026,2.333236
02,30,311,HandRight,-0.03024078,-0.2752317,2.294695
02,30,311,HipLeft,-0.2051457,-0.1889615,2.257678
02,30,311,KneeLeft,-0.3080902,-0.5025222,2.226235
02,30,311,AnkleLeft,-0.3693584,-0.8486965,2.329845
02,30,311,FootLeft,-0.3434756,-0.9267757,2.284716
02,30,311,HipRight,-0.1224697,-0.1963967,2.332507
02,30,311,KneeRight,-0.01079727,-0.4907425,2.295778
02,30,312,AnkleRight,0.06775948,-0.8408617,2.259475
02,30,312,FootRight,0.1419678,-0.9125977,2.177734
02,30,312,SpineShoulder,-0.1591874,0.385539,2.31372
02,30,312,HandTipLeft,-0.155605,-0.2954342,2.043562
02,30,312,ThumbLeft,-0.2259737,-0.2286085,2.110273
02,30,312,HandTipRight,-0.003299679,-0.3378552,2.267572
02,30,312,ThumbRight,-0.07059206,-0.277788,2.267067
02,30,346,SpineBase,-0.11084,-0.2103576,2.310693
02,30,346,SpineMid,-0.1119729,0.1285359,2.306749
02,30,346,Neck,-0.1134591,0.4571693,2.290025
02,30,346,Head,-0.07501801,0.5780127,2.320284
02,30,346,ShoulderLeft,-0.1856582,0.3192115,2.179036
02,30,346,ElbowLeft,-0.2412885,0.1145624,2.111026
02,30,346,WristLeft,-0.1628886,-0.1264956,2.047201
02,30,346,HandLeft,-0.1183609,-0.2437659,1.999626
02,30,346,ShoulderRight,-0.04121206,0.283481,2.39647
02,30,346,ElbowRight,-0.01672059,0.02827981,2.42694
02,30,346,WristRight,-0.008298122,-0.2091548,2.316049
02,30,346,HandRight,0.01617129,-0.2854558,2.273483
02,30,346,HipLeft,-0.1481332,-0.2042577,2.237639
02,30,346,KneeLeft,-0.2718401,-0.5085989,2.213176
02,30,346,AnkleLeft,-0.3653849,-0.8444264,2.32478
02,30,346,FootLeft,-0.3460119,-0.9242153,2.283378
02,30,346,HipRight,-0.07015877,-0.2099333,2.312076
02,30,346,KneeRight,0.02257098,-0.4925492,2.277102
02,30,346,AnkleRight,0.1773448,-0.8261896,2.208929
02,30,346,FootRight,0.2576619,-0.8627463,2.123695
02,30,347,SpineShoulder,-0.1128607,0.3763947,2.296336
02,30,347,HandTipLeft,-0.09410951,-0.2984269,2.005424
02,30,347,ThumbLeft,-0.1141081,-0.1958582,2.068
02,30,347,HandTipRight,0.04141135,-0.3470142,2.250659
02,30,347,ThumbRight,-0.02060423,-0.2741985,2.2394
02,30,378,SpineBase,-0.06391975,-0.2206954,2.275557
02,30,378,SpineMid,-0.06541668,0.1177245,2.281452
02,30,378,Neck,-0.06663357,0.4455857,2.274137
02,30,378,Head,-0.01289143,0.5584762,2.298305
02,30,378,ShoulderLeft,-0.142058,0.3099428,2.159953
02,30,378,ElbowLeft,-0.1930473,0.102793,2.089628
02,30,378,WristLeft,-0.1147349,-0.1362517,2.017617
02,30,378,HandLeft,-0.08147285,-0.2188637,1.976491
02,30,378,ShoulderRight,0.005478133,0.2718827,2.380529
02,30,378,ElbowRight,0.02962291,0.01672572,2.410968
02,30,378,WristRight,0.03783587,-0.2206725,2.300062
02,30,378,HandRight,0.06819948,-0.2949896,2.244844
02,30,378,HipLeft,-0.106275,-0.2122842,2.205575
02,30,378,KneeLeft,-0.2246902,-0.5144683,2.19785
02,30,378,AnkleLeft,-0.3551927,-0.83569,2.314506
02,30,378,FootLeft,-0.3479616,-0.9229895,2.282019
02,30,378,HipRight,-0.01960322,-0.2221517,2.273849
02,30,378,KneeRight,0.06890354,-0.4978997,2.250766
02,30,378,AnkleRight,0.2491798,-0.8156149,2.168042
02,30,378,FootRight,0.3285246,-0.8516932,2.082748
02,30,378,SpineShoulder,-0.06632365,0.3650506,2.27821
02,30,379,HandTipLeft,-0.04443631,-0.2727783,1.946352
02,30,379,ThumbLeft,-0.04085025,-0.2419896,1.959417
02,30,379,HandTipRight,0.08852624,-0.3554257,2.226304
02,30,379,ThumbRight,0.03700026,-0.2935224,2.2103
02,30,413,SpineBase,-0.004014524,-0.2299389,2.259777
02,30,413,SpineMid,-0.01101191,0.1081423,2.264835
02,30,413,Neck,-0.01773901,0.4356312,2.256565
02,30,413,Head,0.02244725,0.554907,2.280168
02,30,413,ShoulderLeft,-0.09271102,0.2990274,2.141987
02,30,413,ElbowLeft,-0.1418052,0.08946641,2.06822
02,30,413,WristLeft,-0.06542265,-0.1486214,1.99072
02,30,413,HandLeft,-0.03428505,-0.2335486,1.943546
02,30,413,ShoulderRight,0.05422596,0.2619075,2.36291
02,30,413,ElbowRight,0.07800233,0.006782076,2.393327
02,30,413,WristRight,0.08599331,-0.2305873,2.282412
02,30,413,HandRight,0.1205753,-0.2763989,2.22388
02,30,413,HipLeft,-0.04472426,-0.2234083,2.191363
02,30,413,KneeLeft,-0.1703102,-0.5024525,2.174385
02,30,414,AnkleLeft,-0.3331195,-0.8064516,2.296507
02,30,414,FootLeft,-0.2449304,-0.8429989,2.211304
02,30,414,HipRight,0.03677436,-0.2291765,2.256512
02,30,414,KneeRight,0.1419555,-0.5099929,2.215453
02,30,414,AnkleRight,0.2841358,-0.8497136,2.153357
02,30,414,FootRight,0.3495193,-0.9080603,2.064968
02,30,414,SpineShoulder,-0.01609598,0.355209,2.260908
02,30,414,HandTipLeft,-0.001643709,-0.2893168,1.91551
02,30,414,ThumbLeft,-0.0005795509,-0.249528,1.9418
02,30,414,HandTipRight,0.124186,-0.3048575,2.204308
02,30,414,ThumbRight,0.1033994,-0.2476852,2.201267
02,30,448,SpineBase,0.04919973,-0.237402,2.231349
02,30,448,SpineMid,0.03911991,0.09935593,2.2409
02,30,448,Neck,0.02911273,0.4254625,2.237061
02,30,448,Head,0.07894716,0.5399287,2.2567
02,30,448,ShoulderLeft,-0.0473312,0.2894865,2.124741
02,30,448,ElbowLeft,-0.09270658,0.07271226,2.056559
02,30,448,WristLeft,-0.02326088,-0.164606,1.969934
02,30,448,HandLeft,0.007033225,-0.2474185,1.913448
02,30,448,ShoulderRight,0.1009333,0.2517168,2.343364
02,30,448,ElbowRight,0.1243501,-0.003377103,2.373766
02,30,448,WristRight,0.1321248,-0.2407171,2.262845
02,30,448,HandRight,0.1538779,-0.3088919,2.18902
02,30,448,HipLeft,0.004961896,-0.2305594,2.167562
02,30,448,KneeLeft,-0.1129203,-0.5117891,2.152906
02,30,448,AnkleLeft,-0.2980878,-0.7999182,2.28135
02,30,448,FootLeft,-0.2105589,-0.8360717,2.195418
02,30,448,HipRight,0.09181199,-0.2366236,2.223506
02,30,448,KneeRight,0.1982022,-0.5100903,2.189948
02,30,448,AnkleRight,0.3122738,-0.8435187,2.135983
02,30,448,FootRight,0.3907699,-0.8784229,2.050577
02,30,448,SpineShoulder,0.0316132,0.3453874,2.240301
02,30,449,HandTipLeft,0.03602537,-0.3001295,1.885342
02,30,449,ThumbLeft,0.0423132,-0.261029,1.881278
02,30,449,HandTipRight,0.1492986,-0.3198662,2.177338
02,30,450,ThumbRight,0.1328826,-0.3194468,2.167667
02,30,478,SpineBase,0.1112309,-0.2399166,2.214792
02,30,478,SpineMid,0.09302308,0.09882769,2.22286
02,30,478,Neck,0.07355008,0.4267675,2.218019
02,30,478,Head,0.1199245,0.5434489,2.237792
02,30,478,ShoulderLeft,0.0003183187,0.2836488,2.10496
02,30,478,ElbowLeft,-0.04651763,0.07334756,2.0351
02,30,478,WristLeft,0.01417884,-0.1527761,1.948182
02,30,478,HandLeft,0.03802605,-0.2378145,1.898743
02,30,478,ShoulderRight,0.1452287,0.2529716,2.32431
02,30,478,ElbowRight,0.1682999,-0.00217251,2.354732
02,30,478,WristRight,0.07366366,-0.2281672,2.262931
02,30,478,HandRight,0.1133878,-0.3055066,2.246104
02,30,478,HipLeft,0.06972724,-0.2333896,2.150901
02,30,478,KneeLeft,-0.03227847,-0.5129626,2.119713
02,30,478,AnkleLeft,-0.2527988,-0.7721893,2.254661
02,30,478,FootLeft,-0.1650625,-0.8081288,2.169466
02,30,478,HipRight,0.1490984,-0.2386948,2.207147
02,30,478,KneeRight,0.2810283,-0.531136,2.154467
02,30,478,AnkleRight,0.3337253,-0.8528824,2.126137
02,30,478,FootRight,0.3806774,-0.9296223,2.05329
02,30,478,SpineShoulder,0.0793836,0.3462806,2.221105
02,30,478,HandTipLeft,0.06190002,-0.2904165,1.856126
02,30,478,ThumbLeft,0.07031531,-0.2521176,1.8935
02,30,478,HandTipRight,0.1090058,-0.3165274,2.234403
02,30,478,ThumbRight,0.09284592,-0.3161728,2.224708
02,30,513,SpineBase,0.1860079,-0.2248924,2.203721
02,30,513,SpineMid,0.152011,0.1113978,2.208463
02,30,513,Neck,0.1163769,0.4365024,2.200501
02,30,513,Head,0.1680808,0.5509728,2.21818
02,30,513,ShoulderLeft,0.0403323,0.2896074,2.084694
02,30,513,ElbowLeft,-0.001164408,0.07131918,2.021922
02,30,513,WristLeft,0.05797079,-0.165767,1.926618
02,30,513,HandLeft,0.07470215,-0.2500114,1.883474
02,30,513,ShoulderRight,0.1879149,0.2626381,2.306805
02,30,513,ElbowRight,0.2106507,0.007385806,2.337273
02,30,513,WristRight,0.115064,-0.2185232,2.245963
02,30,513,HandRight,0.1547919,-0.2958675,2.22913
02,30,513,HipLeft,0.1469992,-0.2179401,2.140613
02,30,513,KneeLeft,0.05737453,-0.5146548,2.080583
02,30,513,AnkleLeft,-0.1886327,-0.7446994,2.22508
02,30,513,FootLeft,-0.1015359,-0.7801216,2.139483
02,30,513,HipRight,0.2189499,-0.2245563,2.195415
02,30,513,KneeRight,0.331192,-0.5257174,2.134792
02,30,513,AnkleRight,0.3387086,-0.8560654,2.123247
02,30,513,FootRight,0.3807006,-0.9303168,2.053718
02,30,513,SpineShoulder,0.1264054,0.3569571,2.204306
02,30,513,HandTipLeft,0.09075765,-0.3042595,1.844608
02,30,513,ThumbLeft,0.09809101,-0.2302151,1.945333
02,30,513,HandTipRight,0.1502207,-0.3069226,2.217437
02,30,513,ThumbRight,0.1338144,-0.3066115,2.20775
02,30,544,SpineBase,0.2481037,-0.2103697,2.17338
02,30,544,SpineMid,0.2055714,0.1225276,2.180516
02,30,545,Neck,0.1630943,0.4445291,2.174256
02,30,545,Head,0.2135517,0.5606794,2.192555
02,30,545,ShoulderLeft,0.08179232,0.2971179,2.066808
02,30,545,ElbowLeft,0.04547546,0.07187857,2.00092
02,30,545,WristLeft,0.08188421,-0.173172,1.916026
02,30,545,HandLeft,0.1084448,-0.2577758,1.876039
02,30,545,ShoulderRight,0.2344785,0.270581,2.280576
02,30,545,ElbowRight,0.25684,0.0152132,2.311099
02,30,545,WristRight,0.1861106,-0.21923,2.218475
02,30,545,HandRight,0.1382496,-0.2529382,2.247482
02,30,545,HipLeft,0.2033035,-0.2034227,2.106032
02,30,545,KneeLeft,0.1395903,-0.5056714,2.030677
02,30,545,AnkleLeft,-0.1050883,-0.728142,2.188661
02,30,545,FootLeft,-0.02076745,-0.7632462,2.100244
02,30,545,HipRight,0.2847185,-0.21042,2.169482
02,30,545,KneeRight,0.3644905,-0.4932934,2.119499
02,30,545,AnkleRight,0.3437471,-0.8641654,2.119102
02,30,545,FootRight,0.383383,-0.9332998,2.050208
02,30,545,SpineShoulder,0.1737502,0.3655218,2.178092
02,30,545,HandTipLeft,0.1180186,-0.3128223,1.842352
02,30,545,ThumbLeft,0.1476926,-0.2575087,1.923714
02,30,545,HandTipRight,0.133756,-0.2641914,2.235761
02,30,545,ThumbRight,0.1174505,-0.2641392,2.226034
02,30,580,SpineBase,0.2797604,-0.1977504,2.14824
02,30,580,SpineMid,0.2391798,0.1347442,2.158149
02,30,580,Neck,0.1986938,0.4562339,2.15456
02,30,580,Head,0.250829,0.5720938,2.171714
02,30,580,ShoulderLeft,0.1161926,0.3102543,2.04421
02,30,580,ElbowLeft,0.07437517,0.07566332,1.988565
02,30,580,WristLeft,0.1258713,-0.1665345,1.903287
02,30,580,HandLeft,0.1415852,-0.2531297,1.879025
02,30,580,ShoulderRight,0.2699586,0.2822081,2.260908
02,30,580,ElbowRight,0.2920329,0.02671168,2.291494
02,30,580,WristRight,0.2173658,-0.2088537,2.205428
02,30,580,HandRight,0.1747926,-0.2458168,2.238366
02,30,580,HipLeft,0.2331912,-0.188228,2.080322
02,30,580,KneeLeft,0.2167168,-0.4674088,1.994544
02,30,580,AnkleLeft,-0.007636546,-0.7156296,2.145658
02,30,580,FootLeft,0.07538673,-0.7507173,2.057508
02,30,580,HipRight,0.3171615,-0.2006403,2.144886
02,30,580,KneeRight,0.3877117,-0.5068408,2.10555
02,30,580,AnkleRight,0.3446139,-0.863604,2.118301
02,30,580,FootRight,0.3842661,-0.9339197,2.049326
02,30,580,SpineShoulder,0.2088646,0.37737,2.157727
02,30,580,HandTipLeft,0.1463028,-0.3135535,1.848231
02,30,580,ThumbLeft,0.1803907,-0.2299472,1.938926
02,30,580,HandTipRight,0.1701336,-0.2570986,2.226654
02,30,580,ThumbRight,0.1536122,-0.2570828,2.216938
02,30,611,SpineBase,0.3172883,-0.1777108,2.121107
02,30,611,SpineMid,0.2787014,0.153203,2.130489
02,30,611,Neck,0.2391608,0.4725526,2.126988
02,30,611,Head,0.2909281,0.5898775,2.144898
02,30,611,ShoulderLeft,0.1557048,0.3225222,2.024689
02,30,611,ElbowLeft,0.1121811,0.08598284,1.973081
02,30,611,WristLeft,0.1557664,-0.1597866,1.894539
02,30,611,HandLeft,0.1704477,-0.2540528,1.865244
02,30,611,ShoulderRight,0.3102897,0.2984179,2.233386
02,30,611,ElbowRight,0.332031,0.04273902,2.264062
02,30,611,WristRight,0.259778,-0.1953923,2.183442
02,30,611,HandRight,0.2288552,-0.2770439,2.168493
02,30,611,HipLeft,0.2685623,-0.1695502,2.050732
02,30,611,KneeLeft,0.3036457,-0.4498454,1.952329
02,30,611,AnkleLeft,0.08947214,-0.7097821,2.099982
02,30,611,FootLeft,0.05200542,-0.817705,2.086439
02,30,611,HipRight,0.3553264,-0.1799212,2.120476
02,30,611,KneeRight,0.4032266,-0.5030773,2.086029
02,30,611,AnkleRight,0.3474016,-0.860399,2.115803
02,30,611,FootRight,0.3861483,-0.9343374,2.049613
02,30,611,SpineShoulder,0.2491948,0.3942691,2.130088
02,30,611,HandTipLeft,0.1804072,-0.3139755,1.855276
02,30,611,ThumbLeft,0.2062017,-0.250623,1.88
02,30,611,HandTipRight,0.2239257,-0.2881539,2.156825
02,30,611,ThumbRight,0.2070528,-0.2879095,2.147169
02,30,648,SpineBase,0.3400398,-0.1620656,2.097809
02,30,648,SpineMid,0.3062451,0.1658289,2.109693
02,30,648,Neck,0.2731451,0.4826437,2.107732
02,30,648,Head,0.3197886,0.6028985,2.126094
02,30,648,ShoulderLeft,0.18709,0.3417818,2.006954
02,30,648,ElbowLeft,0.1399523,0.08869042,1.961321
02,30,648,WristLeft,0.1871913,-0.1577003,1.887676
02,30,648,HandLeft,0.201776,-0.2456124,1.865789
02,30,648,ShoulderRight,0.344156,0.3084387,2.214162
02,30,648,ElbowRight,0.3656172,0.05264462,2.24491
02,30,648,WristRight,0.3634141,-0.1562983,2.083297
02,30,648,HandRight,0.3932195,-0.1955483,2.047064
02,30,648,HipLeft,0.2903753,-0.1532768,2.024553
02,30,648,KneeLeft,0.331942,-0.4509069,1.935754
02,30,648,AnkleLeft,0.1652232,-0.7543371,2.06087
02,30,648,FootLeft,0.2272513,-0.8500962,2.037208
02,30,648,HipRight,0.378178,-0.1652825,2.099941
02,30,648,KneeRight,0.4387503,-0.476935,2.050496
02,30,648,AnkleRight,0.3564318,-0.8325177,2.110136
02,30,648,FootRight,0.432078,-0.8662469,2.020604
02,30,648,SpineShoulder,0.2814452,0.404992,2.110484
02,30,648,HandTipLeft,0.209802,-0.3075493,1.862279
02,30,648,ThumbLeft,0.2329443,-0.2292922,1.876524
02,30,648,HandTipRight,0.4058804,-0.2844924,2.045054
02,30,648,ThumbRight,0.3731374,-0.2301403,2.004
02,30,678,SpineBase,0.3860468,-0.144832,2.069793
02,30,678,SpineMid,0.3508564,0.1788523,2.081247
02,30,678,Neck,0.3143686,0.4910028,2.079872
02,30,679,Head,0.3645114,0.610843,2.098539
02,30,679,ShoulderLeft,0.2192549,0.347333,1.986328
02,30,679,ElbowLeft,0.1739575,0.09759093,1.947323
02,30,679,WristLeft,0.2100941,-0.0923796,1.885409
02,30,679,HandLeft,0.2308374,-0.1754113,1.875592
02,30,679,ShoulderRight,0.3852335,0.3167119,2.186339
02,30,679,ElbowRight,0.4063453,0.06079549,2.217172
02,30,679,WristRight,0.5011793,-0.1770582,2.181102
02,30,679,HandRight,0.5260838,-0.2474956,2.188182
02,30,679,HipLeft,0.329955,-0.1353434,1.989894
02,30,679,KneeLeft,0.3935214,-0.441274,1.903104
02,30,679,AnkleLeft,0.2874158,-0.7780568,2.008474
02,30,679,FootLeft,0.3261536,-0.8837858,1.978987
02,30,679,HipRight,0.4288694,-0.1493684,2.079045
02,30,679,KneeRight,0.3559909,-0.4925214,2.065718
02,30,679,AnkleRight,0.3511481,-0.8569767,2.099016
02,30,679,FootRight,0.3671975,-0.9219978,2.020893
02,30,679,SpineShoulder,0.323925,0.414574,2.082281
02,30,679,HandTipLeft,0.2323036,-0.243241,1.84399
02,30,679,ThumbLeft,0.2582856,-0.1752038,1.877715
02,30,679,HandTipRight,0.5369802,-0.3045174,2.178936
02,30,679,ThumbRight,0.4835997,-0.2473443,2.1275
02,30,713,SpineBase,0.4198137,-0.1412026,2.050984
02,30,714,SpineMid,0.3818607,0.1825536,2.064011
02,30,714,Neck,0.3430728,0.4947434,2.063854
02,30,714,Head,0.3950136,0.6131864,2.078674
02,30,714,ShoulderLeft,0.2541023,0.3454582,1.96512
02,30,714,ElbowLeft,0.1997586,0.1008625,1.93693
02,30,714,WristLeft,0.2492828,-0.1311299,1.870672
02,30,714,HandLeft,0.2659326,-0.21388,1.864187
02,30,714,ShoulderRight,0.4138332,0.3204085,2.170342
02,30,714,ElbowRight,0.4347022,0.06443299,2.201232
02,30,714,WristRight,0.5637783,-0.1558209,2.161225
02,30,714,HandRight,0.601375,-0.2231551,2.147542
02,30,714,HipLeft,0.3632943,-0.1316683,1.969146
02,30,714,KneeLeft,0.4561291,-0.4316221,1.87153
02,30,714,AnkleLeft,0.3740243,-0.7837957,1.948248
02,30,714,FootLeft,0.4023671,-0.8908339,1.89855
02,30,714,HipRight,0.4618858,-0.1458716,2.06232
02,30,714,KneeRight,0.3946123,-0.4855725,2.083314
02,30,714,AnkleRight,0.3725736,-0.7482669,1.99447
02,30,714,FootRight,0.3979063,-0.8529751,1.997363
02,30,714,SpineShoulder,0.3528564,0.4182585,2.066181
02,30,714,HandTipLeft,0.27066,-0.282676,1.856458
02,30,714,ThumbLeft,0.2944656,-0.2003053,1.867947
02,30,714,HandTipRight,0.6221969,-0.2800183,2.124155
02,30,714,ThumbRight,0.6079706,-0.2099494,2.101897
02,30,746,SpineBase,0.4553897,-0.1456136,2.028948
02,30,746,SpineMid,0.4224257,0.1802762,2.038926
02,30,746,Neck,0.3873247,0.4947615,2.036278
02,30,746,Head,0.4407266,0.6125971,2.048961
02,30,746,ShoulderLeft,0.2892193,0.3432985,1.94341
02,30,746,ElbowLeft,0.238742,0.1097932,1.919978
02,30,746,WristLeft,0.2610941,-0.1294796,1.867269
02,30,746,HandLeft,0.2926764,-0.2070467,1.860267
02,30,746,ShoulderRight,0.4579185,0.3203679,2.142789
02,30,746,ElbowRight,0.4784031,0.06433821,2.17376
02,30,746,WristRight,0.6262679,-0.1423652,2.127141
02,30,746,HandRight,0.6659486,-0.2030641,2.101882
02,30,746,HipLeft,0.3998238,-0.1345238,1.941888
02,30,746,KneeLeft,0.5092562,-0.4442235,1.835924
02,30,746,AnkleLeft,0.4825684,-0.8114775,1.876646
02,30,746,FootLeft,0.5519702,-0.8444809,1.783274
02,30,746,HipRight,0.4953872,-0.1515402,2.045336
02,30,746,KneeRight,0.4158521,-0.4903968,2.058681
02,30,746,AnkleRight,0.3465838,-0.8875323,2.102311
02,30,746,FootRight,0.4211421,-0.9068753,1.978469
02,30,746,SpineShoulder,0.3968457,0.4177145,2.038861
02,30,746,HandTipLeft,0.2970031,-0.2774399,1.845797
02,30,746,ThumbLeft,0.3211851,-0.2027004,1.851105
02,30,746,HandTipRight,0.6872484,-0.2592361,2.0797
02,30,746,ThumbRight,0.6586581,-0.1789542,2.05859
02,30,779,SpineBase,0.4814392,-0.151589,2.006394
02,30,779,SpineMid,0.451653,0.1749847,2.017089
02,30,779,Neck,0.4208256,0.4897402,2.014423
02,30,780,Head,0.4745283,0.6057495,2.021478
02,30,780,ShoulderLeft,0.3316113,0.3371298,1.915419
02,30,780,ElbowLeft,0.2710267,0.09668279,1.903385
02,30,780,WristLeft,0.2996042,-0.08899148,1.856534
02,30,780,HandLeft,0.3212149,-0.167425,1.851188
02,30,780,ShoulderRight,0.4912879,0.3153147,2.12094
02,30,780,ElbowRight,0.5114733,0.0592817,2.151967
02,30,780,WristRight,0.6775943,-0.1291434,2.089936
02,30,780,HandRight,0.7194366,-0.1772838,2.062988
02,30,780,HipLeft,0.4208519,-0.1389314,1.926328
02,30,780,KneeLeft,0.5136099,-0.4469252,1.832482
02,30,780,AnkleLeft,0.5788403,-0.8125563,1.811643
02,30,780,FootLeft,0.6501255,-0.8946557,1.77036
02,30,780,HipRight,0.5253549,-0.1590941,2.015619
02,30,780,KneeRight,0.4268948,-0.487547,2.057864
02,30,780,AnkleRight,0.3468876,-0.8860711,2.101978
02,30,780,FootRight,0.3983052,-0.9418682,2.044205
02,30,780,SpineShoulder,0.4285225,0.4127125,2.017498
02,30,780,HandTipLeft,0.320163,-0.2404647,1.828016
02,30,780,ThumbLeft,0.2944165,-0.1655734,1.871333
02,30,780,HandTipRight,0.7514772,-0.2325114,2.033696
02,30,780,ThumbRight,0.72483,-0.1711896,2.009722
02,30,813,SpineBase,0.5189397,-0.1613205,1.97799
02,30,813,SpineMid,0.4877611,0.166415,1.989561
02,30,813,Neck,0.4539712,0.4823872,1.988492
02,30,813,Head,0.5184915,0.5931035,1.994007
02,30,813,ShoulderLeft,0.3620872,0.3284099,1.892139
02,30,813,ElbowLeft,0.3128944,0.0720677,1.879357
02,30,813,WristLeft,0.3421482,-0.1289236,1.834349
02,30,813,HandLeft,0.3584994,-0.2116726,1.831823
02,30,813,ShoulderRight,0.5242984,0.3079262,2.095017
02,30,813,ElbowRight,0.5441754,0.05189725,2.1261
02,30,813,WristRight,0.7306617,-0.1137818,2.057868
02,30,813,HandRight,0.7798985,-0.1729531,2.020627
02,30,813,HipLeft,0.4634485,-0.147772,1.891919
02,30,813,KneeLeft,0.5350519,-0.4567011,1.814809
02,30,813,AnkleLeft,0.6662015,-0.8003931,1.753414
02,30,813,FootLeft,0.7337311,-0.8332673,1.663259
02,30,813,HipRight,0.553746,-0.1682095,1.995989
02,30,813,KneeRight,0.4424449,-0.4900493,2.049168
02,30,813,AnkleRight,0.3508047,-0.8823251,2.099409
02,30,813,FootRight,0.3984072,-0.9420502,2.04458
02,30,813,SpineShoulder,0.4630744,0.4049533,1.990736
02,30,813,HandTipLeft,0.3546864,-0.2828686,1.815782
02,30,813,ThumbLeft,0.3912607,-0.2168348,1.822572
02,30,813,HandTipRight,0.8076274,-0.2198553,1.991562
02,30,814,ThumbRight,0.767138,-0.1487286,1.977059
02,30,846,SpineBase,0.5514109,-0.1797368,1.95101
02,30,846,SpineMid,0.5232064,0.1507038,1.963282
02,30,846,Neck,0.4934138,0.4689937,1.961904
02,30,846,Head,0.5615641,0.5783232,1.967579
02,30,846,ShoulderLeft,0.3963838,0.3145424,1.860098
02,30,846,ElbowLeft,0.3426048,0.05705152,1.855747
02,30,846,WristLeft,0.3711754,-0.1973195,1.809019
02,30,846,HandLeft,0.3870051,-0.2649204,1.813536
02,30,846,ShoulderRight,0.5635732,0.2945182,2.068424
02,30,846,ElbowRight,0.5830821,0.03854382,2.099566
02,30,846,WristRight,0.7807276,-0.1107202,2.025497
02,30,846,HandRight,0.8335071,-0.1681259,1.98233
02,30,846,HipLeft,0.4893728,-0.1647103,1.872885
02,30,846,KneeLeft,0.5728835,-0.4670415,1.790653
02,30,846,AnkleLeft,0.735241,-0.7930303,1.708409
02,30,846,FootLeft,0.8011868,-0.8261315,1.618572
02,30,846,HipRight,0.5932141,-0.1875942,1.960081
02,30,846,KneeRight,0.4746861,-0.5058584,2.017581
02,30,846,AnkleRight,0.3526814,-0.8832452,2.097249
02,30,847,FootRight,0.4012417,-0.9440073,2.049168
02,30,847,SpineShoulder,0.5010049,0.3911366,1.96463
02,30,847,HandTipLeft,0.3851673,-0.3330039,1.819625
02,30,847,ThumbLeft,0.4179362,-0.2446962,1.802391
02,30,847,HandTipRight,0.8604807,-0.2093369,1.948725
02,30,847,ThumbRight,0.8095807,-0.137592,1.9422
02,30,882,SpineBase,0.5888298,-0.2002861,1.916079
02,30,882,SpineMid,0.5584583,0.1335088,1.93101
02,30,882,Neck,0.523348,0.4560636,1.934515
02,30,883,Head,0.5964223,0.5629015,1.940104
02,30,883,ShoulderLeft,0.4346431,0.3020657,1.827962
02,30,883,ElbowLeft,0.3779727,0.04501898,1.82204
02,30,883,WristLeft,0.4058091,-0.1430614,1.793998
02,30,883,HandLeft,0.4204247,-0.2254636,1.794421
02,30,883,ShoulderRight,0.5933721,0.2815667,2.041033
02,30,883,ElbowRight,0.6125809,0.02563966,2.072225
02,30,883,WristRight,0.8187414,-0.1087332,2.000945
02,30,883,HandRight,0.8756497,-0.1573659,1.951143
02,30,883,HipLeft,0.5309561,-0.1875421,1.839641
02,30,883,KneeLeft,0.5546569,-0.4958903,1.828517
02,30,883,AnkleLeft,0.7174173,-0.7248749,1.679443
02,30,883,FootLeft,0.7855586,-0.7585543,1.59213
02,30,883,HipRight,0.6255654,-0.2058578,1.924017
02,30,883,KneeRight,0.4943292,-0.5070681,2.015028
02,30,883,AnkleRight,0.3686213,-0.8491386,2.079653
02,30,883,FootRight,0.3994476,-0.9415572,2.049618
02,30,883,SpineShoulder,0.5327798,0.3770145,1.935671
02,30,883,HandTipLeft,0.4129906,-0.2961738,1.778155
02,30,883,ThumbLeft,0.4361562,-0.2823448,1.7678
02,30,883,HandTipRight,0.9092318,-0.200427,1.918613
02,30,883,ThumbRight,0.8593566,-0.1406274,1.903
02,30,911,SpineBase,0.6348724,-0.2148484,1.89354
02,30,912,SpineMid,0.5947618,0.1195357,1.906274
02,30,912,Neck,0.5550957,0.4408425,1.903775
02,30,912,Head,0.6160445,0.5566929,1.914524
02,30,912,ShoulderLeft,0.4719724,0.2818271,1.797464
02,30,912,ElbowLeft,0.3988909,0.0684738,1.785239
02,30,912,WristLeft,0.4384747,-0.1866132,1.76255
02,30,912,HandLeft,0.4510731,-0.2819895,1.77066
02,30,912,ShoulderRight,0.6249692,0.2663248,2.010292
02,30,912,ElbowRight,0.7469949,0.03886347,2.010445
02,30,912,WristRight,0.8560534,-0.1130777,1.977488
02,30,912,HandRight,0.9115499,-0.1511725,1.919616
02,30,912,HipLeft,0.5754198,-0.2013491,1.818618
02,30,912,KneeLeft,0.5987862,-0.4906095,1.79886
02,30,912,AnkleLeft,0.7440856,-0.6590412,1.628314
02,30,912,FootLeft,0.8041235,-0.7482586,1.611614
02,30,912,HipRight,0.670935,-0.2204643,1.900831
02,30,912,KneeRight,0.5612791,-0.5274106,1.996002
02,30,912,AnkleRight,0.3942717,-0.8505359,2.073026
02,30,912,FootRight,0.3995416,-0.9316928,2.048395
02,30,912,SpineShoulder,0.5652909,0.362271,1.906841
02,30,912,HandTipLeft,0.4459679,-0.3524366,1.772889
02,30,912,ThumbLeft,0.4797789,-0.2792554,1.765125
02,30,912,HandTipRight,0.9411948,-0.1949709,1.887295
02,30,912,ThumbRight,0.8906347,-0.1373681,1.871111
02,30,946,SpineBase,0.6463231,-0.2361152,1.86059
02,30,946,SpineMid,0.6172137,0.1031395,1.874142
02,30,946,Neck,0.5853701,0.4303572,1.874279
02,30,946,Head,0.6517987,0.5406682,1.87685
02,30,946,ShoulderLeft,0.498063,0.2751467,1.773454
02,30,946,ElbowLeft,0.4556952,0.01536416,1.762129
02,30,947,WristLeft,0.5853244,-0.1983166,1.690977
02,30,947,HandLeft,0.6228448,-0.3188092,1.670862
02,30,947,ShoulderRight,0.6550983,0.2558092,1.98081
02,30,947,ElbowRight,0.7757044,0.02791972,1.982851
02,30,947,WristRight,0.8928359,-0.115566,1.939804
02,30,947,HandRight,0.9386984,-0.147016,1.888499
02,30,947,HipLeft,0.5833483,-0.2201525,1.795835
02,30,947,KneeLeft,0.7416357,-0.4702201,1.659541
02,30,947,AnkleLeft,0.7632679,-0.7423455,1.624841
02,30,947,FootLeft,0.8132885,-0.8369328,1.60755
02,30,947,HipRight,0.6862162,-0.2432104,1.85621
02,30,947,KneeRight,0.6275983,-0.5377275,1.957188
02,30,947,AnkleRight,0.4431692,-0.8228515,2.057377
02,30,947,FootRight,0.4345924,-0.9121311,2.032461
02,30,947,SpineShoulder,0.5939171,0.3501894,1.876392
02,30,947,HandTipLeft,0.6504169,-0.3904662,1.649874
02,30,947,ThumbLeft,0.6478699,-0.2840408,1.636776
02,30,947,HandTipRight,0.9704444,-0.1876858,1.855259
02,30,947,ThumbRight,0.9157373,-0.132729,1.842222
02,30,978,SpineBase,0.6682329,-0.2292879,1.842958
02,30,978,SpineMid,0.6410392,0.1046082,1.857233
02,30,978,Neck,0.6112134,0.4262099,1.857732
02,30,978,Head,0.6747336,0.5386114,1.860769
02,30,978,ShoulderLeft,0.5150312,0.268016,1.760636
02,30,978,ElbowLeft,0.4626929,0.009937672,1.751081
02,30,978,WristLeft,0.5668983,-0.2120922,1.695748
02,30,978,HandLeft,0.569365,-0.2634706,1.702373
02,30,979,ShoulderRight,0.6808235,0.2516488,1.964283
02,30,979,ElbowRight,0.8021284,0.02421122,1.965193
02,30,979,WristRight,0.9154018,-0.121765,1.919784
02,30,979,HandRight,0.9525167,-0.144052,1.876028
02,30,979,HipLeft,0.6082999,-0.2134229,1.765672
02,30,979,KneeLeft,0.7503817,-0.422528,1.643025
02,30,979,AnkleLeft,0.8312211,-0.7846438,1.628487
02,30,979,FootLeft,0.8946328,-0.8177845,1.538856
02,30,979,HipRight,0.704439,-0.236798,1.849145
02,30,979,KneeRight,0.6861748,-0.5684469,1.914881
02,30,979,AnkleRight,0.4915862,-0.7981455,2.037776
02,30,979,FootRight,0.5619757,-0.8326402,1.944983
02,30,979,SpineShoulder,0.6191593,0.3475054,1.85985
02,30,979,HandTipLeft,0.6143073,-0.334368,1.687504
02,30,979,ThumbLeft,0.5943049,-0.2185184,1.650947
02,30,979,HandTipRight,0.9877459,-0.1890738,1.841963
02,30,979,ThumbRight,0.940446,-0.13146,1.818844
02,31,013,SpineBase,0.6899964,-0.2261805,1.814777
02,31,013,SpineMid,0.6655315,0.1079387,1.836205
02,31,013,Neck,0.637903,0.4297614,1.843273
02,31,013,Head,0.7171836,0.5302718,1.83504
02,31,013,ShoulderLeft,0.5363924,0.2700637,1.746916
02,31,013,ElbowLeft,0.4921744,0.01066112,1.720754
02,31,013,WristLeft,0.5699082,-0.211439,1.690171
02,31,013,HandLeft,0.5593306,-0.2647485,1.685862
02,31,013,ShoulderRight,0.7073994,0.2551715,1.949866
02,31,013,ElbowRight,0.8277709,0.02734757,1.951356
02,31,013,WristRight,0.9285161,-0.127391,1.90402
02,31,013,HandRight,0.9650768,-0.1466905,1.845969
02,31,013,HipLeft,0.6232406,-0.2104741,1.742414
02,31,013,KneeLeft,0.7632134,-0.4065773,1.635534
02,31,013,AnkleLeft,0.8439541,-0.7688362,1.621043
02,31,013,FootLeft,0.9060729,-0.8020709,1.530057
02,31,013,HipRight,0.7303962,-0.2338034,1.821555
02,31,013,KneeRight,0.6941471,-0.5612049,1.898645
02,31,013,AnkleRight,0.5397596,-0.788307,2.013184
02,31,013,FootRight,0.5485587,-0.8636588,2.007408
02,31,013,SpineShoulder,0.6453977,0.3509787,1.843742
02,31,013,HandTipLeft,0.5524101,-0.3410869,1.671085
02,31,013,ThumbLeft,0.6002001,-0.2664379,1.653
02,31,013,HandTipRight,0.9958546,-0.187722,1.80961
02,31,013,ThumbRight,0.9507825,-0.127421,1.796574
02,31,047,SpineBase,0.7185766,-0.2085818,1.801361
02,31,047,SpineMid,0.6884532,0.1209305,1.824402
02,31,047,Neck,0.6549901,0.4385324,1.834038
02,31,047,Head,0.7305436,0.5400665,1.826719
02,31,048,ShoulderLeft,0.5522129,0.2793075,1.739588
02,31,048,ElbowLeft,0.5018771,0.02378752,1.711812
02,31,048,WristLeft,0.5457417,-0.1583635,1.666685
02,31,048,HandLeft,0.5500371,-0.1690889,1.687746
02,31,048,ShoulderRight,0.72442,0.2639046,1.94068
02,31,048,ElbowRight,0.844981,0.03617514,1.942037
02,31,048,WristRight,0.9352074,-0.118059,1.871233
02,31,048,HandRight,0.9638673,-0.1442662,1.823626
02,31,048,HipLeft,0.6558147,-0.1908465,1.72384
02,31,048,KneeLeft,0.7693797,-0.4075102,1.627159
02,31,048,AnkleLeft,0.8500539,-0.7697666,1.612684
02,31,048,FootLeft,0.9117383,-0.8026121,1.521168
02,31,048,HipRight,0.7557623,-0.2179537,1.811647
02,31,048,KneeRight,0.7226662,-0.5512459,1.873143
02,31,048,AnkleRight,0.5926414,-0.7593164,1.98808
02,31,048,FootRight,0.6142578,-0.8457031,1.974609
02,31,048,SpineShoulder,0.6639416,0.3607497,1.833822
02,31,048,HandTipLeft,0.5421478,-0.247435,1.657339
02,31,048,ThumbLeft,0.5356117,-0.2188441,1.6202
02,31,048,HandTipRight,0.9860562,-0.1947533,1.784714
02,31,048,ThumbRight,0.9494749,-0.1275285,1.768722
02,31,079,SpineBase,0.768767,-0.1951863,1.810201
02,31,079,SpineMid,0.7199728,0.1349338,1.822522
02,31,079,Neck,0.67419,0.4532158,1.824653
02,31,079,Head,0.7455969,0.5561305,1.814137
02,31,079,ShoulderLeft,0.5700994,0.2956224,1.734275
02,31,079,ElbowLeft,0.5212235,0.04802173,1.706023
02,31,079,WristLeft,0.5537723,-0.1367463,1.660525
02,31,079,HandLeft,0.563851,-0.1559298,1.661875
02,31,079,ShoulderRight,0.7435516,0.2785347,1.931364
02,31,079,ElbowRight,0.8638306,0.0506152,1.932861
02,31,079,WristRight,0.9354807,-0.1143714,1.858254
02,31,079,HandRight,0.9588237,-0.1428649,1.804821
02,31,079,HipLeft,0.7017748,-0.179144,1.737468
02,31,079,KneeLeft,0.7706279,-0.4125137,1.62738
02,31,079,AnkleLeft,0.8512915,-0.7747231,1.612906
02,31,079,FootLeft,0.9123276,-0.8072466,1.52046
02,31,079,HipRight,0.8066121,-0.2043586,1.816674
02,31,079,KneeRight,0.7539814,-0.5417983,1.859986
02,31,079,AnkleRight,0.6352022,-0.7554365,1.976402
02,31,079,FootRight,0.668457,-0.8378906,1.927734
02,31,080,SpineShoulder,0.6857282,0.3751767,1.826182
02,31,080,HandTipLeft,0.560828,-0.2048166,1.647553
02,31,080,ThumbLeft,0.578351,-0.1299339,1.6367
02,31,080,HandTipRight,0.9732694,-0.1974619,1.755333
02,31,080,ThumbRight,0.9528809,-0.1249175,1.747244
02,31,114,SpineBase,0.7779771,-0.1896714,1.810172
02,31,114,SpineMid,0.735558,0.1438089,1.820993
02,31,114,Neck,0.6904571,0.4642286,1.819627
02,31,114,Head,0.7507777,0.5707539,1.805059
02,31,114,ShoulderLeft,0.5816885,0.3109637,1.732131
02,31,114,ElbowLeft,0.5301488,0.0601077,1.702427
02,31,114,WristLeft,0.5688681,-0.1221884,1.650983
02,31,114,HandLeft,0.5815047,-0.1452493,1.644245
02,31,114,ShoulderRight,0.7597624,0.2895169,1.926389
02,31,114,ElbowRight,0.8799506,0.0615353,1.927941
02,31,114,WristRight,0.9450613,-0.1471718,1.7828
02,31,114,HandRight,0.9530876,-0.1444727,1.778776
02,31,114,HipLeft,0.7119772,-0.1735377,1.738032
02,31,114,KneeLeft,0.767326,-0.4143702,1.639088
02,31,114,AnkleLeft,0.7659443,-0.6858683,1.625394
02,31,114,FootLeft,0.8267642,-0.7198437,1.530488
02,31,114,HipRight,0.8154681,-0.1987772,1.816323
02,31,114,KneeRight,0.7660466,-0.5372644,1.857244
02,31,114,AnkleRight,0.684954,-0.9106268,1.954177
02,31,114,FootRight,0.7709961,-0.8793945,1.879883
02,31,114,SpineShoulder,0.7023864,0.3858696,1.822069
02,31,114,HandTipLeft,0.5824797,-0.1953203,1.619409
02,31,114,ThumbLeft,0.5757679,-0.1693228,1.599
02,31,114,HandTipRight,0.9566555,-0.2032558,1.7277
02,31,114,ThumbRight,0.9656105,-0.1376143,1.71708
02,31,146,SpineBase,0.7863286,-0.1806979,1.803519
02,31,146,SpineMid,0.7455683,0.1531482,1.816182
02,31,146,Neck,0.7018914,0.4745032,1.81625
02,31,146,Head,0.7573167,0.582425,1.800075
02,31,146,ShoulderLeft,0.589683,0.3236547,1.732923
02,31,146,ElbowLeft,0.5435358,0.07663223,1.701102
02,31,146,WristLeft,0.6187064,-0.1568595,1.610644
02,31,146,HandLeft,0.6294183,-0.2109741,1.592746
02,31,146,ShoulderRight,0.7711604,0.2997634,1.923055
02,31,146,ElbowRight,0.8912457,0.07169825,1.924666
02,31,146,WristRight,0.9395409,-0.119789,1.783251
02,31,146,HandRight,0.9378422,-0.163122,1.742926
02,31,146,HipLeft,0.7203552,-0.1650302,1.733034
02,31,146,KneeLeft,0.7713791,-0.4210195,1.655065
02,31,146,AnkleLeft,0.7659986,-0.6952018,1.624795
02,31,147,FootLeft,0.8018787,-0.7929731,1.629819
02,31,147,HipRight,0.8235362,-0.1896293,1.808055
02,31,147,KneeRight,0.7737405,-0.531637,1.83379
02,31,147,AnkleRight,0.8523844,-0.7807943,1.896601
02,31,147,FootRight,0.7937589,-0.8495376,1.858559
02,31,147,SpineShoulder,0.7134322,0.3958582,1.818341
02,31,147,HandTipLeft,0.6467816,-0.2703908,1.566134
02,31,147,ThumbLeft,0.598839,-0.2283718,1.567849
02,31,147,HandTipRight,0.9383455,-0.2085176,1.697253
02,31,147,ThumbRight,0.9562397,-0.1429881,1.697786
02,31,181,SpineBase,0.7957144,-0.1715012,1.798082
02,31,181,SpineMid,0.7542962,0.1613007,1.81252
02,31,181,Neck,0.7095054,0.4815812,1.814065
02,31,181,Head,0.7617747,0.590104,1.796646
02,31,182,ShoulderLeft,0.5947301,0.3333142,1.735971
02,31,182,ElbowLeft,0.5518921,0.09056628,1.702876
02,31,182,WristLeft,0.608022,-0.08712322,1.619907
02,31,182,HandLeft,0.6337475,-0.1727136,1.584897
02,31,182,ShoulderRight,0.778751,0.3068227,1.920899
02,31,182,ElbowRight,0.8987773,0.07870212,1.922549
02,31,182,WristRight,0.9294574,-0.1121152,1.742642
02,31,182,HandRight,0.9210365,-0.1710149,1.723794
02,31,182,HipLeft,0.7285407,-0.1585509,1.730153
02,31,182,KneeLeft,0.7382412,-0.4662839,1.649774
02,31,182,AnkleLeft,0.8113075,-0.7551324,1.634546
02,31,182,FootLeft,0.8691964,-0.7881387,1.537461
02,31,182,HipRight,0.8338683,-0.1775642,1.799708
02,31,182,KneeRight,0.7794947,-0.5191312,1.827129
02,31,182,AnkleRight,0.8567603,-0.765937,1.898769
02,31,182,FootRight,0.8228309,-0.8450193,1.844532
02,31,182,SpineShoulder,0.721347,0.4032139,1.815804
02,31,182,HandTipLeft,0.6495144,-0.229839,1.544324
02,31,182,ThumbLeft,0.5927333,-0.1162157,1.5605
02,31,182,HandTipRight,0.9240972,-0.2199812,1.685955
02,31,182,ThumbRight,0.9437063,-0.1934292,1.722714
02,31,213,SpineBase,0.7985144,-0.1643438,1.792053
02,31,213,SpineMid,0.7588138,0.1657532,1.809446
02,31,213,Neck,0.7161943,0.4845054,1.813042
02,31,214,Head,0.7669179,0.5948961,1.795643
02,31,214,ShoulderLeft,0.598345,0.3434713,1.743725
02,31,214,ElbowLeft,0.558924,0.1036082,1.710347
02,31,214,WristLeft,0.6102868,-0.08524869,1.618931
02,31,214,HandLeft,0.6451113,-0.1630013,1.574919
02,31,214,ShoulderRight,0.7854162,0.309743,1.919891
02,31,214,ElbowRight,0.905389,0.08160305,1.921566
02,31,214,WristRight,0.9320992,-0.111638,1.74363
02,31,214,HandRight,0.9207202,-0.159329,1.711207
02,31,214,HipLeft,0.7307226,-0.1534778,1.727051
02,31,214,KneeLeft,0.7179784,-0.4724436,1.65118
02,31,214,AnkleLeft,0.830135,-0.7916554,1.643183
02,31,214,FootLeft,0.885994,-0.8241904,1.544377
02,31,214,HipRight,0.8369975,-0.1687727,1.790521
02,31,214,KneeRight,0.7783944,-0.5103302,1.81688
02,31,214,AnkleRight,0.9312325,-0.4303826,1.592638
02,31,214,FootRight,0.8890669,-0.5453163,1.575674
02,31,214,SpineShoulder,0.7273781,0.4064659,1.814277
02,31,214,HandTipLeft,0.6623722,-0.2203785,1.535107
02,31,214,ThumbLeft,0.6608941,-0.1873979,1.520472
02,31,214,HandTipRight,0.9176463,-0.2142779,1.660552
02,31,214,ThumbRight,0.9284596,-0.2045597,1.707667
02,31,246,SpineBase,0.80832,-0.1526269,1.786955
02,31,247,SpineMid,0.7690985,0.170782,1.807732
02,31,247,Neck,0.7284729,0.4841143,1.814584
02,31,247,Head,0.7687051,0.5987994,1.794731
02,31,247,ShoulderLeft,0.602637,0.3526465,1.757834
02,31,247,ElbowLeft,0.5672057,0.1161178,1.723728
02,31,247,WristLeft,0.6183177,-0.08711567,1.614707
02,31,247,HandLeft,0.6552681,-0.1610174,1.566792
02,31,247,ShoulderRight,0.932119,0.3579297,1.894274
02,31,247,ElbowRight,1.152753,0.2438563,1.918609
02,31,247,WristRight,1.037989,0.03263718,1.808207
02,31,247,HandRight,0.9143341,-0.1714962,1.699695
02,31,247,HipLeft,0.7348209,-0.1491498,1.729643
02,31,247,KneeLeft,0.7331766,-0.4831763,1.658867
02,31,247,AnkleLeft,0.8611963,-0.8059531,1.653571
02,31,247,FootLeft,0.838555,-0.8825012,1.60422
02,31,247,HipRight,0.8571761,-0.1435887,1.769289
02,31,247,KneeRight,0.7480466,-0.4749664,1.661747
02,31,247,AnkleRight,0.9095671,-0.4025527,1.440974
02,31,247,FootRight,0.9300627,-0.4407868,1.320595
02,31,247,SpineShoulder,0.7389728,0.407459,1.814946
02,31,247,HandTipLeft,0.6765589,-0.2188422,1.528946
02,31,247,ThumbLeft,0.6805574,-0.1330039,1.571563
02,31,247,HandTipRight,0.8983089,-0.2348093,1.66843
02,31,247,ThumbRight,0.9727424,-0.1496879,1.7192
02,31,279,SpineBase,0.8152216,-0.1486208,1.785905
02,31,279,SpineMid,0.7772101,0.1719318,1.807636
02,31,279,Neck,0.7373433,0.4813444,1.816092
02,31,279,Head,0.7680102,0.6006809,1.794609
02,31,279,ShoulderLeft,0.6039907,0.3547013,1.774252
02,31,279,ElbowLeft,0.5781654,0.1139306,1.742366
02,31,279,WristLeft,0.621078,-0.08578915,1.61476
02,31,280,HandLeft,0.6616486,-0.1583906,1.563478
02,31,280,ShoulderRight,0.9348358,0.3568059,1.881003
02,31,280,ElbowRight,1.154081,0.2312741,1.882521
02,31,280,WristRight,1.034627,0.02054407,1.776294
02,31,280,HandRight,0.9740355,-0.04935264,1.766944
02,31,280,HipLeft,0.7401727,-0.1467057,1.734178
02,31,280,KneeLeft,0.7550557,-0.4952302,1.668973
02,31,280,AnkleLeft,0.8591865,-0.7465224,1.652694
02,31,280,FootLeft,0.8322034,-0.8581166,1.609537
02,31,280,HipRight,0.8628805,-0.1411095,1.766596
02,31,280,KneeRight,0.7499806,-0.472287,1.66278
02,31,280,AnkleRight,1.010481,-0.5435412,1.623949
02,31,280,FootRight,1.023901,-0.5801906,1.500945
02,31,280,SpineShoulder,0.7477712,0.4057137,1.816038
02,31,280,HandTipLeft,0.6848797,-0.2156718,1.529103
02,31,280,ThumbLeft,0.6929615,-0.1381793,1.5554
02,31,280,HandTipRight,0.9574874,-0.09070113,1.721939
02,31,280,ThumbRight,0.9855425,-0.06079517,1.7611
02,31,314,SpineBase,0.8192405,-0.1472711,1.785715
02,31,314,SpineMid,0.7844663,0.1710481,1.807922
02,31,314,Neck,0.7481239,0.4763991,1.817506
02,31,314,Head,0.7674722,0.6011325,1.794676
02,31,314,ShoulderLeft,0.6082269,0.3515565,1.792578
02,31,314,ElbowLeft,0.5865332,0.1248953,1.765003
02,31,314,WristLeft,0.6252933,-0.07241019,1.629491
02,31,314,HandLeft,0.6705641,-0.1460261,1.577223
02,31,314,ShoulderRight,0.9458243,0.3538286,1.867254
02,31,314,ElbowRight,1.150634,0.219131,1.855001
02,31,314,WristRight,1.019668,0.005402003,1.77188
02,31,314,HandRight,0.9668001,-0.0481298,1.75355
02,31,314,HipLeft,0.7436301,-0.1462557,1.738445
02,31,314,KneeLeft,0.7539534,-0.4888682,1.671113
02,31,314,AnkleLeft,0.7964855,-0.757576,1.632214
02,31,314,FootLeft,0.8043149,-0.7902772,1.506177
02,31,314,HipRight,0.8679178,-0.1397655,1.763782
02,31,314,KneeRight,0.7570866,-0.4263619,1.6724
02,31,314,AnkleRight,0.9668994,-0.591972,1.61253
02,31,314,FootRight,0.9659107,-0.4935857,1.630494
02,31,314,SpineShoulder,0.757757,0.401884,1.817146
02,31,314,HandTipLeft,0.6831604,-0.1990227,1.517023
02,31,314,ThumbLeft,0.7213762,-0.1207281,1.621806
02,31,314,HandTipRight,0.9513748,-0.1043899,1.715659
02,31,314,ThumbRight,0.9977365,-0.06227302,1.753
02,31,345,SpineBase,0.8204148,-0.1472496,1.787063
02,31,345,SpineMid,0.7905081,0.1687194,1.809601
02,31,345,Neck,0.7612517,0.4700621,1.818793
02,31,345,Head,0.7662936,0.6012282,1.795238
02,31,345,ShoulderLeft,0.6137406,0.3479405,1.812697
02,31,345,ElbowLeft,0.6038157,0.1165767,1.79157
02,31,345,WristLeft,0.6286572,-0.07214336,1.635526
02,31,345,HandLeft,0.6667287,-0.1509703,1.577031
02,31,345,ShoulderRight,0.9549055,0.3464864,1.846659
02,31,345,ElbowRight,1.130381,0.1997528,1.805036
02,31,345,WristRight,0.9965512,-0.02277027,1.763429
02,31,345,HandRight,0.9552459,-0.06620514,1.738085
02,31,345,HipLeft,0.7445523,-0.1474112,1.748687
02,31,345,KneeLeft,0.7596844,-0.4734747,1.675096
02,31,345,AnkleLeft,0.7940562,-0.7433346,1.63331
02,31,345,FootLeft,0.7901645,-0.7762424,1.505228
02,31,345,HipRight,0.8690811,-0.1398293,1.763081
02,31,345,KneeRight,0.7581443,-0.4267761,1.672687
02,31,345,AnkleRight,0.9710324,-0.5857827,1.604421
02,31,345,FootRight,0.9661388,-0.4926599,1.627319
02,31,345,SpineShoulder,0.769042,0.3965798,1.818638
02,31,345,HandTipLeft,0.6816605,-0.1956931,1.520493
02,31,345,ThumbLeft,0.7214188,-0.1359653,1.618
02,31,345,HandTipRight,0.9125435,-0.1292855,1.702455
02,31,345,ThumbRight,0.9865512,-0.09755377,1.737647
02,31,381,SpineBase,0.8246998,-0.1482922,1.79058
02,31,381,SpineMid,0.7995813,0.1647982,1.811945
02,31,381,Neck,0.7727814,0.4642521,1.819317
02,31,381,Head,0.764186,0.5996815,1.796314
02,31,381,ShoulderLeft,0.6212251,0.341132,1.832124
02,31,381,ElbowLeft,0.610357,0.1257329,1.807753
02,31,381,WristLeft,0.6267183,-0.04893918,1.695651
02,31,381,HandLeft,0.6759386,-0.1108985,1.651187
02,31,381,ShoulderRight,0.9551871,0.340804,1.827805
02,31,381,ElbowRight,0.9899753,0.08282606,1.792742
02,31,381,WristRight,0.9811028,-0.1081263,1.747805
02,31,381,HandRight,0.9574909,-0.1342378,1.731189
02,31,381,HipLeft,0.7479927,-0.1505675,1.760949
02,31,381,KneeLeft,0.7609667,-0.4647593,1.683213
02,31,381,AnkleLeft,0.7987741,-0.7326449,1.629625
02,31,381,FootLeft,0.7832696,-0.765733,1.501012
02,31,381,HipRight,0.8742191,-0.1404414,1.76122
02,31,381,KneeRight,0.7623411,-0.4227343,1.673233
02,31,381,AnkleRight,0.9889996,-0.6906117,1.750609
02,31,381,FootRight,0.9873047,-0.7783203,1.740234
02,31,381,SpineShoulder,0.7801923,0.3910857,1.819643
02,31,381,HandTipLeft,0.6600553,-0.1663492,1.557906
02,31,381,ThumbLeft,0.7200657,-0.1188363,1.672525
02,31,381,HandTipRight,0.9425282,-0.2231469,1.675239
02,31,381,ThumbRight,0.9723244,-0.1480143,1.746222
02,31,412,SpineBase,0.8337239,-0.1484012,1.799836
02,31,412,SpineMid,0.8060768,0.1624271,1.81526
02,31,412,Neck,0.7768831,0.4611551,1.819484
02,31,413,Head,0.7609406,0.5969152,1.798304
02,31,413,ShoulderLeft,0.6276924,0.337579,1.850861
02,31,413,ElbowLeft,0.6227437,0.1232085,1.825761
02,31,413,WristLeft,0.6350022,-0.0738435,1.70241
02,31,413,HandLeft,0.6762599,-0.1409977,1.65403
02,31,413,ShoulderRight,0.9537335,0.3387157,1.817806
02,31,413,ElbowRight,0.9908671,0.080741,1.788479
02,31,413,WristRight,0.981463,-0.1076802,1.746316
02,31,413,HandRight,0.9636158,-0.1617481,1.724882
02,31,413,HipLeft,0.7557439,-0.1525912,1.777714
02,31,413,KneeLeft,0.795416,-0.42549,1.678934
02,31,413,AnkleLeft,0.8070492,-0.7271119,1.631793
02,31,413,FootLeft,0.7823809,-0.760579,1.503827
02,31,413,HipRight,0.881873,-0.1394072,1.762328
02,31,413,KneeRight,0.8493138,-0.4083913,1.673604
02,31,413,AnkleRight,0.9921953,-0.6978757,1.753362
02,31,413,FootRight,0.9656416,-0.7328745,1.62575
02,31,413,SpineShoulder,0.7847653,0.3881427,1.820445
02,31,413,HandTipLeft,0.6471387,-0.1964132,1.564444
02,31,413,ThumbLeft,0.7246394,-0.1554031,1.66972
02,31,413,HandTipRight,0.9803456,-0.2296116,1.643233
02,31,413,ThumbRight,1.011667,-0.1553086,1.681778
02,31,446,SpineBase,0.8455439,-0.1455602,1.811814
02,31,446,SpineMid,0.8124876,0.1621426,1.819804
02,31,446,Neck,0.7788718,0.459997,1.819767
02,31,446,Head,0.7562414,0.5944394,1.801275
02,31,446,ShoulderLeft,0.6321808,0.3375118,1.865506
02,31,446,ElbowLeft,0.6509765,0.1134983,1.856789
02,31,446,WristLeft,0.647367,-0.1109439,1.718152
02,31,446,HandLeft,0.6453794,-0.1800923,1.649464
02,31,446,ShoulderRight,0.95094,0.3379912,1.809469
02,31,446,ElbowRight,0.9913939,0.0805812,1.780521
02,31,446,WristRight,0.9863254,-0.1029342,1.717046
02,31,446,HandRight,0.9819621,-0.1714577,1.688594
02,31,446,HipLeft,0.7670047,-0.1484448,1.797029
02,31,446,KneeLeft,0.7927181,-0.4023069,1.695173
02,31,446,AnkleLeft,0.8213753,-0.7351693,1.638668
02,31,447,FootLeft,0.7892525,-0.7690912,1.512069
02,31,447,HipRight,0.8929761,-0.1375197,1.765697
02,31,447,KneeRight,0.8585805,-0.4024394,1.674456
02,31,447,AnkleRight,0.9941292,-0.6994399,1.754785
02,31,447,FootRight,0.9602566,-0.7349285,1.628455
02,31,447,SpineShoulder,0.7875722,0.3870515,1.821428
02,31,447,HandTipLeft,0.6367948,-0.2320031,1.600029
02,31,447,ThumbLeft,0.6206886,-0.235369,1.630286
02,31,447,HandTipRight,0.9689057,-0.2375499,1.623797
02,31,447,ThumbRight,0.9883995,-0.1343993,1.65155
02,31,479,SpineBase,0.8485228,-0.1439007,1.821096
02,31,479,SpineMid,0.8142628,0.1625559,1.823883
02,31,480,Neck,0.7789605,0.4598473,1.819904
02,31,480,Head,0.7493913,0.5933856,1.804666
02,31,480,ShoulderLeft,0.6327298,0.3377232,1.880625
02,31,480,ElbowLeft,0.6525359,0.1000478,1.859882
02,31,480,WristLeft,0.6450821,-0.1262241,1.724635
02,31,480,HandLeft,0.6346968,-0.2029575,1.675099
02,31,480,ShoulderRight,0.9431872,0.3366595,1.796804
02,31,480,ElbowRight,0.9896417,0.08021563,1.772403
02,31,480,WristRight,0.9337355,-0.1703747,1.723902
02,31,480,HandRight,0.955624,-0.2051068,1.68636
02,31,480,HipLeft,0.7699615,-0.1469841,1.809863
02,31,480,KneeLeft,0.7912241,-0.399235,1.698341
02,31,480,AnkleLeft,0.8369333,-0.7405946,1.672461
02,31,480,FootLeft,0.7959823,-0.7751744,1.548062
02,31,480,HipRight,0.8956183,-0.1361003,1.769629
02,31,480,KneeRight,0.8618073,-0.3965055,1.68077
02,31,480,AnkleRight,0.9987768,-0.7016348,1.759359
02,31,480,FootRight,0.9560567,-0.7376381,1.635305
02,31,480,SpineShoulder,0.7879462,0.3868846,1.822108
02,31,480,HandTipLeft,0.6283739,-0.2508882,1.64143
02,31,480,ThumbLeft,0.6004999,-0.2054264,1.6766
02,31,480,HandTipRight,0.9668267,-0.2688735,1.622148
02,31,480,ThumbRight,0.9785606,-0.162955,1.63125
02,31,515,SpineBase,0.8465506,-0.1431562,1.836166
02,31,515,SpineMid,0.8133292,0.163678,1.830804
02,31,515,Neck,0.7783324,0.4601952,1.820422
02,31,516,Head,0.7379154,0.5945687,1.810924
02,31,516,ShoulderLeft,0.6315109,0.3380672,1.896394
02,31,516,ElbowLeft,0.6489215,0.09111214,1.880041
02,31,516,WristLeft,0.6421612,-0.1458654,1.766288
02,31,516,HandLeft,0.6368783,-0.2009529,1.735325
02,31,516,ShoulderRight,0.9324019,0.3390838,1.786867
02,31,516,ElbowRight,0.9879001,0.08456401,1.76654
02,31,516,WristRight,0.9341881,-0.1673856,1.724271
02,31,516,HandRight,0.9594665,-0.2013951,1.688966
02,31,516,HipLeft,0.7685916,-0.1472774,1.83129
02,31,516,KneeLeft,0.791955,-0.3966935,1.699616
02,31,516,AnkleLeft,0.8351935,-0.7340269,1.682133
02,31,516,FootLeft,0.7861466,-0.7695729,1.560707
02,31,516,HipRight,0.8942091,-0.1347125,1.777379
02,31,516,KneeRight,0.8640188,-0.3944848,1.694685
02,31,516,AnkleRight,1.00731,-0.7124614,1.771036
02,31,516,FootRight,0.9699696,-0.8228875,1.718598
02,31,516,SpineShoulder,0.787266,0.3874417,1.823712
02,31,516,HandTipLeft,0.6159487,-0.2627936,1.693377
02,31,516,ThumbLeft,0.6005512,-0.2160398,1.695042
02,31,516,HandTipRight,0.9681539,-0.2643175,1.624788
02,31,516,ThumbRight,0.9811429,-0.1582226,1.636011
02,31,546,SpineBase,0.8385871,-0.1423257,1.851757
02,31,546,SpineMid,0.8075444,0.16524,1.839882
02,31,546,Neck,0.7739534,0.4616061,1.82211
02,31,546,Head,0.7237394,0.5942093,1.818958
02,31,546,ShoulderLeft,0.6284523,0.3388734,1.911259
02,31,546,ElbowLeft,0.6510545,0.08696769,1.897592
02,31,546,WristLeft,0.6414973,-0.1358487,1.822682
02,31,546,HandLeft,0.6455753,-0.2062525,1.786799
02,31,546,ShoulderRight,0.9190695,0.3429784,1.77829
02,31,546,ElbowRight,0.9820255,0.09032273,1.761357
02,31,546,WristRight,0.9778234,-0.1588233,1.682294
02,31,546,HandRight,0.9877523,-0.2295572,1.633701
02,31,546,HipLeft,0.7612729,-0.1467018,1.85106
02,31,546,KneeLeft,0.7869349,-0.4206016,1.71185
02,31,546,AnkleLeft,0.812118,-0.6916482,1.730326
02,31,546,FootLeft,0.7562742,-0.7288233,1.611815
02,31,546,HipRight,0.8866681,-0.1333925,1.787824
02,31,546,KneeRight,0.8620011,-0.3979771,1.705885
02,31,546,AnkleRight,1.007691,-0.7120008,1.772371
02,31,546,FootRight,0.9697744,-0.8227138,1.721936
02,31,546,SpineShoulder,0.7828153,0.3889487,1.827233
02,31,546,HandTipLeft,0.6208648,-0.2744567,1.748031
02,31,546,ThumbLeft,0.6040322,-0.2292762,1.745926
02,31,546,HandTipRight,0.9934211,-0.296599,1.624996
02,31,546,ThumbRight,1.011291,-0.2001704,1.636
02,31,581,SpineBase,0.8331006,-0.1441642,1.864318
02,31,582,SpineMid,0.8006374,0.1653038,1.849248
02,31,582,Neck,0.7650319,0.4633185,1.825959
02,31,582,Head,0.7090696,0.5925699,1.830997
02,31,582,ShoulderLeft,0.6256655,0.3378745,1.9292
02,31,582,ElbowLeft,0.6546254,0.07815089,1.927142
02,31,582,WristLeft,0.6422892,-0.1353748,1.875485
02,31,582,HandLeft,0.643778,-0.2080129,1.841168
02,31,582,ShoulderRight,0.9088736,0.3435656,1.773409
02,31,582,ElbowRight,0.9794413,0.09316808,1.760626
02,31,582,WristRight,0.9775633,-0.1563627,1.682953
02,31,582,HandRight,0.9891868,-0.2346651,1.637876
02,31,582,HipLeft,0.7578603,-0.1476583,1.869495
02,31,582,KneeLeft,0.7749599,-0.4041792,1.732384
02,31,582,AnkleLeft,0.829648,-0.7652382,1.785826
02,31,582,FootLeft,0.7676344,-0.8023461,1.671251
02,31,582,HipRight,0.8796992,-0.1356452,1.795562
02,31,582,KneeRight,0.8919434,-0.4377222,1.73889
02,31,582,AnkleRight,1.0085,-0.7100161,1.774423
02,31,582,FootRight,0.9438875,-0.7483067,1.660698
02,31,582,SpineShoulder,0.774568,0.3903229,1.832968
02,31,582,HandTipLeft,0.6213384,-0.2752227,1.804763
02,31,582,ThumbLeft,0.609317,-0.1775774,1.8656
02,31,582,HandTipRight,0.9929564,-0.2965884,1.636381
02,31,582,ThumbRight,1.018496,-0.2352638,1.625286
02,31,613,SpineBase,0.8258593,-0.1472445,1.879148
02,31,613,SpineMid,0.7911932,0.1644445,1.859381
02,31,613,Neck,0.7520576,0.4645939,1.830626
02,31,613,Head,0.6922956,0.5900512,1.8434
02,31,613,ShoulderLeft,0.6233872,0.3374578,1.945595
02,31,613,ElbowLeft,0.6511642,0.07734337,1.937029
02,31,614,WristLeft,0.633367,-0.1334489,1.907259
02,31,614,HandLeft,0.6378641,-0.2148314,1.890054
02,31,614,ShoulderRight,0.8918891,0.3427959,1.768574
02,31,614,ElbowRight,0.9743636,0.09652987,1.759875
02,31,614,WristRight,0.982843,-0.1512363,1.677169
02,31,614,HandRight,0.9904896,-0.219388,1.646998
02,31,614,HipLeft,0.7542966,-0.1507179,1.886766
02,31,614,KneeLeft,0.7532178,-0.4516306,1.767511
02,31,614,AnkleLeft,0.8213531,-0.8076289,1.831228
02,31,614,FootLeft,0.7958984,-0.8959961,1.782227
02,31,614,HipRight,0.8689437,-0.1386815,1.806998
02,31,614,KneeRight,0.895427,-0.4352188,1.745465
02,31,614,AnkleRight,1.00912,-0.7100664,1.777495
02,31,614,FootRight,0.9380089,-0.7492865,1.668373
02,31,614,SpineShoulder,0.7627072,0.3910864,1.83939
02,31,614,HandTipLeft,0.6226768,-0.2848193,1.866423
02,31,614,ThumbLeft,0.608093,-0.1884272,1.919
02,31,614,HandTipRight,0.9903348,-0.2760064,1.628927
02,31,614,ThumbRight,1.014387,-0.2584288,1.6395
