02,46,914,SpineBase,-1.660877,-0.2207104,3.043239
02,46,915,SpineMid,-1.634389,0.1073778,3.032966
02,46,915,Neck,-1.600695,0.4288958,3.011236
02,46,915,Head,-1.557116,0.5391963,3.031271
02,46,915,ShoulderLeft,-1.652642,0.2995893,2.898748
02,46,915,ElbowLeft,-1.704819,0.1080033,2.811322
02,46,915,WristLeft,-1.62245,-0.1313028,2.746785
02,46,915,HandLeft,-1.564771,-0.2594846,2.703691
02,46,915,ShoulderRight,-1.542649,0.2450994,3.107172
02,46,915,ElbowRight,-1.563656,0.02774152,3.227366
02,46,915,WristRight,-1.551009,-0.2217888,3.27619
02,46,916,HandRight,-1.552504,-0.3135995,3.280362
02,46,916,HipLeft,-1.673408,-0.2081454,2.963943
02,46,916,KneeLeft,-1.664172,-0.4953063,2.855554
02,46,916,AnkleLeft,-1.757798,-0.8367559,2.947596
02,46,916,FootLeft,-1.763586,-0.8874031,2.98658
02,46,916,HipRight,-1.612384,-0.2283292,3.058634
02,46,916,KneeRight,-1.625149,-0.5496364,3.089821
02,46,916,AnkleRight,-1.761777,-0.8028223,3.095809
02,46,916,FootRight,-1.658652,-0.8462251,3.021503
02,46,916,SpineShoulder,-1.610259,0.3494108,3.018645
02,46,916,HandTipLeft,-1.545835,-0.3088107,2.705022
02,46,916,ThumbLeft,-1.537909,-0.2566565,2.664278
02,46,916,HandTipRight,-1.558779,-0.3757739,3.289989
02,46,916,ThumbRight,-1.549182,-0.3226037,3.247385
02,46,946,SpineBase,-1.649762,-0.2226434,3.04042
02,46,946,SpineMid,-1.622182,0.104129,3.029161
02,46,946,Neck,-1.588844,0.4244402,3.006721
02,46,946,Head,-1.542219,0.5370616,3.026377
02,46,946,ShoulderLeft,-1.640373,0.2967598,2.892844
02,46,946,ElbowLeft,-1.694167,0.09794454,2.811353
02,46,946,WristLeft,-1.613192,-0.141451,2.745445
02,46,946,HandLeft,-1.561618,-0.2697147,2.708302
02,46,946,ShoulderRight,-1.530253,0.2403549,3.102312
02,46,946,ElbowRight,-1.551378,0.02240256,3.221505
02,46,946,WristRight,-1.5358,-0.2326628,3.237745
02,46,946,HandRight,-1.528267,-0.3235721,3.239476
02,46,946,HipLeft,-1.663882,-0.2124738,2.961872
02,46,946,KneeLeft,-1.64462,-0.4918206,2.851246
02,46,946,AnkleLeft,-1.71556,-0.8262114,2.914183
02,46,946,FootLeft,-1.612081,-0.8690996,2.840352
02,46,946,HipRight,-1.600659,-0.2277936,3.055356
02,46,946,KneeRight,-1.60596,-0.5510886,3.078066
02,46,946,AnkleRight,-1.76198,-0.8304883,3.093142
02,46,946,FootRight,-1.65888,-0.8737329,3.018992
02,46,946,SpineShoulder,-1.598252,0.3452664,3.014344
02,46,946,HandTipLeft,-1.547195,-0.3227863,2.719727
02,46,946,ThumbLeft,-1.5326,-0.27361,2.665778
02,46,946,HandTipRight,-1.527647,-0.3871034,3.241977
02,46,946,ThumbRight,-1.516925,-0.338994,3.2
02,46,977,SpineBase,-1.637446,-0.2220878,3.033818
02,46,977,SpineMid,-1.605731,0.102152,3.021199
02,46,977,Neck,-1.567623,0.4192009,2.99716
02,46,978,Head,-1.524224,0.537477,3.017915
02,46,978,ShoulderLeft,-1.626917,0.2951924,2.884356
02,46,978,ElbowLeft,-1.67716,0.08241408,2.806058
02,46,978,WristLeft,-1.604829,-0.1600003,2.742355
02,46,978,HandLeft,-1.565024,-0.2736898,2.721786
02,46,978,ShoulderRight,-1.502284,0.2354063,3.07162
02,46,978,ElbowRight,-1.523912,0.01712791,3.19019
02,46,978,WristRight,-1.514065,-0.2385328,3.202055
02,46,978,HandRight,-1.504863,-0.3250985,3.194068
02,46,978,HipLeft,-1.655514,-0.2141774,2.95471
02,46,978,KneeLeft,-1.604335,-0.4811308,2.841942
02,46,978,AnkleLeft,-1.66649,-0.8268316,2.881084
02,46,978,FootLeft,-1.568737,-0.8700106,2.798233
02,46,978,HipRight,-1.583908,-0.2246056,3.0496
02,46,978,KneeRight,-1.587647,-0.5352454,3.058068
02,46,978,AnkleRight,-1.754936,-0.8247104,3.10024
02,46,978,FootRight,-1.657393,-0.8684361,3.017117
02,46,978,SpineShoulder,-1.578265,0.3409203,3.005232
02,46,978,HandTipLeft,-1.551648,-0.3310799,2.725389
02,46,978,ThumbLeft,-1.55635,-0.2700158,2.6645
02,46,978,HandTipRight,-1.504623,-0.3892801,3.200521
02,46,978,ThumbRight,-1.48864,-0.3253933,3.152555
02,47,012,SpineBase,-1.606522,-0.215297,3.026298
02,47,012,SpineMid,-1.57125,0.1037349,3.005952
02,47,012,Neck,-1.529395,0.4153554,2.972707
02,47,012,Head,-1.498557,0.5357673,2.998334
02,47,012,ShoulderLeft,-1.605733,0.2941535,2.868239
02,47,012,ElbowLeft,-1.643327,0.04278388,2.809596
02,47,012,WristLeft,-1.589036,-0.200925,2.734319
02,47,012,HandLeft,-1.560879,-0.2813606,2.728256
02,47,013,ShoulderRight,-1.488459,0.2404354,3.061847
02,47,013,ElbowRight,-1.510175,0.02210774,3.180377
02,47,013,WristRight,-1.492296,-0.2321517,3.136512
02,47,013,HandRight,-1.47633,-0.329371,3.136821
02,47,013,HipLeft,-1.627022,-0.2096117,2.942466
02,47,013,KneeLeft,-1.575906,-0.4739893,2.830626
02,47,013,AnkleLeft,-1.616458,-0.8289527,2.84015
02,47,013,FootLeft,-1.517491,-0.8730714,2.760609
02,47,013,HipRight,-1.552281,-0.2163296,3.046739
02,47,013,KneeRight,-1.565757,-0.5312851,3.028291
02,47,013,AnkleRight,-1.734558,-0.8198603,3.084681
02,47,013,FootRight,-1.635661,-0.8646883,3.004903
02,47,013,SpineShoulder,-1.540944,0.338463,2.983247
02,47,013,HandTipLeft,-1.546502,-0.3436153,2.727241
02,47,013,ThumbLeft,-1.556028,-0.2684762,2.664696
02,47,013,HandTipRight,-1.474265,-0.3981263,3.136248
02,47,013,ThumbRight,-1.469238,-0.3221087,3.093455
02,47,043,SpineBase,-1.589686,-0.213819,3.029585
02,47,043,SpineMid,-1.559261,0.102777,3.003776
02,47,043,Neck,-1.520737,0.412864,2.96674
02,47,043,Head,-1.480665,0.5314282,2.983791
02,47,043,ShoulderLeft,-1.592309,0.292538,2.859327
02,47,043,ElbowLeft,-1.643698,0.04382608,2.802146
02,47,043,WristLeft,-1.587225,-0.2015972,2.7354
02,47,043,HandLeft,-1.560161,-0.2915914,2.728067
02,47,043,ShoulderRight,-1.456997,0.2659703,3.081463
02,47,043,ElbowRight,-1.478921,0.04748588,3.199887
02,47,043,WristRight,-1.476268,-0.1989376,3.117094
02,47,043,HandRight,-1.463232,-0.2786234,3.092661
02,47,043,HipLeft,-1.606112,-0.2062373,2.946683
02,47,043,KneeLeft,-1.545091,-0.4688284,2.81146
02,47,043,AnkleLeft,-1.561984,-0.838928,2.812705
02,47,043,FootLeft,-1.462998,-0.8827121,2.73352
02,47,043,HipRight,-1.539305,-0.2164553,3.049008
02,47,043,KneeRight,-1.551881,-0.5234841,3.016804
02,47,043,AnkleRight,-1.715702,-0.8101394,3.070718
02,47,043,FootRight,-1.616521,-0.854903,2.991366
02,47,043,SpineShoulder,-1.531562,0.3363103,2.978166
02,47,043,HandTipLeft,-1.54941,-0.3535315,2.727636
02,47,043,ThumbLeft,-1.561147,-0.2794881,2.669757
02,47,043,HandTipRight,-1.44112,-0.3404565,3.069702
02,47,043,ThumbRight,-1.434196,-0.2981294,3.064
02,47,077,SpineBase,-1.575761,-0.2094436,3.015337
02,47,077,SpineMid,-1.535174,0.1030033,2.98573
02,47,077,Neck,-1.486884,0.4074205,2.944831
02,47,077,Head,-1.453273,0.5303026,2.963035
02,47,077,ShoulderLeft,-1.564241,0.2849777,2.844535
02,47,077,ElbowLeft,-1.630719,0.03866354,2.798972
02,47,077,WristLeft,-1.577465,-0.2070071,2.730594
02,47,078,HandLeft,-1.562503,-0.2689533,2.71635
02,47,078,ShoulderRight,-1.44029,0.2597342,3.069556
02,47,078,ElbowRight,-1.46212,0.01116466,3.119339
02,47,078,WristRight,-1.445221,-0.2411743,3.062905
02,47,078,HandRight,-1.430989,-0.3214713,3.039292
02,47,078,HipLeft,-1.594775,-0.2044946,2.931594
02,47,078,KneeLeft,-1.516166,-0.4694127,2.788648
02,47,078,AnkleLeft,-1.504574,-0.7977008,2.762335
02,47,078,FootLeft,-1.404616,-0.8432742,2.686793
02,47,078,HipRight,-1.522899,-0.209543,3.035305
02,47,078,KneeRight,-1.521915,-0.4649228,2.982944
02,47,078,AnkleRight,-1.709881,-0.7692152,3.056372
02,47,078,FootRight,-1.609458,-0.8158883,2.98079
02,47,078,SpineShoulder,-1.500046,0.332361,2.957108
02,47,078,HandTipLeft,-1.546837,-0.3273143,2.684271
02,47,078,ThumbLeft,-1.559694,-0.2627189,2.666411
02,47,078,HandTipRight,-1.41968,-0.3865189,3.006036
02,47,078,ThumbRight,-1.403225,-0.3450449,3.027455
02,47,113,SpineBase,-1.549201,-0.2173828,2.980561
02,47,113,SpineMid,-1.50901,0.09478703,2.959303
02,47,113,Neck,-1.464186,0.4006643,2.926425
02,47,113,Head,-1.430666,0.5242452,2.941916
02,47,113,ShoulderLeft,-1.544347,0.2802587,2.827817
02,47,113,ElbowLeft,-1.618403,0.03656111,2.780735
02,47,113,WristLeft,-1.571862,-0.2129031,2.724468
02,47,113,HandLeft,-1.550661,-0.2987472,2.708441
02,47,113,ShoulderRight,-1.407898,0.2503961,3.057803
02,47,113,ElbowRight,-1.426855,-0.00405942,3.081581
02,47,113,WristRight,-1.429287,-0.2499038,3.038405
02,47,114,HandRight,-1.406583,-0.3203179,2.997558
02,47,114,HipLeft,-1.570348,-0.2051073,2.898894
02,47,114,KneeLeft,-1.480873,-0.4886683,2.757556
02,47,114,AnkleLeft,-1.451498,-0.8185657,2.729211
02,47,114,FootLeft,-1.352933,-0.8629163,2.650743
02,47,114,HipRight,-1.49432,-0.225864,2.997692
02,47,114,KneeRight,-1.482312,-0.4940626,2.846712
02,47,114,AnkleRight,-1.686259,-0.7391664,3.016297
02,47,114,FootRight,-1.586876,-0.785162,2.937826
02,47,114,SpineShoulder,-1.47638,0.3251304,2.936819
02,47,114,HandTipLeft,-1.546316,-0.3667822,2.696019
02,47,114,ThumbLeft,-1.553868,-0.300868,2.653588
02,47,114,HandTipRight,-1.396368,-0.3825836,2.966557
02,47,114,ThumbRight,-1.381646,-0.3343081,2.98875
02,47,144,SpineBase,-1.533517,-0.2218165,2.966245
02,47,144,SpineMid,-1.489179,0.08831923,2.943034
02,47,144,Neck,-1.439062,0.3917377,2.908079
02,47,144,Head,-1.404753,0.5187718,2.919668
02,47,144,ShoulderLeft,-1.526405,0.2742405,2.810844
02,47,144,ElbowLeft,-1.588066,0.02578253,2.77148
02,47,144,WristLeft,-1.556031,-0.2252487,2.713283
02,47,144,HandLeft,-1.540927,-0.3098639,2.695647
02,47,144,ShoulderRight,-1.377011,0.2512155,3.028934
02,47,144,ElbowRight,-1.392696,-0.006379228,3.027174
02,47,144,WristRight,-1.378028,-0.2590211,2.971834
02,47,144,HandRight,-1.380199,-0.3216428,2.957304
02,47,144,HipLeft,-1.556931,-0.2086485,2.886018
02,47,144,KneeLeft,-1.450245,-0.4885297,2.739613
02,47,144,AnkleLeft,-1.403373,-0.8162478,2.694161
02,47,144,FootLeft,-1.308739,-0.8611221,2.610477
02,47,144,HipRight,-1.477287,-0.2303998,2.982756
02,47,144,KneeRight,-1.466557,-0.4969251,2.825324
02,47,144,AnkleRight,-1.673109,-0.7327749,3.003842
02,47,144,FootRight,-1.577429,-0.7794434,2.920232
02,47,144,SpineShoulder,-1.452589,0.3168116,2.918909
02,47,144,HandTipLeft,-1.544933,-0.3748202,2.678514
02,47,144,ThumbLeft,-1.56724,-0.308614,2.6615
02,47,144,HandTipRight,-1.377193,-0.3845077,2.921725
02,47,144,ThumbRight,-1.355576,-0.3437633,2.944667
02,47,180,SpineBase,-1.495937,-0.2228036,2.948377
02,47,180,SpineMid,-1.451593,0.08237775,2.919587
02,47,180,Neck,-1.402046,0.3808758,2.878864
02,47,180,Head,-1.370615,0.5084402,2.890241
02,47,180,ShoulderLeft,-1.490811,0.2601578,2.783543
02,47,180,ElbowLeft,-1.571339,0.01696944,2.75612
02,47,180,WristLeft,-1.532879,-0.2315605,2.689758
02,47,180,HandLeft,-1.517532,-0.3185164,2.675839
02,47,180,ShoulderRight,-1.347973,0.2511008,3.019482
02,47,180,ElbowRight,-1.359608,-0.003116722,3.048992
02,47,180,WristRight,-1.346521,-0.2418377,2.962543
02,47,180,HandRight,-1.347697,-0.3228257,2.919068
02,47,181,HipLeft,-1.517605,-0.2179698,2.865453
02,47,181,KneeLeft,-1.417733,-0.4845972,2.708676
02,47,181,AnkleLeft,-1.366948,-0.8285459,2.670092
02,47,181,FootLeft,-1.283203,-0.9116211,2.603516
02,47,181,HipRight,-1.440192,-0.2232453,2.966344
02,47,181,KneeRight,-1.446587,-0.4759061,2.893791
02,47,181,AnkleRight,-1.662619,-0.7390238,3.019103
02,47,181,FootRight,-1.56423,-0.7862592,2.940571
02,47,181,SpineShoulder,-1.415422,0.3071906,2.891207
02,47,181,HandTipLeft,-1.53489,-0.386981,2.667619
02,47,181,ThumbLeft,-1.546787,-0.3004716,2.64965
02,47,181,HandTipRight,-1.346755,-0.3836285,2.888969
02,47,181,ThumbRight,-1.326609,-0.3437534,2.912083
02,47,211,SpineBase,-1.467946,-0.2342348,2.930818
02,47,211,SpineMid,-1.426953,0.0721609,2.902327
02,47,211,Neck,-1.380894,0.37222,2.862491
02,47,211,Head,-1.346889,0.5034878,2.87108
02,47,212,ShoulderLeft,-1.469379,0.2548431,2.763281
02,47,212,ElbowLeft,-1.547856,0.01101293,2.733335
02,47,212,WristLeft,-1.519805,-0.2396569,2.671481
02,47,212,HandLeft,-1.507455,-0.3213725,2.659606
02,47,212,ShoulderRight,-1.307196,0.2343673,2.989579
02,47,212,ElbowRight,-1.324005,-0.02347827,2.979071
02,47,212,WristRight,-1.309101,-0.2720057,2.904888
02,47,212,HandRight,-1.313017,-0.3315852,2.881874
02,47,212,HipLeft,-1.493073,-0.2291306,2.847333
02,47,212,KneeLeft,-1.376577,-0.4869007,2.684308
02,47,212,AnkleLeft,-1.353259,-0.8263787,2.660296
02,47,212,FootLeft,-1.277705,-0.9118043,2.599117
02,47,212,HipRight,-1.411395,-0.2338336,2.950591
02,47,212,KneeRight,-1.42341,-0.4868342,2.886163
02,47,212,AnkleRight,-1.647377,-0.7399991,3.016984
02,47,212,FootRight,-1.553073,-0.7866341,2.931674
02,47,212,SpineShoulder,-1.393355,0.2981043,2.874534
02,47,212,HandTipLeft,-1.521101,-0.3913062,2.633506
02,47,212,ThumbLeft,-1.508517,-0.3533698,2.593055
02,47,212,HandTipRight,-1.310817,-0.3900646,2.847101
02,47,212,ThumbRight,-1.288667,-0.3490822,2.8686
02,47,247,SpineBase,-1.433876,-0.2418012,2.88982
02,47,247,SpineMid,-1.392067,0.06448532,2.864572
02,47,247,Neck,-1.345242,0.3644194,2.827795
02,47,247,Head,-1.312987,0.4944891,2.840938
02,47,247,ShoulderLeft,-1.441839,0.247174,2.73538
02,47,247,ElbowLeft,-1.515378,0.001764928,2.702767
02,47,247,WristLeft,-1.501197,-0.2503724,2.643963
02,47,247,HandLeft,-1.499484,-0.3338686,2.643248
02,47,247,ShoulderRight,-1.277718,0.227697,2.953761
02,47,247,ElbowRight,-1.296771,-0.02882947,2.961986
02,47,247,WristRight,-1.286413,-0.2783153,2.89104
02,47,247,HandRight,-1.273568,-0.3323921,2.853247
02,47,247,HipLeft,-1.461575,-0.2377537,2.807616
02,47,247,KneeLeft,-1.363529,-0.4908585,2.672205
02,47,247,AnkleLeft,-1.33638,-0.8237574,2.646635
02,47,247,FootLeft,-1.244442,-0.8681763,2.559453
02,47,247,HipRight,-1.374257,-0.240462,2.90763
02,47,247,KneeRight,-1.396345,-0.4928493,2.888337
02,47,247,AnkleRight,-1.623345,-0.7478529,3.010942
02,47,247,FootRight,-1.530376,-0.7941735,2.923766
02,47,247,SpineShoulder,-1.357891,0.2903384,2.839097
02,47,247,HandTipLeft,-1.51297,-0.4049696,2.628855
02,47,247,ThumbLeft,-1.502309,-0.3352303,2.5782
02,47,247,HandTipRight,-1.266654,-0.3871023,2.81826
02,47,248,ThumbRight,-1.249615,-0.3545027,2.8386
02,47,278,SpineBase,-1.407574,-0.2470272,2.847066
02,47,279,SpineMid,-1.366976,0.06146063,2.836924
02,47,279,Neck,-1.32126,0.3629626,2.811593
02,47,279,Head,-1.28575,0.4941263,2.822843
02,47,279,ShoulderLeft,-1.40702,0.2454591,2.710842
02,47,279,ElbowLeft,-1.474731,-0.00160489,2.674231
02,47,279,WristLeft,-1.4879,-0.2544436,2.622276
02,47,279,HandLeft,-1.48655,-0.3421538,2.606498
02,47,279,ShoulderRight,-1.246135,0.2223464,2.930229
02,47,279,ElbowRight,-1.267527,-0.0300676,2.964228
02,47,279,WristRight,-1.267192,-0.2782355,2.887919
02,47,279,HandRight,-1.238871,-0.3430708,2.832255
02,47,279,HipLeft,-1.435815,-0.2399692,2.770121
02,47,279,KneeLeft,-1.321418,-0.4990041,2.644821
02,47,279,AnkleLeft,-1.328959,-0.8313494,2.642353
02,47,279,FootLeft,-1.235752,-0.8744125,2.55581
02,47,279,HipRight,-1.348751,-0.2483886,2.861396
02,47,279,KneeRight,-1.354683,-0.5029386,2.838266
02,47,279,AnkleRight,-1.588584,-0.7392854,2.981095
02,47,279,FootRight,-1.494433,-0.7843443,2.894479
02,47,279,SpineShoulder,-1.3337,0.2885428,2.820363
02,47,279,HandTipLeft,-1.493805,-0.4110986,2.606578
02,47,279,ThumbLeft,-1.480545,-0.3680382,2.559375
02,47,279,HandTipRight,-1.230748,-0.4058659,2.796332
02,47,279,ThumbRight,-1.241544,-0.3824057,2.81225
02,47,312,SpineBase,-1.377529,-0.2470471,2.82109
02,47,312,SpineMid,-1.327336,0.06446708,2.803439
02,47,312,Neck,-1.27617,0.369313,2.777313
02,47,312,Head,-1.251134,0.4952757,2.797377
02,47,312,ShoulderLeft,-1.374264,0.2508864,2.683754
02,47,312,ElbowLeft,-1.441974,0.003304908,2.652478
02,47,312,WristLeft,-1.465406,-0.2480568,2.597257
02,47,312,HandLeft,-1.470855,-0.3474674,2.587229
02,47,312,ShoulderRight,-1.214591,0.2292084,2.910939
02,47,312,ElbowRight,-1.234921,-0.02841299,2.901021
02,47,312,WristRight,-1.235,-0.2733451,2.871352
02,47,312,HandRight,-1.204088,-0.3421042,2.825345
02,47,312,HipLeft,-1.400549,-0.2342825,2.741226
02,47,312,KneeLeft,-1.303921,-0.4966893,2.63499
02,47,312,AnkleLeft,-1.318081,-0.8344293,2.634847
02,47,312,FootLeft,-1.224478,-0.8786712,2.550143
02,47,312,HipRight,-1.320933,-0.253683,2.834811
02,47,312,KneeRight,-1.295401,-0.5092086,2.692966
02,47,312,AnkleRight,-1.523288,-0.7064996,2.889656
02,47,312,FootRight,-1.428796,-0.7528892,2.804808
02,47,312,SpineShoulder,-1.289857,0.2940442,2.785975
02,47,312,HandTipLeft,-1.472206,-0.4137937,2.589347
02,47,312,ThumbLeft,-1.49869,-0.3486561,2.5713
02,47,312,HandTipRight,-1.197726,-0.4093675,2.797435
02,47,312,ThumbRight,-1.210027,-0.3711301,2.8
02,47,346,SpineBase,-1.332123,-0.2366997,2.790711
02,47,346,SpineMid,-1.293721,0.07643399,2.780297
02,47,346,Neck,-1.249695,0.382306,2.757767
02,47,346,Head,-1.221745,0.5060173,2.777351
02,47,346,ShoulderLeft,-1.333547,0.2623235,2.658536
02,47,346,ElbowLeft,-1.399941,0.01485423,2.618657
02,47,346,WristLeft,-1.429848,-0.2370058,2.570993
02,47,346,HandLeft,-1.445636,-0.3239442,2.568917
02,47,346,ShoulderRight,-1.175123,0.2431204,2.880691
02,47,346,ElbowRight,-1.19827,-0.01437746,2.859763
02,47,346,WristRight,-1.188613,-0.2632069,2.85149
02,47,346,HandRight,-1.167966,-0.337658,2.817258
02,47,346,HipLeft,-1.356717,-0.2278983,2.71233
02,47,346,KneeLeft,-1.294794,-0.4993071,2.626142
02,47,347,AnkleLeft,-1.312308,-0.8665826,2.630738
02,47,347,FootLeft,-1.218282,-0.9089371,2.545356
02,47,347,HipRight,-1.276598,-0.2399987,2.80423
02,47,347,KneeRight,-1.259214,-0.4944333,2.796244
02,47,347,AnkleRight,-1.504194,-0.7287178,2.924715
02,47,347,FootRight,-1.409523,-0.7734062,2.838985
02,47,347,SpineShoulder,-1.261688,0.3068322,2.765575
02,47,347,HandTipLeft,-1.452108,-0.3893775,2.565084
02,47,347,ThumbLeft,-1.447981,-0.3028287,2.528333
02,47,347,HandTipRight,-1.166059,-0.4070392,2.801058
02,47,347,ThumbRight,-1.184195,-0.3740409,2.8062
02,47,378,SpineBase,-1.297429,-0.2318005,2.780818
02,47,379,SpineMid,-1.260396,0.08635513,2.766867
02,47,379,Neck,-1.218334,0.3976487,2.740878
02,47,379,Head,-1.190517,0.524272,2.7588
02,47,379,ShoulderLeft,-1.312258,0.2728272,2.645542
02,47,379,ElbowLeft,-1.376306,0.02460044,2.60507
02,47,379,WristLeft,-1.401614,-0.2279059,2.557236
02,47,379,HandLeft,-1.41716,-0.3081889,2.555732
02,47,379,ShoulderRight,-1.157576,0.2533296,2.868735
02,47,379,ElbowRight,-1.17705,-0.0006607515,2.897296
02,47,379,WristRight,-1.160242,-0.2531057,2.840506
02,47,379,HandRight,-1.138512,-0.3297113,2.815196
02,47,379,HipLeft,-1.321094,-0.2225117,2.703945
02,47,379,KneeLeft,-1.280638,-0.5048578,2.616363
02,47,379,AnkleLeft,-1.311977,-0.8656529,2.630882
02,47,379,FootLeft,-1.217263,-0.9081217,2.546598
02,47,379,HipRight,-1.243288,-0.2356359,2.79256
02,47,379,KneeRight,-1.209941,-0.5172003,2.759063
02,47,379,AnkleRight,-1.463245,-0.7392355,2.892334
02,47,379,FootRight,-1.368108,-0.7838167,2.807645
02,47,379,SpineShoulder,-1.229748,0.3207985,2.749531
02,47,379,HandTipLeft,-1.428939,-0.3743265,2.558412
02,47,379,ThumbLeft,-1.440133,-0.307632,2.524983
02,47,379,HandTipRight,-1.132535,-0.3993502,2.811341
02,47,379,ThumbRight,-1.163154,-0.3374821,2.780286
02,47,411,SpineBase,-1.253665,-0.2218335,2.756542
02,47,411,SpineMid,-1.21941,0.1010751,2.744069
02,47,411,Neck,-1.180639,0.4163956,2.719856
02,47,411,Head,-1.149161,0.5441658,2.73629
02,47,411,ShoulderLeft,-1.263039,0.2948749,2.615585
02,47,411,ElbowLeft,-1.339461,0.05427659,2.574137
02,47,411,WristLeft,-1.353773,-0.1882975,2.518509
02,47,411,HandLeft,-1.366464,-0.2724025,2.536008
02,47,411,ShoulderRight,-1.109006,0.2591159,2.830152
02,47,412,ElbowRight,-1.1209,0.0005526972,2.824929
02,47,412,WristRight,-1.109088,-0.2560662,2.824296
02,47,412,HandRight,-1.096506,-0.3262832,2.81207
02,47,412,HipLeft,-1.278685,-0.2132214,2.67769
02,47,412,KneeLeft,-1.272809,-0.5128533,2.606384
02,47,412,AnkleLeft,-1.311597,-0.8718039,2.631854
02,47,412,FootLeft,-1.217682,-0.9137101,2.545976
02,47,412,HipRight,-1.198913,-0.2251781,2.769953
02,47,412,KneeRight,-1.176221,-0.5190751,2.736323
02,47,412,AnkleRight,-1.350494,-0.7136272,2.794728
02,47,412,FootRight,-1.34018,-0.7898431,2.803805
02,47,412,SpineShoulder,-1.191213,0.3386135,2.728051
02,47,412,HandTipLeft,-1.386776,-0.3423006,2.523802
02,47,412,ThumbLeft,-1.344441,-0.220049,2.470375
02,47,412,HandTipRight,-1.098325,-0.3886673,2.789561
02,47,412,ThumbRight,-1.113587,-0.3284151,2.7936
02,47,446,SpineBase,-1.209228,-0.2113543,2.741239
02,47,446,SpineMid,-1.184076,0.1107992,2.728156
02,47,446,Neck,-1.152932,0.4255366,2.703434
02,47,446,Head,-1.120708,0.5520171,2.722463
02,47,446,ShoulderLeft,-1.226113,0.3049373,2.593836
02,47,446,ElbowLeft,-1.289241,0.05621146,2.551435
02,47,446,WristLeft,-1.315054,-0.195652,2.498451
02,47,446,HandLeft,-1.328433,-0.2843881,2.516003
02,47,446,ShoulderRight,-1.07989,0.275211,2.803211
02,47,446,ElbowRight,-1.093679,0.01718991,2.806917
02,47,446,WristRight,-1.071789,-0.2382403,2.818233
02,47,446,HandRight,-1.058789,-0.3125026,2.801465
02,47,446,HipLeft,-1.232765,-0.2041055,2.660698
02,47,446,KneeLeft,-1.264732,-0.5189773,2.596889
02,47,446,AnkleLeft,-1.304156,-0.8236133,2.62016
02,47,446,FootLeft,-1.300755,-0.9032606,2.647357
02,47,446,HipRight,-1.1566,-0.2135727,2.755921
02,47,446,KneeRight,-1.133042,-0.5372525,2.702633
02,47,446,AnkleRight,-1.33063,-0.7216066,2.779032
02,47,446,FootRight,-1.315558,-0.8394212,2.756256
02,47,446,SpineShoulder,-1.161673,0.3479066,2.711724
02,47,446,HandTipLeft,-1.34824,-0.3517804,2.516129
02,47,446,ThumbLeft,-1.351164,-0.280617,2.46485
02,47,446,HandTipRight,-1.054092,-0.3718885,2.786564
02,47,446,ThumbRight,-1.061748,-0.3014258,2.7534
02,47,478,SpineBase,-1.1688,-0.203905,2.715389
02,47,479,SpineMid,-1.141708,0.1185744,2.703777
02,47,479,Neck,-1.110907,0.4332704,2.680827
02,47,479,Head,-1.075961,0.5607992,2.699769
02,47,479,ShoulderLeft,-1.181286,0.3118867,2.573124
02,47,479,ElbowLeft,-1.264773,0.07737958,2.521635
02,47,479,WristLeft,-1.264488,-0.1767722,2.471857
02,47,479,HandLeft,-1.272102,-0.260525,2.48621
02,47,479,ShoulderRight,-1.046191,0.2778463,2.791607
02,47,479,ElbowRight,-1.050807,0.01858727,2.784523
02,47,479,WristRight,-1.018971,-0.236532,2.7885
02,47,479,HandRight,-1.019658,-0.2859187,2.794693
02,47,479,HipLeft,-1.192105,-0.1968396,2.637314
02,47,479,KneeLeft,-1.257707,-0.5220131,2.589306
02,47,479,AnkleLeft,-1.292918,-0.8375604,2.642221
02,47,479,FootLeft,-1.195019,-0.8791411,2.561831
02,47,479,HipRight,-1.117106,-0.2060075,2.727359
02,47,479,KneeRight,-1.065886,-0.5160715,2.675632
02,47,479,AnkleRight,-1.233659,-0.8212872,2.735978
02,47,479,FootRight,-1.218404,-0.9045944,2.694497
02,47,479,SpineShoulder,-1.119384,0.3556814,2.688667
02,47,479,HandTipLeft,-1.291781,-0.3293394,2.48447
02,47,479,ThumbLeft,-1.300091,-0.2700827,2.44
02,47,479,HandTipRight,-1.006549,-0.3510171,2.790596
02,47,479,ThumbRight,-1.013124,-0.2894433,2.735357
02,47,514,SpineBase,-1.124597,-0.1981925,2.699639
02,47,514,SpineMid,-1.100838,0.1225203,2.685112
02,47,514,Neck,-1.071512,0.4356626,2.658296
02,47,514,Head,-1.043191,0.5620736,2.683495
02,47,514,ShoulderLeft,-1.144766,0.3147349,2.551668
02,47,514,ElbowLeft,-1.225777,0.08671973,2.497209
02,47,514,WristLeft,-1.220341,-0.1693211,2.459235
02,47,514,HandLeft,-1.21624,-0.2684782,2.468668
02,47,515,ShoulderRight,-1.007197,0.3052414,2.766064
02,47,515,ElbowRight,-1.014299,0.0464383,2.768993
02,47,515,WristRight,-0.992651,-0.2082921,2.788422
02,47,515,HandRight,-0.9848748,-0.2579926,2.790499
02,47,515,HipLeft,-1.14572,-0.1935575,2.618673
02,47,515,KneeLeft,-1.237809,-0.5158421,2.571269
02,47,515,AnkleLeft,-1.295201,-0.8398116,2.636272
02,47,515,FootLeft,-1.197986,-0.8813375,2.554711
02,47,515,HipRight,-1.075604,-0.1980878,2.714013
02,47,515,KneeRight,-1.000177,-0.4899129,2.650592
02,47,515,AnkleRight,-1.106667,-0.8057916,2.68169
02,47,515,FootRight,-1.089267,-0.8877299,2.632458
02,47,515,SpineShoulder,-1.079741,0.3584588,2.667184
02,47,515,HandTipLeft,-1.22997,-0.3413851,2.474211
02,47,515,ThumbLeft,-1.236289,-0.2604369,2.410447
02,47,515,HandTipRight,-0.9588059,-0.3224741,2.77238
02,47,515,ThumbRight,-0.9691812,-0.2670264,2.723
02,47,546,SpineBase,-1.085493,-0.2064277,2.677269
02,47,546,SpineMid,-1.061814,0.1176945,2.666343
02,47,546,Neck,-1.034366,0.4338605,2.643528
02,47,546,Head,-1.000279,0.5576249,2.664136
02,47,546,ShoulderLeft,-1.101037,0.3080068,2.532883
02,47,546,ElbowLeft,-1.190041,0.09869497,2.472469
02,47,546,WristLeft,-1.172203,-0.1571979,2.435288
02,47,547,HandLeft,-1.169157,-0.2162724,2.447238
02,47,547,ShoulderRight,-0.9671857,0.2859289,2.736962
02,47,547,ElbowRight,-0.9810113,0.0296148,2.757716
02,47,547,WristRight,-0.9580661,-0.2241588,2.783075
02,47,547,HandRight,-0.9462756,-0.2516209,2.781002
02,47,547,HipLeft,-1.112228,-0.2007652,2.597664
02,47,547,KneeLeft,-1.212983,-0.5056235,2.555684
02,47,547,AnkleLeft,-1.296462,-0.8435826,2.632971
02,47,547,FootLeft,-1.199603,-0.8847079,2.550487
02,47,547,HipRight,-1.031654,-0.2069537,2.690361
02,47,547,KneeRight,-0.9358914,-0.4945082,2.625461
02,47,547,AnkleRight,-0.9765761,-0.8115071,2.635174
02,47,547,FootRight,-0.8829051,-0.852591,2.551332
02,47,547,SpineShoulder,-1.041991,0.3559404,2.651391
02,47,547,HandTipLeft,-1.166719,-0.2851264,2.413882
02,47,547,ThumbLeft,-1.16282,-0.1926894,2.374267
02,47,547,HandTipRight,-0.9224135,-0.2920183,2.756768
02,47,547,ThumbRight,-0.9246055,-0.266717,2.7178
02,47,578,SpineBase,-1.043862,-0.2201366,2.656806
02,47,578,SpineMid,-1.019637,0.1065265,2.645893
02,47,578,Neck,-0.9907098,0.4251339,2.622676
02,47,579,Head,-0.964473,0.5499753,2.646376
02,47,579,ShoulderLeft,-1.0666,0.301715,2.513504
02,47,579,ElbowLeft,-1.145739,0.08663542,2.449785
02,47,579,WristLeft,-1.128801,-0.1695504,2.415267
02,47,579,HandLeft,-1.115648,-0.2862085,2.423014
02,47,579,ShoulderRight,-0.9271716,0.2621349,2.705909
02,47,579,ElbowRight,-0.9406553,0.01775964,2.774073
02,47,579,WristRight,-0.9256202,-0.2330389,2.817677
02,47,579,HandRight,-0.9206491,-0.2294233,2.797334
02,47,579,HipLeft,-1.069927,-0.2131862,2.580404
02,47,579,KneeLeft,-1.183883,-0.5108328,2.547941
02,47,579,AnkleLeft,-1.292634,-0.832759,2.623966
02,47,579,FootLeft,-1.198409,-0.8740304,2.537573
02,47,579,HipRight,-0.9913788,-0.2216291,2.666154
02,47,579,KneeRight,-0.8770058,-0.502565,2.6042
02,47,579,AnkleRight,-0.8533169,-0.8310694,2.582693
02,47,579,FootRight,-0.7988281,-0.9077148,2.527344
02,47,579,SpineShoulder,-0.9987403,0.3465984,2.630653
02,47,579,HandTipLeft,-1.118577,-0.3463926,2.416609
02,47,579,ThumbLeft,-1.130038,-0.2853149,2.3599
02,47,579,HandTipRight,-0.9106385,-0.2436341,2.773477
02,47,579,ThumbRight,-0.903084,-0.2190769,2.74663
02,47,615,SpineBase,-0.9997054,-0.2258674,2.632034
02,47,615,SpineMid,-0.9789015,0.09884219,2.624561
02,47,615,Neck,-0.9541419,0.4158317,2.604883
02,47,615,Head,-0.9177315,0.5394086,2.627172
02,47,615,ShoulderLeft,-1.022686,0.2944398,2.494182
02,47,615,ElbowLeft,-1.1095,0.06935719,2.435569
02,47,615,WristLeft,-1.081383,-0.1846158,2.389274
02,47,615,HandLeft,-1.064655,-0.2947515,2.394508
02,47,615,ShoulderRight,-0.8926853,0.2652446,2.702856
02,47,615,ElbowRight,-0.9089904,0.01906186,2.765156
02,47,615,WristRight,-0.8933249,-0.1888779,2.785795
02,47,615,HandRight,-0.8920839,-0.206341,2.797314
02,47,615,HipLeft,-1.025967,-0.217358,2.554767
02,47,615,KneeLeft,-1.142023,-0.5090714,2.544352
02,47,615,AnkleLeft,-1.290263,-0.8317562,2.623091
02,47,615,FootLeft,-1.191952,-0.8725739,2.54253
02,47,615,HipRight,-0.9484846,-0.2285279,2.642417
02,47,615,KneeRight,-0.8126175,-0.5225388,2.584879
02,47,615,AnkleRight,-0.7319746,-0.8259443,2.530258
02,47,615,FootRight,-0.6489258,-0.9023438,2.462891
02,47,615,SpineShoulder,-0.9610949,0.3376787,2.611993
02,47,615,HandTipLeft,-1.061515,-0.3541753,2.384117
02,47,615,ThumbLeft,-1.074198,-0.2942831,2.334444
02,47,615,HandTipRight,-0.87916,-0.2443107,2.780521
02,47,615,ThumbRight,-0.8767242,-0.2425888,2.761
02,47,645,SpineBase,-0.9579467,-0.2385577,2.618326
02,47,645,SpineMid,-0.9360994,0.08849476,2.609441
02,47,645,Neck,-0.9100217,0.4074943,2.588191
02,47,645,Head,-0.8787074,0.5296585,2.613377
02,47,645,ShoulderLeft,-0.9772633,0.2809258,2.474538
02,47,645,ElbowLeft,-1.059022,0.05378622,2.416947
02,47,645,WristLeft,-1.03175,-0.1989972,2.362846
02,47,645,HandLeft,-1.021722,-0.2777034,2.36977
02,47,645,ShoulderRight,-0.843854,0.2582313,2.6868
02,47,645,ElbowRight,-0.8713039,0.0158325,2.756294
02,47,645,WristRight,-0.8615429,-0.1883847,2.774668
02,47,645,HandRight,-0.8521853,-0.2059705,2.783068
02,47,645,HipLeft,-0.9786316,-0.2336064,2.5404
02,47,645,KneeLeft,-1.112268,-0.5133035,2.53494
02,47,645,AnkleLeft,-1.28073,-0.8263941,2.618515
02,47,645,FootLeft,-1.182807,-0.8674785,2.537615
02,47,645,HipRight,-0.9124805,-0.237648,2.628952
02,47,645,KneeRight,-0.7591659,-0.5360864,2.555726
02,47,645,AnkleRight,-0.6386446,-0.8627391,2.491258
02,47,645,FootRight,-0.5571289,-0.9082031,2.416016
02,47,645,SpineShoulder,-0.9172637,0.3288644,2.595689
02,47,645,HandTipLeft,-1.009473,-0.3450363,2.333123
02,47,645,ThumbLeft,-1.020089,-0.2246149,2.31681
02,47,645,HandTipRight,-0.8386605,-0.2489059,2.774902
02,47,645,ThumbRight,-0.835159,-0.2314608,2.746834
02,47,682,SpineBase,-0.9092737,-0.2503611,2.592976
02,47,682,SpineMid,-0.8878592,0.07797904,2.585919
02,47,682,Neck,-0.8626541,0.3981481,2.566508
02,47,682,Head,-0.8300557,0.5248882,2.593924
02,47,682,ShoulderLeft,-0.9332656,0.274363,2.453575
02,47,682,ElbowLeft,-1.006768,0.03891698,2.397632
02,47,682,WristLeft,-0.9802359,-0.212593,2.336563
02,47,682,HandLeft,-0.9720914,-0.2922611,2.335289
02,47,682,ShoulderRight,-0.7977687,0.249085,2.665533
02,47,682,ElbowRight,-0.816569,0.004113294,2.730668
02,47,682,WristRight,-0.805674,-0.1838893,2.745608
02,47,682,HandRight,-0.8137724,-0.1842899,2.76629
02,47,682,HipLeft,-0.9326268,-0.2465427,2.51928
02,47,682,KneeLeft,-1.065809,-0.5219784,2.513046
02,47,682,AnkleLeft,-1.260207,-0.8155332,2.599596
02,47,682,FootLeft,-1.162682,-0.8564966,2.51799
02,47,682,HipRight,-0.8621988,-0.2476414,2.598937
02,47,682,KneeRight,-0.7311289,-0.5283106,2.536297
02,47,682,AnkleRight,-0.6070859,-0.8163747,2.477821
02,47,682,FootRight,-0.516349,-0.8561746,2.39414
02,47,682,SpineShoulder,-0.8696474,0.3192456,2.573557
02,47,682,HandTipLeft,-0.9627943,-0.3594495,2.306422
02,47,682,ThumbLeft,-0.9691078,-0.2271675,2.27975
02,47,682,HandTipRight,-0.807548,-0.1971727,2.753616
02,47,683,ThumbRight,-0.8038481,-0.1962694,2.741
02,47,711,SpineBase,-0.8576961,-0.2542399,2.573155
02,47,711,SpineMid,-0.838652,0.07490195,2.567388
02,47,711,Neck,-0.8166967,0.3957903,2.549459
02,47,711,Head,-0.7926459,0.5209283,2.580511
02,47,711,ShoulderLeft,-0.8855882,0.2711086,2.435991
02,47,711,ElbowLeft,-0.9569637,0.04486541,2.3783
02,47,711,WristLeft,-0.9273542,-0.2060035,2.315268
02,47,711,HandLeft,-0.9238239,-0.2922384,2.318141
02,47,711,ShoulderRight,-0.7518802,0.2466863,2.648441
02,47,711,ElbowRight,-0.7709313,0.001684551,2.713501
02,47,711,WristRight,-0.7601945,-0.1863203,2.728392
02,47,712,HandRight,-0.7379157,-0.2443453,2.708433
02,47,712,HipLeft,-0.8810543,-0.2511908,2.503923
02,47,712,KneeLeft,-1.017367,-0.5295478,2.491755
02,47,712,AnkleLeft,-1.241454,-0.7997153,2.588652
02,47,712,FootLeft,-1.14349,-0.8404872,2.507553
02,47,712,HipRight,-0.811672,-0.250565,2.574311
02,47,712,KneeRight,-0.6700478,-0.540313,2.505223
02,47,712,AnkleRight,-0.5873745,-0.8272077,2.46363
02,47,712,FootRight,-0.4963017,-0.8664989,2.38056
02,47,712,SpineShoulder,-0.82249,0.3167045,2.556014
02,47,712,HandTipLeft,-0.9176696,-0.3551701,2.28101
02,47,712,ThumbLeft,-0.906063,-0.2166647,2.2275
02,47,712,HandTipRight,-0.7318898,-0.2569982,2.695719
02,47,712,ThumbRight,-0.7284515,-0.2557909,2.683055
02,47,747,SpineBase,-0.7973121,-0.2526509,2.549235
02,47,747,SpineMid,-0.7848147,0.07670517,2.545802
02,47,747,Neck,-0.7687504,0.3976037,2.529887
02,47,748,Head,-0.7373825,0.5229383,2.560603
02,47,748,ShoulderLeft,-0.8417816,0.2711785,2.417263
02,47,748,ElbowLeft,-0.9096054,0.03623939,2.360914
02,47,748,WristLeft,-0.8780003,-0.2145794,2.298702
02,47,748,HandLeft,-0.8714086,-0.3186537,2.284025
02,47,748,ShoulderRight,-0.7040094,0.2484446,2.628833
02,47,748,ElbowRight,-0.7233282,0.003379953,2.693826
02,47,748,WristRight,-0.7127593,-0.1846471,2.708669
02,47,748,HandRight,-0.6904758,-0.2426775,2.688709
02,47,748,HipLeft,-0.8224837,-0.249091,2.478477
02,47,748,KneeLeft,-0.9284154,-0.5071991,2.447279
02,47,748,AnkleLeft,-1.168936,-0.7612768,2.548202
02,47,748,FootLeft,-1.071871,-0.8015819,2.46548
02,47,748,HipRight,-0.7507504,-0.2494257,2.55151
02,47,748,KneeRight,-0.6249609,-0.5359649,2.481945
02,47,748,AnkleRight,-0.5622087,-0.8288419,2.450887
02,47,748,FootRight,-0.4718214,-0.8673548,2.36646
02,47,748,SpineShoulder,-0.7734094,0.318552,2.536076
02,47,748,HandTipLeft,-0.8678839,-0.3791833,2.282172
02,47,748,ThumbLeft,-0.8756052,-0.3217796,2.232355
02,47,748,HandTipRight,-0.684592,-0.2553273,2.675958
02,47,748,ThumbRight,-0.6813397,-0.2541143,2.663245
02,47,779,SpineBase,-0.7302663,-0.2385162,2.527194
02,47,779,SpineMid,-0.7281445,0.08776051,2.52706
02,47,779,Neck,-0.7237677,0.4052147,2.5149
02,47,779,Head,-0.7020829,0.5285786,2.544653
02,47,779,ShoulderLeft,-0.7928044,0.2804733,2.399355
02,47,779,ElbowLeft,-0.8582928,0.04178791,2.339628
02,47,779,WristLeft,-0.8338997,-0.2110287,2.283876
02,47,779,HandLeft,-0.820245,-0.2928683,2.283745
02,47,779,ShoulderRight,-0.6591076,0.2559947,2.613816
02,47,779,ElbowRight,-0.6786927,0.01083399,2.67876
02,47,779,WristRight,-0.6682894,-0.1772406,2.693561
02,47,779,HandRight,-0.6460019,-0.2352753,2.673601
02,47,779,HipLeft,-0.7559255,-0.2295952,2.456842
02,47,779,KneeLeft,-0.8537138,-0.5066594,2.410486
02,47,779,AnkleLeft,-1.105026,-0.749697,2.512619
02,47,779,FootLeft,-1.006782,-0.7888724,2.431399
02,47,779,HipRight,-0.684711,-0.2409274,2.528587
02,47,779,KneeRight,-0.5829409,-0.5280183,2.465374
02,47,779,AnkleRight,-0.5546687,-0.8435951,2.446054
02,47,779,FootRight,-0.4627064,-0.8808265,2.363382
02,47,779,SpineShoulder,-0.7245302,0.3272011,2.519828
02,47,779,HandTipLeft,-0.8181936,-0.362444,2.253132
02,47,779,ThumbLeft,-0.8346472,-0.281848,2.228077
02,47,779,HandTipRight,-0.640257,-0.2479445,2.660813
02,47,779,ThumbRight,-0.6371866,-0.2467555,2.648052
02,47,810,SpineBase,-0.6722323,-0.2247955,2.505219
02,47,810,SpineMid,-0.6762013,0.1016493,2.506393
02,47,810,Neck,-0.6767168,0.4192648,2.495112
02,47,810,Head,-0.6463337,0.5403523,2.522153
02,47,810,ShoulderLeft,-0.7484648,0.2929175,2.380171
02,47,810,ElbowLeft,-0.8109161,0.05662667,2.318319
02,47,810,WristLeft,-0.7879848,-0.1971969,2.267245
02,47,810,HandLeft,-0.7708232,-0.2889921,2.271217
02,47,810,ShoulderRight,-0.6121428,0.2699605,2.594011
02,47,810,ElbowRight,-0.6320089,0.02465366,2.658918
02,47,810,WristRight,-0.6217799,-0.1634979,2.673682
02,47,810,HandRight,-0.5994883,-0.2215376,2.653723
02,47,810,HipLeft,-0.6989167,-0.2167672,2.432262
02,47,810,KneeLeft,-0.7566758,-0.4746014,2.368032
02,47,810,AnkleLeft,-1.010931,-0.7141501,2.472314
02,47,810,FootLeft,-0.913747,-0.7530542,2.389834
02,47,810,HipRight,-0.6269734,-0.2265995,2.508822
02,47,810,KneeRight,-0.5515697,-0.5200224,2.455226
02,47,810,AnkleRight,-0.5483596,-0.8483233,2.441242
02,47,810,FootRight,-0.5074737,-0.9206233,2.384881
02,47,810,SpineShoulder,-0.6771957,0.3410768,2.500139
02,47,810,HandTipLeft,-0.7701423,-0.3634892,2.261933
02,47,810,ThumbLeft,-0.7962784,-0.2836452,2.217109
02,47,810,HandTipRight,-0.5938885,-0.2342487,2.640897
02,47,810,ThumbRight,-0.5910079,-0.2331125,2.628088
02,47,847,SpineBase,-0.6221977,-0.2057832,2.486701
02,47,847,SpineMid,-0.6287312,0.1199241,2.485477
02,47,847,Neck,-0.6319395,0.4366127,2.471807
02,47,847,Head,-0.6070452,0.5571213,2.503722
02,47,847,ShoulderLeft,-0.707423,0.3072074,2.359217
02,47,847,ElbowLeft,-0.7622148,0.05605041,2.306396
02,47,847,WristLeft,-0.7401457,-0.1966581,2.248383
02,47,847,HandLeft,-0.7269586,-0.2820854,2.254355
02,47,847,ShoulderRight,-0.5674474,0.2872111,2.570701
02,47,847,ElbowRight,-0.5875833,0.04172532,2.635588
02,47,847,WristRight,-0.5775201,-0.1465238,2.650323
02,47,847,HandRight,-0.5336809,-0.131641,2.564514
02,47,847,HipLeft,-0.6512222,-0.1971619,2.412046
02,47,847,KneeLeft,-0.689308,-0.4678336,2.331205
02,47,847,AnkleLeft,-0.935348,-0.7122,2.443555
02,47,847,FootLeft,-0.8397898,-0.7508861,2.359317
02,47,847,HipRight,-0.5757735,-0.2086346,2.491655
02,47,847,KneeRight,-0.5402954,-0.516955,2.451254
02,47,847,AnkleRight,-0.54576,-0.8514514,2.439935
02,47,847,FootRight,-0.5070873,-0.9247143,2.38417
02,47,847,SpineShoulder,-0.6317187,0.3586851,2.477428
02,47,847,HandTipLeft,-0.7234986,-0.3507004,2.256308
02,47,847,ThumbLeft,-0.7658812,-0.2877983,2.215647
02,47,847,HandTipRight,-0.5310456,-0.1344723,2.551885
02,47,847,ThumbRight,-0.5289436,-0.1304725,2.54175
02,47,880,SpineBase,-0.5790053,-0.1896035,2.473078
02,47,880,SpineMid,-0.5853388,0.1348374,2.468135
02,47,880,Neck,-0.58829,0.4501664,2.450534
02,47,880,Head,-0.556161,0.5719712,2.477607
02,47,880,ShoulderLeft,-0.6685228,0.3233303,2.34022
02,47,880,ElbowLeft,-0.7246042,0.07171256,2.291238
02,47,880,WristLeft,-0.6940603,-0.1806012,2.234717
02,47,880,HandLeft,-0.6814808,-0.267608,2.237556
02,47,880,ShoulderRight,-0.5238813,0.3006789,2.549418
02,47,880,ElbowRight,-0.5442874,0.05504182,2.614283
02,47,880,WristRight,-0.5343911,-0.133288,2.62899
02,47,880,HandRight,-0.4820859,-0.2002807,2.609629
02,47,880,HipLeft,-0.6118359,-0.1819305,2.399648
02,47,880,KneeLeft,-0.6163961,-0.4660313,2.298291
02,47,880,AnkleLeft,-0.8447204,-0.7292579,2.406973
02,47,880,FootLeft,-0.7512739,-0.7677351,2.320889
02,47,880,HipRight,-0.5297104,-0.1919022,2.476456
02,47,880,KneeRight,-0.5094442,-0.5156167,2.431125
02,47,880,AnkleRight,-0.5444373,-0.8516575,2.4394
02,47,880,FootRight,-0.5071146,-0.9254729,2.383908
02,47,880,SpineShoulder,-0.5881221,0.3725993,2.457161
02,47,880,HandTipLeft,-0.6773612,-0.3354329,2.240722
02,47,880,ThumbLeft,-0.7192155,-0.276987,2.2006
02,47,880,HandTipRight,-0.4785179,-0.233246,2.605912
02,47,880,ThumbRight,-0.4807111,-0.1519957,2.572667
02,47,914,SpineBase,-0.5310795,-0.1730856,2.459105
02,47,914,SpineMid,-0.5419025,0.148946,2.449723
02,47,914,Neck,-0.5497252,0.4617554,2.428236
02,47,914,Head,-0.5203015,0.583535,2.458249
02,47,914,ShoulderLeft,-0.6338339,0.3342516,2.32396
02,47,914,ElbowLeft,-0.6769727,0.07896259,2.280896
02,47,914,WristLeft,-0.6546429,-0.1736029,2.221417
02,47,914,HandLeft,-0.6465328,-0.253475,2.216386
02,47,915,ShoulderRight,-0.4853888,0.3121862,2.527116
02,47,915,ElbowRight,-0.5060344,0.06641267,2.591965
02,47,915,WristRight,-0.4310401,-0.1805199,2.58725
02,47,915,HandRight,-0.4232146,-0.252239,2.571768
02,47,915,HipLeft,-0.5644155,-0.1660901,2.380841
02,47,915,KneeLeft,-0.5547969,-0.4795956,2.27895
02,47,915,AnkleLeft,-0.7530074,-0.7742758,2.367948
02,47,915,FootLeft,-0.7631836,-0.8706055,2.330078
02,47,915,HipRight,-0.4831884,-0.1753371,2.467189
02,47,915,KneeRight,-0.48149,-0.5244316,2.423952
02,47,915,AnkleRight,-0.5319604,-0.8208089,2.438996
02,47,915,FootRight,-0.4439839,-0.8578585,2.350024
02,47,915,SpineShoulder,-0.548348,0.3848185,2.435802
02,47,915,HandTipLeft,-0.6411932,-0.3147582,2.213041
02,47,915,ThumbLeft,-0.6823633,-0.2558793,2.196
02,47,915,HandTipRight,-0.409087,-0.3130351,2.566821
02,47,915,ThumbRight,-0.428099,-0.2575068,2.525438
02,47,945,SpineBase,-0.4960088,-0.1603494,2.432998
02,47,945,SpineMid,-0.5015652,0.1614697,2.425421
02,47,945,Neck,-0.5044489,0.473702,2.405756
02,47,945,Head,-0.4735967,0.593942,2.433963
02,47,945,ShoulderLeft,-0.5896826,0.3439722,2.306836
02,47,945,ElbowLeft,-0.6419191,0.09024188,2.264909
02,47,945,WristLeft,-0.6197003,-0.1631955,2.209658
02,47,945,HandLeft,-0.6050437,-0.2473209,2.199721
02,47,945,ShoulderRight,-0.4402039,0.3240459,2.504626
02,47,945,ElbowRight,-0.4611419,0.07812557,2.569458
02,47,945,WristRight,-0.3833227,-0.1680351,2.552928
02,47,945,HandRight,-0.3592842,-0.2777827,2.531652
02,47,945,HipLeft,-0.5320014,-0.15535,2.356253
02,47,945,KneeLeft,-0.4926911,-0.4916948,2.253726
02,47,945,AnkleLeft,-0.6448835,-0.8183333,2.324462
02,47,945,FootLeft,-0.5932617,-0.9038086,2.294922
02,47,945,HipRight,-0.445193,-0.160432,2.43888
02,47,945,KneeRight,-0.4136936,-0.4318534,2.447832
02,47,945,AnkleRight,-0.5196102,-0.787565,2.437462
02,47,945,FootRight,-0.4328864,-0.8253011,2.347002
02,47,945,SpineShoulder,-0.5039641,0.3970312,2.412726
02,47,945,HandTipLeft,-0.6017191,-0.3081762,2.195653
02,47,945,ThumbLeft,-0.6414092,-0.2561623,2.185133
02,47,945,HandTipRight,-0.361244,-0.3447184,2.518301
02,47,946,ThumbRight,-0.3634707,-0.2776327,2.46275
02,47,980,SpineBase,-0.464267,-0.1581447,2.38942
02,47,980,SpineMid,-0.4659756,0.1611581,2.393075
02,47,980,Neck,-0.4660577,0.471032,2.38401
02,47,980,Head,-0.4282736,0.6001449,2.408752
02,47,980,ShoulderLeft,-0.5523084,0.3433674,2.284893
02,47,980,ElbowLeft,-0.6040241,0.09461886,2.249918
02,47,980,WristLeft,-0.5716975,-0.1566893,2.188359
02,47,980,HandLeft,-0.5610774,-0.2416272,2.182482
02,47,980,ShoulderRight,-0.4018848,0.3213267,2.482852
02,47,980,ElbowRight,-0.3630477,0.06923086,2.52114
02,47,980,WristRight,-0.3147172,-0.1840719,2.515013
02,47,980,HandRight,-0.298508,-0.264776,2.496182
02,47,980,HipLeft,-0.4999058,-0.1519987,2.313354
02,47,980,KneeLeft,-0.4303645,-0.4645046,2.218857
02,47,980,AnkleLeft,-0.5077071,-0.8207968,2.273439
02,47,980,FootLeft,-0.4643555,-0.9140625,2.208984
02,47,980,HipRight,-0.4149581,-0.1596159,2.394871
02,47,980,KneeRight,-0.3887379,-0.4234555,2.395143
02,47,980,AnkleRight,-0.4937571,-0.7795727,2.384036
02,47,981,FootRight,-0.4861822,-0.8639259,2.268442
02,47,981,SpineShoulder,-0.4668441,0.3948947,2.388824
02,47,981,HandTipLeft,-0.5594718,-0.3072194,2.178117
02,47,981,ThumbLeft,-0.5953345,-0.2476147,2.15532
02,47,981,HandTipRight,-0.297037,-0.3278254,2.486475
02,47,981,ThumbRight,-0.3138352,-0.2786352,2.470615
02,48,012,SpineBase,-0.4207387,-0.15418,2.37009
02,48,013,SpineMid,-0.4215175,0.1630225,2.371939
02,48,013,Neck,-0.4199514,0.4704756,2.361132
02,48,013,Head,-0.3873749,0.5975529,2.388772
02,48,013,ShoulderLeft,-0.5117404,0.3376684,2.262767
02,48,013,ElbowLeft,-0.5524008,0.09262723,2.226463
02,48,013,WristLeft,-0.5244929,-0.1524631,2.17297
02,48,013,HandLeft,-0.5192935,-0.2303613,2.166575
02,48,013,ShoulderRight,-0.3558739,0.3207105,2.459944
02,48,013,ElbowRight,-0.3157447,0.06900673,2.499165
02,48,013,WristRight,-0.2543791,-0.1814907,2.480312
02,48,013,HandRight,-0.2360864,-0.2528704,2.456799
02,48,013,HipLeft,-0.4563019,-0.1518504,2.29094
02,48,013,KneeLeft,-0.3567543,-0.4726808,2.18191
02,48,013,AnkleLeft,-0.3755951,-0.840197,2.218393
02,48,013,FootLeft,-0.3317871,-0.9213867,2.146484
02,48,013,HipRight,-0.3722713,-0.1519787,2.378156
02,48,013,KneeRight,-0.4759321,-0.4776511,2.399678
02,48,013,AnkleRight,-0.4931588,-0.750336,2.405336
02,48,013,FootRight,-0.4428586,-0.8383803,2.306566
02,48,013,SpineShoulder,-0.4205084,0.3949535,2.365939
02,48,013,HandTipLeft,-0.5224751,-0.2997752,2.14922
02,48,013,ThumbLeft,-0.5552322,-0.2339021,2.138353
02,48,013,HandTipRight,-0.2332014,-0.3162128,2.440653
02,48,013,ThumbRight,-0.2540733,-0.2803908,2.4475
02,48,045,SpineBase,-0.3742857,-0.1603259,2.344571
02,48,045,SpineMid,-0.3791951,0.157354,2.35024
02,48,045,Neck,-0.3832072,0.4654219,2.343729
02,48,045,Head,-0.348084,0.5915029,2.368763
02,48,045,ShoulderLeft,-0.465195,0.3317825,2.240531
02,48,045,ElbowLeft,-0.5098814,0.08227294,2.200227
02,48,045,WristLeft,-0.494765,-0.1506871,2.15128
02,48,045,HandLeft,-0.4815305,-0.2333505,2.144297
02,48,045,ShoulderRight,-0.3192081,0.3156216,2.442508
02,48,045,ElbowRight,-0.2708225,0.06482134,2.479454
02,48,045,WristRight,-0.1956929,-0.1786869,2.454788
02,48,045,HandRight,-0.1714015,-0.2488412,2.41844
02,48,045,HipLeft,-0.4107084,-0.1582063,2.266584
02,48,045,KneeLeft,-0.2984747,-0.4839252,2.15311
02,48,046,AnkleLeft,-0.2498649,-0.864116,2.147648
02,48,046,FootLeft,-0.1734619,-0.9238281,2.068359
02,48,046,HipRight,-0.3265814,-0.1575926,2.351534
02,48,046,KneeRight,-0.4809719,-0.4605797,2.378772
02,48,046,AnkleRight,-0.5172886,-0.8260664,2.418954
02,48,046,FootRight,-0.4290334,-0.8626145,2.330316
02,48,046,SpineShoulder,-0.382802,0.3897804,2.34771
02,48,046,HandTipLeft,-0.4858057,-0.3023626,2.124342
02,48,046,ThumbLeft,-0.5072555,-0.2336262,2.11225
02,48,046,HandTipRight,-0.1674482,-0.3112135,2.391703
02,48,046,ThumbRight,-0.1938397,-0.2503043,2.416167
02,48,081,SpineBase,-0.3319676,-0.1691315,2.310516
02,48,081,SpineMid,-0.3352396,0.1471238,2.319885
02,48,081,Neck,-0.3366171,0.4534946,2.316526
02,48,081,Head,-0.2991467,0.576807,2.346108
02,48,081,ShoulderLeft,-0.4203831,0.3191612,2.213384
02,48,081,ElbowLeft,-0.465851,0.08300801,2.174964
02,48,081,WristLeft,-0.4434626,-0.1512758,2.126252
02,48,081,HandLeft,-0.4350163,-0.2293967,2.123786
02,48,081,ShoulderRight,-0.2727145,0.3036537,2.415257
02,48,081,ElbowRight,-0.2237236,0.05464467,2.458943
02,48,081,WristRight,-0.1609543,-0.1392636,2.439209
02,48,081,HandRight,-0.1273288,-0.2139203,2.406516
02,48,081,HipLeft,-0.3694026,-0.166094,2.231887
02,48,081,KneeLeft,-0.2878214,-0.4889172,2.147728
02,48,081,AnkleLeft,-0.1404892,-0.8275996,2.084273
02,48,081,FootLeft,-0.05217206,-0.8939463,2.004829
02,48,081,HipRight,-0.2843677,-0.1669626,2.317976
02,48,081,KneeRight,-0.4420825,-0.4699689,2.338356
02,48,081,AnkleRight,-0.520216,-0.8211452,2.414301
02,48,081,FootRight,-0.4322295,-0.8577277,2.325187
02,48,081,SpineShoulder,-0.3366025,0.378252,2.319598
02,48,081,HandTipLeft,-0.4406658,-0.2985815,2.096859
02,48,081,ThumbLeft,-0.4660492,-0.2350529,2.092545
02,48,081,HandTipRight,-0.09621671,-0.275323,2.369151
02,48,081,ThumbRight,-0.1175609,-0.2712811,2.365
02,48,112,SpineBase,-0.2847399,-0.1764611,2.279114
02,48,112,SpineMid,-0.2912109,0.139847,2.292571
02,48,112,Neck,-0.2985531,0.4466042,2.294732
02,48,112,Head,-0.2571951,0.5684206,2.322556
02,48,113,ShoulderLeft,-0.3782888,0.3045312,2.186224
02,48,113,ElbowLeft,-0.4183223,0.05987428,2.152648
02,48,113,WristLeft,-0.402571,-0.1559932,2.097022
02,48,113,HandLeft,-0.3950315,-0.2406714,2.096319
02,48,113,ShoulderRight,-0.234735,0.2967243,2.393428
02,48,113,ElbowRight,-0.1781803,0.04830412,2.432928
02,48,113,WristRight,-0.114627,-0.1358249,2.419704
02,48,113,HandRight,-0.0867687,-0.1879606,2.399575
02,48,113,HipLeft,-0.3216456,-0.1726717,2.200065
02,48,113,KneeLeft,-0.3364999,-0.4429336,2.211428
02,48,113,AnkleLeft,-0.1315949,-0.7307481,2.077991
02,48,113,FootLeft,-0.04701372,-0.7663218,1.99023
02,48,113,HipRight,-0.2389862,-0.1747318,2.286844
02,48,113,KneeRight,-0.422169,-0.4558224,2.333872
02,48,113,AnkleRight,-0.5094772,-0.8058414,2.406121
02,48,113,FootRight,-0.420074,-0.8421107,2.318782
02,48,113,SpineShoulder,-0.2968535,0.3712391,2.296356
02,48,113,HandTipLeft,-0.399928,-0.3118311,2.071831
02,48,113,ThumbLeft,-0.4239946,-0.2497333,2.059368
02,48,113,HandTipRight,-0.05680283,-0.2583584,2.344762
02,48,113,ThumbRight,-0.09228192,-0.2104597,2.39175
02,48,147,SpineBase,-0.233912,-0.1829153,2.245095
02,48,147,SpineMid,-0.245017,0.1322523,2.261989
02,48,147,Neck,-0.2544496,0.4372726,2.266004
02,48,147,Head,-0.2175847,0.5566536,2.293643
02,48,147,ShoulderLeft,-0.3331698,0.2933995,2.157099
02,48,147,ElbowLeft,-0.3773318,0.03697333,2.120599
02,48,147,WristLeft,-0.355249,-0.1837963,2.065826
02,48,147,HandLeft,-0.350359,-0.266215,2.063667
02,48,147,ShoulderRight,-0.1907307,0.2873442,2.364661
02,48,147,ElbowRight,-0.1322091,0.03944994,2.4042
02,48,147,WristRight,-0.06354433,-0.1423738,2.392373
02,48,147,HandRight,-0.03138872,-0.1982531,2.371624
02,48,147,HipLeft,-0.2718028,-0.180069,2.166985
02,48,147,KneeLeft,-0.3098223,-0.4416873,2.211508
02,48,147,AnkleLeft,-0.09504977,-0.7135649,2.059903
02,48,147,FootLeft,-0.01068699,-0.7490002,1.972342
02,48,147,HipRight,-0.1886389,-0.1799442,2.251743
02,48,147,KneeRight,-0.375568,-0.4571753,2.304392
02,48,147,AnkleRight,-0.4991795,-0.7918648,2.391149
02,48,147,FootRight,-0.409516,-0.8279549,2.304038
02,48,147,SpineShoulder,-0.2523711,0.36239,2.267244
02,48,147,HandTipLeft,-0.3542587,-0.3362165,2.047238
02,48,147,ThumbLeft,-0.3726141,-0.2404759,2.005167
02,48,147,HandTipRight,0.002409812,-0.2681855,2.319091
02,48,147,ThumbRight,-0.01629896,-0.2592333,2.352667
02,48,178,SpineBase,-0.1783345,-0.1946996,2.216661
02,48,178,SpineMid,-0.1948172,0.120733,2.232266
02,48,178,Neck,-0.2097082,0.4259305,2.234883
02,48,178,Head,-0.1759217,0.5477707,2.267892
02,48,178,ShoulderLeft,-0.2912656,0.2860109,2.127941
02,48,178,ElbowLeft,-0.3253515,0.02787838,2.090971
02,48,178,WristLeft,-0.3074223,-0.1870461,2.032691
02,48,178,HandLeft,-0.3052064,-0.2700538,2.028132
02,48,178,ShoulderRight,-0.1460933,0.275954,2.333497
02,48,178,ElbowRight,-0.08466288,0.02918541,2.374475
02,48,178,WristRight,-0.01571811,-0.1534828,2.368935
02,48,178,HandRight,0.01545138,-0.2044367,2.346806
02,48,178,HipLeft,-0.2175065,-0.1937188,2.140487
02,48,178,KneeLeft,-0.2807612,-0.5034528,2.242827
02,48,178,AnkleLeft,-0.07097524,-0.7779086,2.089765
02,48,178,FootLeft,0.01245033,-0.8123646,2.001483
02,48,178,HipRight,-0.1334659,-0.1894013,2.221259
02,48,178,KneeRight,-0.07921545,-0.5117738,2.056165
02,48,178,AnkleRight,-0.3325799,-0.6653059,2.266506
02,48,178,FootRight,-0.2453728,-0.7022141,2.177752
02,48,178,SpineShoulder,-0.2062427,0.3510153,2.236481
02,48,178,HandTipLeft,-0.3083654,-0.3413916,2.013557
02,48,178,ThumbLeft,-0.3249657,-0.2205244,1.972778
02,48,179,HandTipRight,0.04960738,-0.2775469,2.305081
02,48,179,ThumbRight,-0.009888755,-0.1932708,2.357
02,48,212,SpineBase,-0.1327245,-0.1953716,2.166672
02,48,212,SpineMid,-0.1516099,0.1196217,2.192686
02,48,212,Neck,-0.1695813,0.4241098,2.206025
02,48,212,Head,-0.131797,0.5444853,2.236129
02,48,212,ShoulderLeft,-0.2437044,0.2778756,2.096834
02,48,212,ElbowLeft,-0.2770107,0.01944666,2.060951
02,48,212,WristLeft,-0.2541381,-0.1865902,2.003467
02,48,212,HandLeft,-0.2537474,-0.264825,2.000699
02,48,212,ShoulderRight,-0.1060666,0.2740656,2.30462
02,48,212,ElbowRight,-0.04019177,0.02809527,2.344112
02,48,213,WristRight,0.05388005,-0.2043003,2.333734
02,48,213,HandRight,0.09727966,-0.272042,2.297459
02,48,213,HipLeft,-0.1707578,-0.1960492,2.095265
02,48,213,KneeLeft,-0.2323238,-0.5064358,2.19727
02,48,213,AnkleLeft,-0.002963418,-0.7427301,2.009882
02,48,213,FootLeft,0.08106257,-0.77682,1.923737
02,48,213,HipRight,-0.09035631,-0.188242,2.166422
02,48,213,KneeRight,-0.04198877,-0.5161656,2.013777
02,48,213,AnkleRight,-0.2859741,-0.6925544,2.217665
02,48,213,FootRight,-0.1977035,-0.7284283,2.13119
02,48,213,SpineShoulder,-0.1649218,0.3493778,2.204662
02,48,213,HandTipLeft,-0.2573442,-0.3351848,1.973128
02,48,213,ThumbLeft,-0.278103,-0.2279652,1.950529
02,48,213,HandTipRight,0.1211639,-0.330583,2.282291
02,48,213,ThumbRight,0.09455755,-0.3047875,2.3055
02,48,246,SpineBase,-0.07565714,-0.2000161,2.138543
02,48,246,SpineMid,-0.1014303,0.1187691,2.164038
02,48,246,Neck,-0.1258063,0.426751,2.17638
02,48,246,Head,-0.087028,0.5475252,2.207124
02,48,246,ShoulderLeft,-0.196855,0.2800049,2.063721
02,48,246,ElbowLeft,-0.227197,0.02097046,2.02831
02,48,246,WristLeft,-0.2120848,-0.2262896,1.958542
02,48,246,HandLeft,-0.2143251,-0.3112408,1.958112
02,48,246,ShoulderRight,-0.06240909,0.2766241,2.274964
02,48,246,ElbowRight,0.004121161,0.0289437,2.305953
02,48,246,WristRight,0.07704597,-0.203693,2.322566
02,48,246,HandRight,0.1312841,-0.2759901,2.28213
02,48,246,HipLeft,-0.1128956,-0.1996244,2.067225
02,48,246,KneeLeft,-0.13098,-0.5129921,2.175437
02,48,246,AnkleLeft,0.05174297,-0.7670109,1.961357
02,48,246,FootLeft,0.1358913,-0.8003048,1.876962
02,48,246,HipRight,-0.03593577,-0.1937087,2.138145
02,48,246,KneeRight,0.008488493,-0.4810406,1.977139
02,48,247,AnkleRight,-0.229186,-0.6590601,2.187162
02,48,247,FootRight,-0.1406663,-0.6950606,2.102006
02,48,247,SpineShoulder,-0.1199203,0.3511996,2.175551
02,48,247,HandTipLeft,-0.2127316,-0.379209,1.954489
02,48,247,ThumbLeft,-0.2400834,-0.3017071,1.9155
02,48,247,HandTipRight,0.1578706,-0.3371281,2.273672
02,48,247,ThumbRight,0.1415442,-0.342997,2.29225
02,48,280,SpineBase,-0.03028166,-0.1946318,2.100485
02,48,280,SpineMid,-0.05674257,0.1257159,2.13135
02,48,280,Neck,-0.08201789,0.4349206,2.149019
02,48,280,Head,-0.04064589,0.555779,2.181462
02,48,281,ShoulderLeft,-0.1461947,0.2906355,2.035451
02,48,281,ElbowLeft,-0.1964312,0.07193782,1.996865
02,48,281,WristLeft,-0.1721726,-0.1798276,1.932173
02,48,281,HandLeft,-0.1682857,-0.2691581,1.927556
02,48,281,ShoulderRight,-0.01874671,0.2847001,2.247606
02,48,281,ElbowRight,0.04866551,0.03619238,2.27324
02,48,281,WristRight,0.126778,-0.2075718,2.290321
02,48,281,HandRight,0.1670758,-0.289912,2.267568
02,48,281,HipLeft,-0.06565715,-0.193061,2.032061
02,48,281,KneeLeft,-0.09592199,-0.4971863,2.15632
02,48,281,AnkleLeft,0.06762356,-0.7614183,1.939047
02,48,281,FootLeft,0.1170607,-0.8624907,1.887252
02,48,281,HipRight,0.006079619,-0.1895602,2.097154
02,48,281,KneeRight,0.02147937,-0.4802349,1.966431
02,48,281,AnkleRight,-0.2007852,-0.6672117,2.184575
02,48,281,FootRight,-0.1112542,-0.7029682,2.10177
02,48,281,SpineShoulder,-0.0758675,0.3590999,2.146854
02,48,281,HandTipLeft,-0.1693912,-0.3343654,1.907823
02,48,281,ThumbLeft,-0.1840408,-0.2274146,1.877739
02,48,281,HandTipRight,0.1824355,-0.3470461,2.264293
02,48,281,ThumbRight,0.1545101,-0.3191601,2.283445
02,48,315,SpineBase,0.01835412,-0.1802057,2.073796
02,48,315,SpineMid,-0.01069985,0.1398899,2.105262
02,48,315,Neck,-0.03873162,0.4485968,2.123559
02,48,315,Head,-0.005389576,0.5737295,2.160761
02,48,315,ShoulderLeft,-0.1029546,0.29677,2.005203
02,48,315,ElbowLeft,-0.147643,0.08090536,1.970561
02,48,315,WristLeft,-0.1222722,-0.1376566,1.909893
02,48,315,HandLeft,-0.1151835,-0.2183341,1.902971
02,48,315,ShoulderRight,0.02440804,0.2982719,2.222163
02,48,315,ElbowRight,0.09148706,0.04959087,2.247825
02,48,315,WristRight,0.1522453,-0.1987154,2.268222
02,48,315,HandRight,0.1928961,-0.2880576,2.248718
02,48,315,HipLeft,-0.01713828,-0.179783,2.003586
02,48,315,KneeLeft,-0.02457626,-0.4848562,2.129436
02,48,315,AnkleLeft,0.07948921,-0.7829632,1.920149
02,48,315,FootLeft,0.1286673,-0.8850139,1.880603
02,48,315,HipRight,0.0531593,-0.1743983,2.072212
02,48,315,KneeRight,0.05008953,-0.4756409,1.933642
02,48,315,AnkleRight,-0.1596717,-0.6738479,2.1541
02,48,315,FootRight,-0.07045548,-0.7092844,2.071743
02,48,315,SpineShoulder,-0.03185889,0.3729318,2.121228
02,48,315,HandTipLeft,-0.1246206,-0.2882181,1.875136
02,48,315,ThumbLeft,-0.1217919,-0.2152025,1.825
02,48,315,HandTipRight,0.2023636,-0.3457553,2.252832
02,48,315,ThumbRight,0.1827097,-0.3348773,2.272833
02,48,346,SpineBase,0.06452145,-0.1796582,2.051306
02,48,346,SpineMid,0.03389664,0.1479738,2.080223
02,48,346,Neck,0.003641034,0.4637936,2.096106
02,48,346,Head,0.04407135,0.5872487,2.131331
02,48,346,ShoulderLeft,-0.05873399,0.3124122,1.979781
02,48,346,ElbowLeft,-0.1039867,0.090561,1.944234
02,48,346,WristLeft,-0.08528069,-0.1609642,1.875607
02,48,346,HandLeft,-0.07797416,-0.2837939,1.857513
02,48,346,ShoulderRight,0.06664937,0.3133554,2.194738
02,48,346,ElbowRight,0.133396,0.06448313,2.220441
02,48,346,WristRight,0.1908501,-0.1849924,2.238401
02,48,346,HandRight,0.2092829,-0.2506284,2.231759
02,48,346,HipLeft,0.02790565,-0.1763821,1.986388
02,48,346,KneeLeft,-0.01246421,-0.4839542,2.103415
02,48,346,AnkleLeft,0.08544943,-0.8800924,1.953391
02,48,346,FootLeft,0.1500299,-0.9339012,1.877712
02,48,346,HipRight,0.09823208,-0.1767652,2.044581
02,48,346,KneeRight,0.0731777,-0.503493,1.913681
02,48,346,AnkleRight,-0.1184467,-0.7029595,2.147826
02,48,346,FootRight,-0.02975193,-0.7380072,2.065842
02,48,346,SpineShoulder,0.01111276,0.3864118,2.094368
02,48,346,HandTipLeft,-0.08076026,-0.3477266,1.854107
02,48,346,ThumbLeft,-0.1085011,-0.277427,1.8225
02,48,346,HandTipRight,0.2290374,-0.3121286,2.217315
02,48,346,ThumbRight,0.2000297,-0.2680542,2.2264
02,48,381,SpineBase,0.116075,-0.176392,2.048764
02,48,381,SpineMid,0.07929744,0.1578972,2.068788
02,48,382,Neck,0.04649914,0.4809141,2.074543
02,48,382,Head,0.08955,0.6040761,2.107793
02,48,382,ShoulderLeft,-0.01804861,0.324868,1.958013
02,48,382,ElbowLeft,-0.05959228,0.09419124,1.917895
02,48,382,WristLeft,-0.02881958,-0.12455,1.849398
02,48,382,HandLeft,-0.02413737,-0.2106107,1.838457
02,48,382,ShoulderRight,0.1093666,0.3303726,2.173208
02,48,382,ElbowRight,0.1757694,0.08131108,2.198963
02,48,382,WristRight,0.2329871,-0.1682825,2.21695
02,48,382,HandRight,0.2397977,-0.2359213,2.189824
02,48,382,HipLeft,0.08026079,-0.1724913,1.983827
02,48,382,KneeLeft,0.02114387,-0.4821836,2.091716
02,48,382,AnkleLeft,0.08898224,-0.8798435,1.951912
02,48,382,FootLeft,0.1482837,-0.9343498,1.878989
02,48,382,HipRight,0.1481217,-0.1740915,2.042004
02,48,382,KneeRight,0.0974377,-0.5053024,1.898069
02,48,382,AnkleRight,-0.1024571,-0.684975,2.141097
02,48,382,FootRight,-0.08312993,-0.7923334,2.148246
02,48,382,SpineShoulder,0.05440918,0.4016414,2.07552
02,48,382,HandTipLeft,-0.02787562,-0.2759644,1.804275
02,48,382,ThumbLeft,-0.04946391,-0.1883243,1.7986
02,48,382,HandTipRight,0.2539414,-0.2874517,2.17616
02,48,382,ThumbRight,0.2635618,-0.2856963,2.1895
02,48,413,SpineBase,0.1580724,-0.1713593,2.035339
02,48,413,SpineMid,0.1254953,0.1682513,2.048299
02,48,413,Neck,0.08995432,0.4951567,2.048924
02,48,413,Head,0.1357128,0.6179734,2.080536
02,48,413,ShoulderLeft,0.02428886,0.3402008,1.930815
02,48,413,ElbowLeft,-0.01428816,0.1016185,1.889582
02,48,413,WristLeft,0.01338492,-0.1236483,1.820102
02,48,413,HandLeft,0.02520549,-0.2094601,1.806829
02,48,413,ShoulderRight,0.1526779,0.3445103,2.147623
02,48,413,ElbowRight,0.2187263,0.09526949,2.173434
02,48,414,WristRight,0.2500963,-0.1460615,2.076492
02,48,414,HandRight,0.2575229,-0.2424572,2.025092
02,48,414,HipLeft,0.118454,-0.1670213,1.970728
02,48,414,KneeLeft,0.05317499,-0.479423,2.071321
02,48,414,AnkleLeft,0.08917307,-0.8804922,1.951549
02,48,414,FootLeft,0.1454488,-0.9346402,1.878258
02,48,414,HipRight,0.1919545,-0.1697427,2.02845
02,48,414,KneeRight,0.1047292,-0.4912837,1.876625
02,48,414,AnkleRight,-0.08770461,-0.6678244,2.127395
02,48,414,FootRight,-0.03858453,-0.7739301,2.098205
02,48,414,SpineShoulder,0.09887685,0.4151132,2.050963
02,48,414,HandTipLeft,0.0292711,-0.2724251,1.781671
02,48,414,ThumbLeft,-6.1769E-05,-0.2288497,1.765914
02,48,414,HandTipRight,0.2769849,-0.2932375,2.005227
02,48,414,ThumbRight,0.2798499,-0.2720463,1.996909
02,48,449,SpineBase,0.1830269,-0.1737442,2.020396
02,48,449,SpineMid,0.1561386,0.1708042,2.031193
02,48,449,Neck,0.1330334,0.5043884,2.026731
02,48,449,Head,0.1836597,0.6254338,2.054974
02,48,449,ShoulderLeft,0.06788252,0.3512923,1.90738
02,48,449,ElbowLeft,0.03032617,0.1087388,1.861249
02,48,449,WristLeft,0.06383789,-0.1408309,1.789995
02,48,450,HandLeft,0.0912521,-0.2256839,1.792512
02,48,450,ShoulderRight,0.1956089,0.3536606,2.125452
02,48,450,ElbowRight,0.2613,0.1042877,2.151311
02,48,450,WristRight,0.2976369,-0.1324231,2.044198
02,48,450,HandRight,0.3079388,-0.2196906,1.99399
02,48,450,HipLeft,0.147365,-0.1689083,1.957801
02,48,450,KneeLeft,0.1336021,-0.5176964,1.884674
02,48,450,AnkleLeft,0.09564242,-0.8816224,1.953105
02,48,450,FootLeft,0.1442333,-0.9348058,1.877128
02,48,450,HipRight,0.2129112,-0.1724647,2.01137
02,48,450,KneeRight,0.3077264,-0.4990563,1.990231
02,48,450,AnkleRight,0.2048333,-0.8532585,2.026741
02,48,450,FootRight,0.2207031,-0.9365234,2.023438
02,48,450,SpineShoulder,0.1385487,0.4225002,2.030172
02,48,450,HandTipLeft,0.09172564,-0.2995119,1.781423
02,48,450,ThumbLeft,0.02943066,-0.2242358,1.832583
02,48,450,HandTipRight,0.3315535,-0.2757751,1.971521
02,48,450,ThumbRight,0.335702,-0.2570415,1.962818
02,48,479,SpineBase,0.2376805,-0.1699318,1.987252
02,48,479,SpineMid,0.2072397,0.1743101,2.000228
02,48,479,Neck,0.1764813,0.5057264,1.999799
02,48,479,Head,0.2275103,0.6273023,2.027838
02,48,479,ShoulderLeft,0.09917051,0.3544595,1.886174
02,48,479,ElbowLeft,0.07737652,0.09536977,1.831065
02,48,479,WristLeft,0.1121144,-0.1537699,1.758952
02,48,479,HandLeft,0.1263821,-0.2268394,1.764587
02,48,479,ShoulderRight,0.2389044,0.3549269,2.09853
02,48,479,ElbowRight,0.3042249,0.1054695,2.124424
02,48,479,WristRight,0.3394968,-0.131584,2.017749
02,48,479,HandRight,0.3587418,-0.2089579,1.967087
02,48,479,HipLeft,0.1945705,-0.1663666,1.923281
02,48,479,KneeLeft,0.1413622,-0.5131647,1.868585
02,48,479,AnkleLeft,0.0997662,-0.8804719,1.952476
02,48,479,FootLeft,0.1478973,-0.9339703,1.880545
02,48,479,HipRight,0.2722093,-0.1674034,1.979927
02,48,479,KneeRight,0.3790585,-0.4680135,1.950015
02,48,479,AnkleRight,0.2846961,-0.8256816,1.981094
02,48,479,FootRight,0.3166504,-0.9204102,1.954102
02,48,479,SpineShoulder,0.1842633,0.4246051,2.002112
02,48,479,HandTipLeft,0.1395411,-0.2935199,1.750913
02,48,479,ThumbLeft,0.07076701,-0.2405928,1.796
02,48,479,HandTipRight,0.3852666,-0.2672793,1.940868
02,48,480,ThumbRight,0.3762329,-0.2159459,1.94787
02,48,514,SpineBase,0.2763773,-0.171226,1.974468
02,48,514,SpineMid,0.2482025,0.173124,1.983094
02,48,514,Neck,0.2196594,0.504629,1.977804
02,48,514,Head,0.2772601,0.6217974,1.99731
02,48,514,ShoulderLeft,0.1435838,0.3515668,1.862357
02,48,514,ElbowLeft,0.1204074,0.09279127,1.805461
02,48,514,WristLeft,0.1674066,-0.1562518,1.74187
02,48,514,HandLeft,0.1616211,-0.2284678,1.738631
02,48,514,ShoulderRight,0.2819244,0.3537793,2.07654
02,48,514,ElbowRight,0.3468704,0.1042754,2.102466
02,48,514,WristRight,0.3827164,-0.1325168,1.995438
02,48,514,HandRight,0.4046943,-0.2064395,1.943991
02,48,514,HipLeft,0.2333289,-0.1675839,1.911516
02,48,514,KneeLeft,0.1572993,-0.4827848,1.84104
02,48,514,AnkleLeft,0.1083535,-0.8341982,1.936893
02,48,514,FootLeft,0.1468379,-0.932729,1.881132
02,48,514,HipRight,0.3094563,-0.1687053,1.966317
02,48,514,KneeRight,0.424414,-0.4459096,1.918611
02,48,514,AnkleRight,0.4113823,-0.8178188,1.911799
02,48,514,FootRight,0.4597168,-0.9169922,1.871094
02,48,514,SpineShoulder,0.226907,0.4234964,1.981386
02,48,514,HandTipLeft,0.1800521,-0.2882296,1.716715
02,48,514,ThumbLeft,0.1105409,-0.2473785,1.765245
02,48,514,HandTipRight,0.4352053,-0.2680842,1.921068
02,48,514,ThumbRight,0.4499744,-0.2645071,1.93125
02,48,545,SpineBase,0.3220302,-0.1780582,1.953497
02,48,545,SpineMid,0.2945198,0.1646456,1.959071
02,48,545,Neck,0.2649466,0.4947011,1.951656
02,48,545,Head,0.3223787,0.6133328,1.974078
02,48,545,ShoulderLeft,0.1755679,0.3448215,1.845619
02,48,545,ElbowLeft,0.150997,0.08587085,1.790372
02,48,545,WristLeft,0.1956535,-0.1538919,1.719502
02,48,545,HandLeft,0.1995375,-0.2306806,1.710345
02,48,545,ShoulderRight,0.3270389,0.3438166,2.050379
02,48,545,ElbowRight,0.3915797,0.09432256,2.076322
02,48,545,WristRight,0.4267789,-0.1425779,1.969466
02,48,545,HandRight,0.4254671,-0.216469,1.915164
02,48,545,HipLeft,0.2749477,-0.1737674,1.891093
02,48,545,KneeLeft,0.1716757,-0.4861929,1.834383
02,48,545,AnkleLeft,0.1114632,-0.8341433,1.935622
02,48,545,FootLeft,0.1464739,-0.9325542,1.880669
02,48,545,HipRight,0.3571042,-0.1758572,1.945274
02,48,545,KneeRight,0.4821735,-0.4876726,1.8907
02,48,545,AnkleRight,0.5258182,-0.8550132,1.863949
02,48,545,FootRight,0.580617,-0.9033391,1.805782
02,48,545,SpineShoulder,0.2725379,0.4139318,1.955719
02,48,545,HandTipLeft,0.2258556,-0.2913904,1.684936
02,48,545,ThumbLeft,0.153908,-0.2526959,1.742561
02,48,545,HandTipRight,0.416304,-0.2827937,1.884812
02,48,545,ThumbRight,0.4613006,-0.2096988,1.92625
02,48,578,SpineBase,0.350751,-0.1909108,1.930289
02,48,578,SpineMid,0.3271373,0.1525427,1.937855
02,48,578,Neck,0.3034611,0.4827944,1.931385
02,48,578,Head,0.3723029,0.5946984,1.950276
02,48,578,ShoulderLeft,0.2212112,0.3321308,1.823956
02,48,578,ElbowLeft,0.1971098,0.07877739,1.770302
02,48,578,WristLeft,0.2422969,-0.1553027,1.693851
02,48,578,HandLeft,0.2413722,-0.2349243,1.681557
02,48,578,ShoulderRight,0.3654,0.3318982,2.030088
02,48,578,ElbowRight,0.4295883,0.08245291,2.05604
02,48,578,WristRight,0.4645755,-0.1544044,1.949195
02,48,578,HandRight,0.4711311,-0.2111494,1.897579
02,48,578,HipLeft,0.3020496,-0.1866312,1.86661
02,48,578,KneeLeft,0.2033869,-0.5013196,1.818744
02,48,578,AnkleLeft,0.1169547,-0.8385638,1.934389
02,48,578,FootLeft,0.146639,-0.9323272,1.88053
02,48,578,HipRight,0.3868027,-0.1883297,1.923208
02,48,578,KneeRight,0.4992763,-0.4811438,1.874306
02,48,578,AnkleRight,0.624191,-0.8271552,1.813127
02,48,578,FootRight,0.6956608,-0.8605386,1.72726
02,48,578,SpineShoulder,0.3095597,0.4019838,1.93521
02,48,578,HandTipLeft,0.2691718,-0.2986082,1.656056
02,48,578,ThumbLeft,0.2042155,-0.2576356,1.723488
02,48,578,HandTipRight,0.4695811,-0.2390846,1.875687
02,48,578,ThumbRight,0.5018351,-0.2237454,1.905429
02,48,615,SpineBase,0.3945256,-0.2049206,1.902809
02,48,615,SpineMid,0.3723364,0.1374757,1.912412
02,48,615,Neck,0.3483338,0.4670439,1.908416
02,48,615,Head,0.4122931,0.5811799,1.923841
02,48,615,ShoulderLeft,0.2528372,0.3209241,1.809001
02,48,615,ElbowLeft,0.2275795,0.07131797,1.75657
02,48,615,WristLeft,0.2828181,-0.1607022,1.674358
02,48,615,HandLeft,0.2901499,-0.2398855,1.635348
02,48,615,ShoulderRight,0.410087,0.3161452,2.007096
02,48,615,ElbowRight,0.4738569,0.06677935,2.033061
02,48,615,WristRight,0.5085931,-0.170014,1.926229
02,48,615,HandRight,0.5205678,-0.2253676,1.872281
02,48,615,HipLeft,0.3443675,-0.2002854,1.836183
02,48,615,KneeLeft,0.2530994,-0.5061989,1.802489
02,48,615,AnkleLeft,0.1289566,-0.8285974,1.926357
02,48,615,FootLeft,0.1471118,-0.9316618,1.87987
02,48,615,HipRight,0.4293517,-0.201779,1.899662
02,48,615,KneeRight,0.5411167,-0.4796034,1.843398
02,48,615,AnkleRight,0.709028,-0.8060977,1.7798
02,48,615,FootRight,0.7756363,-0.8397257,1.689617
02,48,615,SpineShoulder,0.3546541,0.3863953,1.911631
02,48,615,HandTipLeft,0.3059742,-0.3028476,1.619536
02,48,616,ThumbLeft,0.3178737,-0.213795,1.664
02,48,616,HandTipRight,0.5176962,-0.2522179,1.84936
02,48,616,ThumbRight,0.5464433,-0.2453216,1.880778
02,48,646,SpineBase,0.4419307,-0.211676,1.879507
02,48,646,SpineMid,0.4154814,0.1268856,1.891628
02,48,646,Neck,0.3875095,0.4529224,1.889857
02,48,646,Head,0.4537103,0.5645928,1.900715
02,48,646,ShoulderLeft,0.2968389,0.3016145,1.789579
02,48,646,ElbowLeft,0.2755079,0.04944694,1.741728
02,48,646,WristLeft,0.3203369,-0.1844289,1.64674
02,48,646,HandLeft,0.3254086,-0.2621275,1.624795
02,48,646,ShoulderRight,0.4490952,0.3020309,1.988517
02,48,646,ElbowRight,0.5124958,0.05274617,2.014501
02,48,646,WristRight,0.5470113,-0.1839855,1.907684
02,48,646,HandRight,0.5713423,-0.2342641,1.848293
02,48,646,HipLeft,0.3898676,-0.2063603,1.811164
02,48,646,KneeLeft,0.2680134,-0.5093011,1.779205
02,48,647,AnkleLeft,0.1369255,-0.822027,1.91822
02,48,647,FootLeft,0.1466597,-0.9302406,1.878739
02,48,647,HipRight,0.477523,-0.2091442,1.878128
02,48,647,KneeRight,0.5991495,-0.4978743,1.817454
02,48,647,AnkleRight,0.7614695,-0.7977299,1.750436
02,48,647,FootRight,0.8281531,-0.8311522,1.661745
02,48,647,SpineShoulder,0.3948097,0.3731302,1.892545
02,48,647,HandTipLeft,0.3498294,-0.3245355,1.602025
02,48,647,ThumbLeft,0.2872454,-0.2611621,1.686767
02,48,647,HandTipRight,0.5697576,-0.2625856,1.824462
02,48,647,ThumbRight,0.5911621,-0.2574944,1.839111
02,48,681,SpineBase,0.4921385,-0.2323026,1.859346
02,48,682,SpineMid,0.4659208,0.1081844,1.871018
02,48,682,Neck,0.4372961,0.436038,1.86895
02,48,682,Head,0.4996113,0.5484017,1.875224
02,48,682,ShoulderLeft,0.3385181,0.2861848,1.772499
02,48,682,ElbowLeft,0.3128422,0.03343893,1.729119
02,48,682,WristLeft,0.3486534,-0.1680244,1.633644
02,48,682,HandLeft,0.357365,-0.2539822,1.621944
02,48,682,ShoulderRight,0.498664,0.2851656,1.967593
02,48,682,ElbowRight,0.5615931,0.03599152,1.993612
02,48,682,WristRight,0.5958282,-0.2006594,1.886825
02,48,682,HandRight,0.6247095,-0.2242006,1.833351
02,48,682,HipLeft,0.4408641,-0.2261104,1.795371
02,48,682,KneeLeft,0.3188598,-0.5189926,1.747342
02,48,682,AnkleLeft,0.160438,-0.8101361,1.903391
02,48,682,FootLeft,0.1471131,-0.9219543,1.876228
02,48,682,HipRight,0.5250424,-0.229859,1.854171
02,48,682,KneeRight,0.665225,-0.5006693,1.785604
02,48,682,AnkleRight,0.78834,-0.8018141,1.741044
02,48,682,FootRight,0.8525389,-0.8352532,1.649937
02,48,682,SpineShoulder,0.4448701,0.355796,1.871693
02,48,682,HandTipLeft,0.373552,-0.3097185,1.560584
02,48,682,ThumbLeft,0.3223843,-0.2813092,1.663255
02,48,682,HandTipRight,0.6255731,-0.2476952,1.812354
02,48,682,ThumbRight,0.6238412,-0.2138547,1.8214
02,48,713,SpineBase,0.5438333,-0.2434251,1.832437
02,48,713,SpineMid,0.5139594,0.09506715,1.846718
02,48,713,Neck,0.4814297,0.4210308,1.8472
02,48,713,Head,0.5417328,0.5354785,1.852044
02,48,713,ShoulderLeft,0.3792757,0.2700262,1.751733
02,48,713,ElbowLeft,0.3600502,0.02543088,1.703324
02,48,713,WristLeft,0.3784753,-0.164191,1.619599
02,48,713,HandLeft,0.3913117,-0.2507072,1.582769
02,48,713,ShoulderRight,0.5425984,0.2701714,1.945835
02,48,713,ElbowRight,0.6050996,0.02109106,1.971902
02,48,713,WristRight,0.63908,-0.2154898,1.865147
02,48,713,HandRight,0.6386833,-0.3006665,1.840445
02,48,713,HipLeft,0.4903696,-0.2374862,1.770744
02,48,713,KneeLeft,0.3700292,-0.5256068,1.720623
02,48,713,AnkleLeft,0.1857343,-0.7972029,1.884354
02,48,713,FootLeft,0.1547945,-0.9053233,1.869535
02,48,714,HipRight,0.5768931,-0.2402663,1.82561
02,48,714,KneeRight,0.7094091,-0.4835289,1.75201
02,48,714,AnkleRight,0.8192244,-0.7640795,1.71595
02,48,714,FootRight,0.8820319,-0.797763,1.623867
02,48,714,SpineShoulder,0.4900233,0.3412473,1.84931
02,48,714,HandTipLeft,0.3978395,-0.3059555,1.541299
02,48,714,ThumbLeft,0.3680137,-0.2345955,1.621429
02,48,714,HandTipRight,0.6395078,-0.3237804,1.819509
02,48,714,ThumbRight,0.6377309,-0.2894465,1.828648
02,48,747,SpineBase,0.6002022,-0.2381601,1.812172
02,48,747,SpineMid,0.5642781,0.096402,1.827094
02,48,747,Neck,0.5225683,0.4187264,1.829547
02,48,747,Head,0.5869775,0.5313581,1.832909
02,48,747,ShoulderLeft,0.4105707,0.272969,1.737409
02,48,747,ElbowLeft,0.3877016,0.02003503,1.690236
02,48,747,WristLeft,0.4179813,-0.2223449,1.595223
02,48,747,HandLeft,0.4272835,-0.3043256,1.561135
02,48,747,ShoulderRight,0.583557,0.2678535,1.928211
02,48,747,ElbowRight,0.645671,0.01877476,1.954365
02,48,747,WristRight,0.6794211,-0.2177979,1.847662
02,48,747,HandRight,0.6790262,-0.3029756,1.822956
02,48,747,HipLeft,0.5471407,-0.2329321,1.750398
02,48,747,KneeLeft,0.4484808,-0.5191353,1.697713
02,48,748,AnkleLeft,0.2301932,-0.7668441,1.860643
02,48,748,FootLeft,0.3009911,-0.7999845,1.763011
02,48,748,HipRight,0.6307209,-0.2344749,1.80608
02,48,748,KneeRight,0.7604928,-0.4725562,1.727119
02,48,748,AnkleRight,0.863283,-0.8250363,1.691796
02,48,748,FootRight,0.9234244,-0.8574795,1.597735
02,48,748,SpineShoulder,0.5336835,0.3397831,1.831054
02,48,748,HandTipLeft,0.4428432,-0.3667666,1.542553
02,48,748,ThumbLeft,0.4586,-0.2818724,1.576889
02,48,748,HandTipRight,0.6796401,-0.3260759,1.802096
02,48,748,ThumbRight,0.6775875,-0.2917241,1.811339
02,48,780,SpineBase,0.6408122,-0.2305884,1.793097
02,48,780,SpineMid,0.6009884,0.1012956,1.808134
02,48,780,Neck,0.5606099,0.4211803,1.808217
02,48,780,Head,0.6299899,0.5334258,1.805365
02,48,780,ShoulderLeft,0.4544119,0.2738675,1.718046
02,48,780,ElbowLeft,0.4296575,0.01406207,1.669201
02,48,780,WristLeft,0.4497583,-0.232993,1.585272
02,48,780,HandLeft,0.4422487,-0.2886206,1.564663
02,48,781,ShoulderRight,0.6214318,0.2702685,1.906931
02,48,781,ElbowRight,0.6831805,0.02113931,1.933193
02,48,781,WristRight,0.7167124,-0.2154562,1.82655
02,48,781,HandRight,0.7143411,-0.3579873,1.745769
02,48,781,HipLeft,0.5881217,-0.2246952,1.728077
02,48,781,KneeLeft,0.5106623,-0.5141703,1.674812
02,48,781,AnkleLeft,0.2771235,-0.7430722,1.845366
02,48,781,FootLeft,0.2398374,-0.8514298,1.823969
02,48,781,HipRight,0.6695194,-0.2277667,1.790538
02,48,781,KneeRight,0.7864617,-0.4634092,1.715714
02,48,781,AnkleRight,0.8659238,-0.8252951,1.690247
02,48,781,FootRight,0.9267442,-0.8577395,1.597053
02,48,781,SpineShoulder,0.571054,0.3428987,1.81052
02,48,781,HandTipLeft,0.4356573,-0.3468405,1.543329
02,48,781,ThumbLeft,0.4717474,-0.2765217,1.555312
02,48,781,HandTipRight,0.7102792,-0.3599589,1.736979
02,48,781,ThumbRight,0.71227,-0.3459775,1.73454
02,48,812,SpineBase,0.6680834,-0.2203893,1.783158
02,48,812,SpineMid,0.6320765,0.1115266,1.794418
02,48,812,Neck,0.5914885,0.4304031,1.792496
02,48,812,Head,0.6691577,0.5407432,1.783133
02,48,812,ShoulderLeft,0.4763544,0.2813618,1.70994
02,48,812,ElbowLeft,0.4407589,0.02193241,1.666381
02,48,812,WristLeft,0.4737512,-0.2135409,1.591467
02,48,812,HandLeft,0.4742518,-0.2960328,1.566657
02,48,812,ShoulderRight,0.6521817,0.2794433,1.891273
02,48,812,ElbowRight,0.7136445,0.03021747,1.91765
02,48,812,WristRight,0.747005,-0.2064338,1.811068
02,48,812,HandRight,0.7453466,-0.3500147,1.731844
02,48,812,HipLeft,0.6099616,-0.2137037,1.719744
02,48,812,KneeLeft,0.5577682,-0.5241919,1.656767
02,48,813,AnkleLeft,0.3372278,-0.7445353,1.824062
02,48,813,FootLeft,0.3035114,-0.8542078,1.799457
02,48,813,HipRight,0.7016232,-0.2190381,1.779368
02,48,813,KneeRight,0.8000121,-0.4617598,1.71115
02,48,813,AnkleRight,0.8688931,-0.8245956,1.687153
02,48,813,FootRight,0.9264559,-0.8572468,1.590568
02,48,813,SpineShoulder,0.6023213,0.3524334,1.795123
02,48,813,HandTipLeft,0.4831297,-0.3608706,1.554085
02,48,813,ThumbLeft,0.5095045,-0.2775353,1.574695
02,48,813,HandTipRight,0.7464325,-0.3522773,1.721884
02,48,813,ThumbRight,0.7428886,-0.3380965,1.720759
02,48,849,SpineBase,0.6921786,-0.1997485,1.766348
02,48,849,SpineMid,0.6586834,0.1287471,1.777209
02,48,849,Neck,0.6228014,0.4452071,1.774044
02,48,849,Head,0.6915528,0.549787,1.764001
02,48,849,ShoulderLeft,0.4985667,0.2916282,1.70093
02,48,849,ElbowLeft,0.4605481,0.031914,1.662041
02,48,849,WristLeft,0.4833362,-0.2129705,1.591219
02,48,849,HandLeft,0.4942398,-0.286709,1.573377
02,48,849,ShoulderRight,0.6833677,0.2941764,1.872907
02,48,849,ElbowRight,0.7445419,0.04479895,1.899428
02,48,849,WristRight,0.7884753,-0.1827566,1.776945
02,48,849,HandRight,0.8019359,-0.2433383,1.731391
02,48,849,HipLeft,0.6313959,-0.1910988,1.698426
02,48,849,KneeLeft,0.6005025,-0.5227848,1.639734
02,48,849,AnkleLeft,0.3949282,-0.7749409,1.812958
02,48,849,FootLeft,0.3657286,-0.8854956,1.78046
02,48,849,HipRight,0.726987,-0.2005473,1.767082
02,48,849,KneeRight,0.8148853,-0.4619206,1.704947
02,48,849,AnkleRight,0.8714118,-0.8238599,1.68563
02,48,849,FootRight,0.925104,-0.8567112,1.585336
02,48,849,SpineShoulder,0.6322547,0.3677824,1.777066
02,48,849,HandTipLeft,0.499461,-0.3459067,1.562197
02,48,849,ThumbLeft,0.5270208,-0.2655339,1.571
02,48,849,HandTipRight,0.7784274,-0.3262366,1.689038
02,48,849,ThumbRight,0.8325046,-0.2504708,1.728917
02,48,879,SpineBase,0.7224428,-0.1850043,1.765845
02,48,879,SpineMid,0.6856042,0.1422628,1.770171
02,48,879,Neck,0.6458512,0.4573947,1.761481
02,48,879,Head,0.7195864,0.563449,1.749506
02,48,879,ShoulderLeft,0.5236448,0.3076301,1.690994
02,48,879,ElbowLeft,0.4783156,0.04845612,1.656251
02,48,879,WristLeft,0.5014156,-0.2039138,1.594068
02,48,879,HandLeft,0.5158885,-0.2726705,1.579615
02,48,879,ShoulderRight,0.7063273,0.3063126,1.860412
02,48,879,ElbowRight,0.7672943,0.05681672,1.887046
02,48,880,WristRight,0.8170491,-0.1689404,1.76354
02,48,880,HandRight,0.8240439,-0.2500855,1.721447
02,48,880,HipLeft,0.6589866,-0.1790925,1.698549
02,48,880,KneeLeft,0.6850455,-0.4758235,1.624665
02,48,880,AnkleLeft,0.4901344,-0.756395,1.767383
02,48,880,FootLeft,0.4829316,-0.8685664,1.747402
02,48,880,HipRight,0.7585695,-0.1838522,1.76666
02,48,880,KneeRight,0.8238933,-0.4658353,1.697147
02,48,880,AnkleRight,0.8731627,-0.8260584,1.684716
02,48,880,FootRight,0.9267774,-0.8590209,1.584491
02,48,880,SpineShoulder,0.6563714,0.380316,1.765796
02,48,880,HandTipLeft,0.5144944,-0.3305205,1.572229
02,48,880,ThumbLeft,0.5437601,-0.2526421,1.570912
02,48,880,HandTipRight,0.8343064,-0.3060944,1.679248
02,48,880,ThumbRight,0.8538774,-0.2437648,1.741545
02,48,916,SpineBase,0.7612227,-0.1679759,1.775284
02,48,916,SpineMid,0.7157027,0.1569376,1.766575
02,48,916,Neck,0.670741,0.4714159,1.746224
02,48,916,Head,0.7386652,0.576112,1.732692
02,48,916,ShoulderLeft,0.5446591,0.3229041,1.681576
02,48,916,ElbowLeft,0.5042024,0.0624855,1.652259
02,48,916,WristLeft,0.5307155,-0.1561947,1.605018
02,48,916,HandLeft,0.5393741,-0.2435973,1.59045
02,48,916,ShoulderRight,0.73112,0.3202725,1.845235
02,48,916,ElbowRight,0.7918608,0.07063906,1.872002
02,48,916,WristRight,0.886003,-0.1637094,1.815873
02,48,916,HandRight,0.905839,-0.2195919,1.799287
02,48,916,HipLeft,0.6996732,-0.1662665,1.70607
02,48,917,KneeLeft,0.6857458,-0.4810011,1.621589
02,48,917,AnkleLeft,0.5502799,-0.79975,1.749653
02,48,917,FootLeft,0.5307617,-0.9052734,1.712891
02,48,917,HipRight,0.7949449,-0.1631871,1.778687
02,48,917,KneeRight,0.8433183,-0.4106485,1.675626
02,48,917,AnkleRight,0.8697562,-0.7810938,1.681692
02,48,917,FootRight,0.9211902,-0.8150384,1.579514
02,48,917,SpineShoulder,0.6822805,0.3943309,1.753578
02,48,917,HandTipLeft,0.5357506,-0.3065413,1.575743
02,48,917,ThumbLeft,0.5718157,-0.2350016,1.582333
02,48,917,HandTipRight,0.9266781,-0.2864254,1.777067
02,48,917,ThumbRight,0.9159502,-0.1886321,1.8185
02,48,945,SpineBase,0.7930809,-0.1567508,1.788778
02,48,945,SpineMid,0.7387624,0.1681246,1.766324
02,48,945,Neck,0.6859347,0.4824255,1.734423
02,48,945,Head,0.7575223,0.584291,1.7187
02,48,945,ShoulderLeft,0.565661,0.3362753,1.672605
02,48,946,ElbowLeft,0.5213739,0.07594898,1.651333
02,48,946,WristLeft,0.5370502,-0.153884,1.60428
02,48,946,HandLeft,0.5548695,-0.2379507,1.591998
02,48,946,ShoulderRight,0.7462559,0.3312312,1.833495
02,48,946,ElbowRight,0.8068557,0.08148673,1.860355
02,48,946,WristRight,0.9205188,-0.143244,1.80238
02,48,946,HandRight,0.9324044,-0.2171715,1.757064
02,48,946,HipLeft,0.7303653,-0.1591534,1.719494
02,48,946,KneeLeft,0.6948854,-0.4746793,1.609269
02,48,946,AnkleLeft,0.6292366,-0.8234835,1.709716
02,48,946,FootLeft,0.6850133,-0.8566663,1.606983
02,48,946,HipRight,0.826542,-0.1484679,1.792374
02,48,946,KneeRight,0.9052085,-0.3883394,1.716395
02,48,946,AnkleRight,0.880541,-0.7602491,1.688086
02,48,946,FootRight,0.7924733,-0.848049,1.679284
02,48,946,SpineShoulder,0.6992638,0.4052967,1.744602
02,48,946,HandTipLeft,0.5519743,-0.301779,1.583537
02,48,946,ThumbLeft,0.5834988,-0.2173386,1.581312
02,48,946,HandTipRight,0.9381459,-0.2804314,1.730407
02,48,946,ThumbRight,0.9684594,-0.2240178,1.755167
02,48,979,SpineBase,0.769814,-0.1480044,1.743474
02,48,979,SpineMid,0.7410293,0.175874,1.745844
02,48,979,Neck,0.7018193,0.4907253,1.721161
02,48,979,Head,0.7748884,0.5916972,1.704389
02,48,979,ShoulderLeft,0.5802744,0.3450448,1.663737
02,48,979,ElbowLeft,0.5394329,0.08454408,1.648655
02,48,979,WristLeft,0.5597383,-0.1554576,1.597999
02,48,980,HandLeft,0.5733016,-0.2269323,1.589566
02,48,980,ShoulderRight,0.762076,0.3394854,1.820289
02,48,980,ElbowRight,0.8225221,0.08964952,1.847242
02,48,980,WristRight,0.9356623,-0.1170694,1.786586
02,48,980,HandRight,0.937923,-0.1452159,1.756953
02,48,980,HipLeft,0.7067322,-0.1447751,1.672011
02,48,980,KneeLeft,0.7111577,-0.4727716,1.60496
02,48,980,AnkleLeft,0.7028984,-0.8391235,1.654795
02,48,980,FootLeft,0.7578061,-0.8850188,1.646853
02,48,980,HipRight,0.8043329,-0.1457308,1.750255
02,48,980,KneeRight,0.830496,-0.3910795,1.615911
02,48,980,AnkleRight,0.8698686,-0.7533753,1.675352
02,48,980,FootRight,0.7972794,-0.8521165,1.656074
02,48,980,SpineShoulder,0.7117293,0.4133953,1.729951
02,48,980,HandTipLeft,0.5703303,-0.2886294,1.586592
02,48,980,ThumbLeft,0.596325,-0.2404684,1.557773
02,48,980,HandTipRight,0.9458454,-0.2051854,1.697698
02,48,980,ThumbRight,0.9554585,-0.1514567,1.748
02,49,013,SpineBase,0.7738752,-0.1486342,1.741181
02,49,013,SpineMid,0.7486474,0.1778381,1.737314
02,49,013,Neck,0.7154537,0.4944062,1.713353
02,49,013,Head,0.7874825,0.5943426,1.693743
02,49,013,ShoulderLeft,0.5928184,0.3500382,1.656271
02,49,013,ElbowLeft,0.5498422,0.09258732,1.645531
02,49,013,WristLeft,0.5744556,-0.1366485,1.598329
02,49,013,HandLeft,0.5932366,-0.2201211,1.590782
02,49,013,ShoulderRight,0.7756546,0.3431485,1.812516
02,49,013,ElbowRight,0.8359734,0.09327737,1.839531
02,49,013,WristRight,0.9485,-0.120141,1.742574
02,49,013,HandRight,0.9514862,-0.1391286,1.72647
02,49,013,HipLeft,0.7100818,-0.1444188,1.671115
02,49,013,KneeLeft,0.7108335,-0.4195822,1.604138
02,49,013,AnkleLeft,0.6908036,-0.7857228,1.656757
02,49,013,FootLeft,0.7841204,-0.8401652,1.621853
02,49,013,HipRight,0.8092321,-0.1477438,1.745562
02,49,013,KneeRight,0.7593608,-0.4303045,1.588894
02,49,013,AnkleRight,0.8662887,-0.7697639,1.676057
02,49,014,FootRight,0.8266602,-0.8710938,1.612305
02,49,014,SpineShoulder,0.7243663,0.4169033,1.721403
02,49,014,HandTipLeft,0.5993485,-0.2853734,1.581964
02,49,014,ThumbLeft,0.6214334,-0.2023427,1.582552
02,49,014,HandTipRight,0.9899032,-0.2218961,1.679781
02,49,014,ThumbRight,0.9726272,-0.138965,1.726
02,49,049,SpineBase,0.7832807,-0.1509064,1.730509
02,49,049,SpineMid,0.7579331,0.17666,1.726207
02,49,050,Neck,0.7253208,0.4929018,1.706536
02,49,050,Head,0.7980359,0.5914329,1.685351
02,49,050,ShoulderLeft,0.6028412,0.3489769,1.648234
02,49,050,ElbowLeft,0.5613928,0.09109891,1.638399
02,49,050,WristLeft,0.5807724,-0.1386408,1.593438
02,49,050,HandLeft,0.6003687,-0.2207776,1.582158
02,49,050,ShoulderRight,0.7854753,0.3416402,1.805714
02,49,050,ElbowRight,0.8456933,0.09177277,1.832764
02,49,050,WristRight,0.973636,-0.08224779,1.765487
02,49,050,HandRight,0.9550218,-0.1034213,1.731702
02,49,050,HipLeft,0.7194913,-0.1450668,1.658851
02,49,050,KneeLeft,0.7283042,-0.4435998,1.602347
02,49,050,AnkleLeft,0.7081553,-0.8095083,1.65502
02,49,050,FootLeft,0.801276,-0.8509692,1.585588
02,49,050,HipRight,0.8176988,-0.1511159,1.736687
02,49,050,KneeRight,0.731305,-0.447197,1.592212
02,49,050,AnkleRight,0.8524145,-0.7884445,1.653281
02,49,050,FootRight,0.8253947,-0.8645136,1.600663
02,49,050,SpineShoulder,0.7341657,0.4155508,1.713595
02,49,050,HandTipLeft,0.6002707,-0.2889661,1.577835
02,49,050,ThumbLeft,0.6282363,-0.2132757,1.568909
02,49,050,HandTipRight,0.9425399,-0.1448795,1.669192
02,49,050,ThumbRight,0.9495738,-0.1313979,1.667429
02,49,079,SpineBase,0.8003365,-0.1567579,1.720178
02,49,079,SpineMid,0.7703153,0.1731055,1.717959
02,49,079,Neck,0.7353407,0.4903472,1.701179
02,49,079,Head,0.8058398,0.5892928,1.678616
02,49,079,ShoulderLeft,0.6155472,0.3442964,1.639278
02,49,079,ElbowLeft,0.5736581,0.08442021,1.630205
02,49,079,WristLeft,0.58901,-0.1409324,1.585778
02,49,079,HandLeft,0.6064637,-0.2256148,1.5695
02,49,080,ShoulderRight,0.7954483,0.3390895,1.800367
02,49,080,ElbowRight,0.8555669,0.08924004,1.827446
02,49,080,WristRight,0.9760519,-0.08210849,1.748109
02,49,080,HandRight,0.9756383,-0.1167953,1.703155
02,49,080,HipLeft,0.7361822,-0.1488371,1.649702
02,49,080,KneeLeft,0.7279146,-0.4442285,1.601352
02,49,080,AnkleLeft,0.7903392,-0.784868,1.564762
02,49,080,FootLeft,0.8194669,-0.8618816,1.581233
02,49,080,HipRight,0.8342177,-0.1588636,1.725512
02,49,080,KneeRight,0.7301054,-0.4828028,1.58568
02,49,080,AnkleRight,0.8652587,-0.8122183,1.658136
02,49,080,FootRight,0.8203157,-0.8782663,1.592465
02,49,080,SpineShoulder,0.7448404,0.4127904,1.707503
02,49,080,HandTipLeft,0.6020302,-0.2910475,1.561216
02,49,080,ThumbLeft,0.6340731,-0.2182524,1.557211
02,49,080,HandTipRight,1.007166,-0.1981757,1.658038
02,49,080,ThumbRight,1.018327,-0.1731418,1.6585
02,49,117,SpineBase,0.8115104,-0.1594179,1.711445
02,49,117,SpineMid,0.7804024,0.1718867,1.710742
02,49,117,Neck,0.7442853,0.4902141,1.696316
02,49,118,Head,0.8138959,0.589532,1.673279
02,49,118,ShoulderLeft,0.6249791,0.342423,1.635206
02,49,118,ElbowLeft,0.5850997,0.08121093,1.623227
02,49,118,WristLeft,0.5976673,-0.1441715,1.576491
02,49,118,HandLeft,0.6124917,-0.2276651,1.558194
02,49,118,ShoulderRight,0.8043534,0.3389536,1.79552
02,49,118,ElbowRight,0.8643861,0.08910263,1.822633
02,49,118,WristRight,0.9676015,-0.1079021,1.684895
02,49,118,HandRight,0.9846288,-0.1628222,1.657794
02,49,118,HipLeft,0.7471101,-0.1505154,1.642379
02,49,118,KneeLeft,0.7304931,-0.4428229,1.596111
02,49,118,AnkleLeft,0.7913826,-0.8004111,1.567966
02,49,118,FootLeft,0.8229518,-0.8612992,1.583436
02,49,118,HipRight,0.8451316,-0.1623996,1.715528
02,49,118,KneeRight,0.7297521,-0.4854909,1.58433
02,49,118,AnkleRight,0.8665334,-0.8125833,1.656018
02,49,118,FootRight,0.8152811,-0.872143,1.58326
02,49,118,SpineShoulder,0.754091,0.4124244,1.702047
02,49,118,HandTipLeft,0.6062074,-0.2937776,1.549798
02,49,118,ThumbLeft,0.6410645,-0.2125559,1.546684
02,49,118,HandTipRight,1.01035,-0.2227539,1.619105
02,49,118,ThumbRight,1.020829,-0.1944282,1.64
02,49,146,SpineBase,0.8211023,-0.1590934,1.70566
02,49,147,SpineMid,0.7895339,0.1733627,1.706342
02,49,147,Neck,0.7532725,0.4927489,1.693613
02,49,147,Head,0.8225077,0.5913584,1.669147
02,49,147,ShoulderLeft,0.6341945,0.3441681,1.632115
02,49,147,ElbowLeft,0.5951063,0.08281346,1.617445
02,49,147,WristLeft,0.6070332,-0.1449301,1.568091
02,49,147,HandLeft,0.6220908,-0.2283696,1.547863
02,49,147,ShoulderRight,0.8133066,0.3414844,1.792837
02,49,147,ElbowRight,0.8732633,0.09161689,1.819989
02,49,147,WristRight,0.968706,-0.1063814,1.677613
02,49,147,HandRight,0.9746909,-0.1519075,1.638354
02,49,147,HipLeft,0.7571397,-0.1495865,1.638533
02,49,147,KneeLeft,0.7348047,-0.4440148,1.586637
02,49,147,AnkleLeft,0.790698,-0.811072,1.573503
02,49,147,FootLeft,0.8383654,-0.8662903,1.595595
02,49,147,HipRight,0.8541266,-0.1626481,1.707783
02,49,147,KneeRight,0.7428578,-0.4908128,1.589313
02,49,147,AnkleRight,0.9075246,-0.7917867,1.678945
02,49,147,FootRight,0.8313701,-0.8515966,1.597575
02,49,147,SpineShoulder,0.7631089,0.4147003,1.698897
02,49,147,HandTipLeft,0.6205315,-0.2952794,1.541636
02,49,147,ThumbLeft,0.6487736,-0.204524,1.537684
02,49,147,HandTipRight,0.9832691,-0.2161613,1.57644
02,49,147,ThumbRight,1.000134,-0.1243777,1.649583
02,49,182,SpineBase,0.8256339,-0.1579267,1.702168
02,49,182,SpineMid,0.7952735,0.1754638,1.703478
02,49,182,Neck,0.7605066,0.495951,1.691782
02,49,182,Head,0.8298349,0.5948483,1.667416
02,49,182,ShoulderLeft,0.6439295,0.3483905,1.630692
02,49,182,ElbowLeft,0.6044605,0.08706508,1.613411
02,49,182,WristLeft,0.6172976,-0.1430877,1.562582
02,49,182,HandLeft,0.6341498,-0.2212526,1.541737
02,49,182,ShoulderRight,0.8205152,0.344681,1.791026
02,49,182,ElbowRight,0.8804137,0.09479246,1.818213
02,49,182,WristRight,0.9682263,-0.1028975,1.670026
02,49,182,HandRight,0.9742931,-0.143242,1.640237
02,49,182,HipLeft,0.7609199,-0.1483759,1.637566
02,49,182,KneeLeft,0.7354428,-0.4445039,1.58474
02,49,183,AnkleLeft,0.7561804,-0.7357834,1.579024
02,49,183,FootLeft,0.8094852,-0.8243278,1.580335
02,49,183,HipRight,0.8595207,-0.1615332,1.700701
02,49,183,KneeRight,0.7438676,-0.4899978,1.588396
02,49,183,AnkleRight,0.9197303,-0.7875216,1.688285
02,49,183,FootRight,0.8524939,-0.8433239,1.616379
02,49,183,SpineShoulder,0.769954,0.4176111,1.696764
02,49,183,HandTipLeft,0.6396052,-0.2879046,1.530458
02,49,183,ThumbLeft,0.6605498,-0.205754,1.526739
02,49,183,HandTipRight,0.9800624,-0.2188084,1.594401
02,49,183,ThumbRight,1.004524,-0.130463,1.634231
02,49,213,SpineBase,0.8376437,-0.152447,1.700264
02,49,213,SpineMid,0.8060753,0.1803459,1.702928
02,49,213,Neck,0.7699293,0.5001442,1.692683
02,49,213,Head,0.8345441,0.5995471,1.665711
02,49,213,ShoulderLeft,0.6527475,0.3538125,1.631645
02,49,213,ElbowLeft,0.6124923,0.09259939,1.611825
02,49,213,WristLeft,0.6258577,-0.1434262,1.5568
02,49,213,HandLeft,0.6458046,-0.2168418,1.535602
02,49,213,ShoulderRight,0.8299082,0.3488769,1.791946
02,49,213,ElbowRight,0.8897407,0.09897184,1.819174
02,49,213,WristRight,0.9679905,-0.0977147,1.663781
02,49,213,HandRight,0.9746732,-0.1319762,1.631234
02,49,213,HipLeft,0.7719868,-0.1441666,1.637898
02,49,214,KneeLeft,0.7357651,-0.4452139,1.583692
02,49,214,AnkleLeft,0.7920658,-0.8121598,1.573182
02,49,214,FootLeft,0.8451148,-0.844914,1.472396
02,49,214,HipRight,0.8717625,-0.1548926,1.69732
02,49,214,KneeRight,0.732462,-0.4738102,1.578135
02,49,214,AnkleRight,0.9260039,-0.759218,1.693077
02,49,214,FootRight,0.86988,-0.8387831,1.628482
02,49,214,SpineShoulder,0.7797501,0.421987,1.697307
02,49,214,HandTipLeft,0.6538712,-0.2795553,1.525424
02,49,214,ThumbLeft,0.6663571,-0.2213976,1.502818
02,49,214,HandTipRight,0.9861225,-0.2166398,1.588787
02,49,214,ThumbRight,0.986064,-0.10371,1.618732
02,49,247,SpineBase,0.8427259,-0.1497975,1.697049
02,49,247,SpineMid,0.8118227,0.1822039,1.701277
02,49,247,Neck,0.7767293,0.5012796,1.692703
02,49,247,Head,0.8380321,0.6022639,1.665579
02,49,247,ShoulderLeft,0.6613272,0.3568115,1.632929
02,49,247,ElbowLeft,0.6198176,0.09578936,1.611616
02,49,247,WristLeft,0.633573,-0.1415139,1.552592
02,49,247,HandLeft,0.6575658,-0.2134764,1.528279
02,49,247,ShoulderRight,0.8366838,0.3500178,1.791976
02,49,247,ElbowRight,0.8964657,0.1001098,1.819228
02,49,247,WristRight,0.9680969,-0.09283441,1.655559
02,49,247,HandRight,0.9735912,-0.1197491,1.623055
02,49,247,HipLeft,0.7751904,-0.1422369,1.636171
02,49,247,KneeLeft,0.7353997,-0.4436997,1.582156
02,49,247,AnkleLeft,0.7915764,-0.8106613,1.573025
02,49,247,FootLeft,0.8447801,-0.8433915,1.472341
02,49,247,HipRight,0.8785931,-0.1516603,1.692814
02,49,247,KneeRight,0.6630146,-0.3205543,1.659025
02,49,247,AnkleRight,0.8875948,-0.612357,1.681606
02,49,247,FootRight,0.9395335,-0.6490101,1.579855
02,49,248,SpineShoulder,0.7862493,0.4233046,1.696881
02,49,248,HandTipLeft,0.6688334,-0.2736293,1.51596
02,49,248,ThumbLeft,0.6823145,-0.2137093,1.502647
02,49,248,HandTipRight,0.9759202,-0.1935604,1.59458
02,49,248,ThumbRight,0.98444,-0.1063828,1.603654
