130.78780486767633
130.25793053079775
173.22554887323744
147.87180632537354
81.71964403314713
137.85156805656644
32.89346264071419
20.702061011174845
67.41223758478932
105.7095725745415
159.34024035772055
158.96393303502495
58.83320512581809
19.706563897156084
29.990488937284574
25.673311033298535
137.8025228714649
129.72975698414967
165.03318183713472
110.70493341285336
45.37792179074347
135.9719158462685
127.04984633293905
139.9397757375139
160.1906620701956
85.07287915691573
119.6067291881837
12.484583179262675
36.04819724772722
63.164423657791545
87.84376697925318
116.85391937888919
160.71823087723766
55.17970684824137
24.45640350456669
23.996049844554317
28.11382505679483
132.80788604625303
131.65083634312788
166.66811138524903
140.47321707078353
45.852751102952666
