75.69387968182821
129.6131134010247
158.68643608439032
170.95329740683
103.70250365814229
119.34475248264818
50.95793084620535
59.55630701417225
71.71852983260743
115.22713023052958
115.96726696959786
153.1394601986464
54.642484129994095
31.062207053293083
32.857945862415164
22.257404575947962
125.38063677721715
141.76811706934578
149.85489817380173
117.52052103210912
51.211068964705895
137.21536511976694
132.9538992444838
172.3172949687223
151.78392272807275
93.68533211054421
96.99216291661314
10.823984998908406
33.389043720492324
83.92978897779554
84.6346814435466
56.13090275260251
155.3722314442843
54.912748694165096
27.827085443770027
30.95555314538304
24.206373772659425
132.98375741777153
142.13075332887385
154.68617635790426
153.5727006663338
51.186143232083936
