124.9046557196371
121.87177184099284
152.96039887919744
147.5655265702644
101.08798610557456
89.38083666042637
1.1503358426830408
9.897403478968249
78.81557511839236
95.2315033953592
77.29213349485683
166.44670268812644
59.08124579519136
50.508792518745366
32.06489133335119
23.171994543841286
125.89973975655109
129.75636898999198
174.50831596480444
155.934033710407
53.88080848815091
133.40895774953344
83.20035301976694
142.12341499950327
152.03114636545263
97.94874952156106
105.08882600615067
35.05407814972931
44.06914633674403
82.03163157521126
91.0062852166258
89.17801243749679
165.29897916019354
58.595492381540836
47.77832000157665
32.036616024689295
24.239630389439043
125.10176278099698
130.47398270688603
167.8107754628257
163.0288355474584
53.47870485492273
