138.36846328167204
77.66295246604776
156.00617154845585
168.58978173995595
97.35135051004454
74.62659323644442
46.51606347237212
41.92307006995983
87.46320205168145
93.44723196420357
111.80676626295119
164.41875158134488
66.94172333841115
60.59198188630295
39.679171115969375
28.30709810118442
131.9429470351534
135.08059923161787
167.42639419745237
143.8254471612191
55.2224807839552
125.69950465313995
132.73262330309055
145.3384141834698
153.35670176542413
104.04967332914755
86.14896450883204
10.894135560033726
34.80139890244112
85.28807130420878
80.9460052604634
93.58002887356359
160.08973840424287
58.83471224404764
42.10610703890078
36.975478421011616
20.828393964707413
130.35875526932048
136.40548137875626
150.58869249610052
153.0015684267905
52.775911858817764
