138.43086744734939
89.94499938518231
172.0813368387638
148.1880337949121
86.07979648714308
67.37437905356484
34.39147906052791
49.64992359188401
80.7699366949814
98.70313668029937
82.63292789232905
160.31380236658472
56.00342080940341
45.33852456534146
32.976096008347966
23.343280044144628
135.09506012067575
134.48999011387136
163.78686887262958
168.26967533823608
50.22703303827378
119.99880466414622
92.91482473220427
148.20174829482372
149.7820406893198
93.67765941855274
114.86332549310968
13.24199959636248
38.21023776034331
85.46061472032494
83.81639057901833
61.95079864565735
158.9714488764128
54.75517440730961
32.96838542975101
30.578539421058043
24.151747640754653
137.12147328382324
135.06709045561337
150.72533410201822
161.2187815075192
50.0041965215819
