124.75397373058988
132.62715586051232
147.92771168609053
153.8032123047262
96.41278934386312
97.54461601306495
4.077765707593277
13.564858943928595
80.47220070366023
90.66803550498818
78.60819630837196
167.3276109958852
61.671603891993236
48.45517712330235
35.96121703398878
21.550430153339445
130.53958902190536
125.80478509043742
161.86061944378025
148.0207468772294
53.92723461447456
120.50851036159868
82.97858947579682
156.56697301254357
140.96963612697084
100.36069330331192
116.66646744692554
31.63640778445232
52.910317426726486
81.45283401216766
85.48019259054374
84.66046162059575
165.27481672613735
56.42443959158562
45.06646685632683
31.387620519948445
22.320249081629683
128.7918816408203
128.49186222780915
168.62626024754783
155.03731529226377
53.48340721866807
