114.8667707054736
112.4482257005128
146.4100530647702
149.05621042038953
91.75860323233516
88.43976415722132
0.9602421728725851
32.186689378908504
80.06687894162064
83.30107931086559
103.92701523865767
156.15934359973977
63.506818463439416
50.88063525022314
35.09157028179518
29.512579961201432
130.40461694372283
150.08292781351648
160.42813553350155
155.19116138741015
48.40675470740116
74.0000330759925
122.74862158181324
167.21941155135977
165.83266298311193
89.58470553620253
127.50539029705709
48.538550699926816
51.274811988526324
70.34589307892468
104.27222723644243
90.87949724228469
157.2950513673245
73.10578062109694
47.280417696137356
38.013398471819336
35.40792540860587
135.79747331638737
152.60674213732537
134.05508930478913
149.66689823410456
46.197224217559025
