124.3010291429767
131.2522184347133
145.7886468202687
134.5741891563027
97.63842730278179
102.95602500462174
8.466319273754133
44.810960267679924
68.32096740965075
85.43283773944455
104.76579246051196
160.31535169365944
59.13846077547125
42.270361947771356
34.103830583929636
21.87836910838566
129.66501131761024
146.39785169009957
158.2187535482431
165.56288283885303
46.6990773582825
72.88837080760543
124.35485624146445
164.5374552472411
165.9408256828508
94.41009415632264
114.27554267272644
52.21096285091455
56.91858931757738
49.45427359697841
119.5356532937693
82.4862844290547
161.4957449394325
56.84503357370503
31.609559890004967
35.66595548244418
11.983905779382487
132.75021935592645
135.02407364857814
134.2608687496278
154.93357219987848
45.46606059327353
