131.94949271852187
111.74585789762665
149.72743849838602
148.0231453805358
96.46555379272613
98.79871113318856
35.65372763756059
25.47168131163709
84.1296824671522
88.90820926789036
116.49012242238062
164.94606677740336
74.08791318850517
56.22601053938667
37.69761862552489
32.78946296036125
130.91271590181688
130.08960947188277
161.02171410933317
149.61637463861834
59.172786403667914
118.59837872260218
106.57946823532144
148.9037587756797
136.34213979545035
103.13195663569309
93.54393404731479
4.511287400446064
45.94427959650876
80.48364261929517
83.40045388354577
106.81149964880501
161.28986863680285
71.94652820062339
50.582824922344706
39.91655374895064
25.428844674575977
129.08589144038328
125.13938587275828
152.1927577598377
165.86436896371617
60.365818616996634
