96.71088359415985
133.73596174392063
155.72804979638167
157.87676391762702
102.26909771269224
93.02979154221445
11.081132495215662
37.97378438569628
79.94544927328454
93.79541290665435
73.66808691414639
158.78635192685473
63.46243555711452
24.915371645100247
35.41721561861186
28.47460676349305
136.25135579159073
142.5186513876899
162.06971970226522
122.27717409787554
50.69573972272626
120.95950642056265
87.74544623086173
177.615993018611
156.6884158023775
91.05012614978412
61.291282559179585
38.171116428032576
44.17908289307581
91.73733365025714
102.24655853258082
115.53518581472275
162.28673198515847
73.73786874496645
68.80918633622235
43.584432714554296
37.39035953450651
135.2547491789399
145.3721320061397
174.59391281821738
135.6562250007032
55.07026572212521
