112.77347255107904
119.85844287761823
169.5363367686203
147.17204288229638
76.60001790099342
95.59124151797326
10.625925670697345
39.959689053211875
38.7152458493063
98.32013496867673
59.0964527889763
167.19452047150347
26.098476409316863
14.395339869732613
23.29003860178781
11.42623722743171
132.85335394300043
114.46531248789044
169.7296820471899
171.44385912140422
41.11008179245054
126.77655406136248
120.74456532231896
169.0896045729922
140.68081115972865
81.69485022908405
86.24921381874775
37.15460984365356
21.736777213284903
86.60486080472947
109.0371989789416
117.33011412040975
159.8012919299563
73.58032644135139
69.83793778343117
41.572944822403606
46.59429617548318
135.49464490408732
164.60025491612151
173.7634941480943
145.62838833449214
40.48927839398928
