71.37384823721695
132.562552624214
157.24321756522184
159.2694984715715
99.9578583681906
103.09102477710968
34.117381245422486
46.19922161552628
61.528314546322584
117.43744909280153
94.62021522204961
159.32728155766674
68.90234029756483
52.053809362013254
42.41292178530373
25.102266719378814
131.41691927210098
136.1417264575265
146.71204239164905
158.6098122469973
45.62263740826135
114.65815025038572
114.20792671521906
157.19358431738374
146.13092664716802
93.5420379952216
97.6569288059
10.453300429154014
50.68765178166363
60.30794413170585
112.91738096245504
107.60658897136756
160.8603087405533
63.3718776637868
47.42785304439209
33.06876900191485
25.640181731508594
132.11645037714177
135.3714186590642
157.9218953628779
158.67227580734294
43.954320906476624
