116.0853250201169
111.89753897017968
150.12429587436583
145.2556897218909
97.56545000783088
76.0897448636838
7.029688138056297
31.0821258055202
76.55218498490598
76.33663237537559
82.19131569725033
155.67883179113068
62.11476745967134
40.571150831523255
33.9324519321365
27.307484754711087
134.90994129268546
145.95351717175592
159.8497974681692
162.7952068406247
43.35152541159921
135.2746886194343
139.45311497820038
163.1834923971022
164.08285251392914
93.02345660581521
102.59019064874701
38.811161599006965
41.36564940574034
67.52350772308611
125.95107215494522
146.84730552104648
161.76779676869225
61.742449451797214
37.20631051456352
35.81685748333371
26.61179328496819
133.66847304905605
144.80589977179267
142.78431197069492
121.88082617893305
42.418928171962435
