103.7666431010484
117.51066633889614
153.88462445179468
115.85723798798723
92.98419611327517
109.71275101927023
40.455318845771465
72.8125775745461
74.31486431006365
111.59927189468746
117.05484263856043
163.68920081466132
80.7726354961701
69.38923612548777
42.96530316946097
40.57158147040596
130.02762784513635
139.03791975774797
172.57336528045172
150.98157255305696
57.78432781970225
117.4797189907582
103.14148486923366
147.73171023622953
136.7869726219889
99.44179849488121
88.7202204309206
4.286808331681085
43.26143602736126
72.82600699661972
97.4395491680682
115.77810702551463
163.29245012286864
74.89141981525974
53.86500010968758
37.00113220052939
29.990116926257812
127.35856386210432
129.86041843285432
155.32600344556764
159.6156787476074
58.227336456841634
