121.17106065711383
138.33134586807213
165.41165143379223
161.25377723447278
97.1346059385824
105.0065925840189
42.21497049297519
48.30343207865002
71.1518240113081
129.71378215707165
136.62544198859717
162.2239855413942
62.460301423156274
36.77808702924193
36.447763665490605
26.03083864908019
128.2769343318933
133.74575104790208
134.13603341118758
103.52818830811017
51.475673008367146
128.8811414401394
126.32357067202571
166.41997608070693
152.93845380469216
89.0732118426057
107.89849775716833
7.970651900429548
36.0889332246229
72.44123633739451
101.4109369486245
103.92772455506727
164.53841595305332
63.01053977952975
34.74702467648977
32.37264492018155
27.863556260397292
134.5536136548955
132.7734775603028
158.03312367750695
137.91594102255854
51.521908692546134
