112.67432474287348
133.35244559231924
161.27104170428993
164.1820760976649
93.82195705794433
107.86759568342444
40.915674426597754
43.93616654064177
20.918041869330786
119.31350865128141
94.52104286740719
160.13565809971166
26.890744737301485
14.291827614683395
32.8192527672277
22.622963385702093
133.96331929024782
97.80729020869586
143.843697226484
172.37671731397626
47.80365174484959
123.40292847173988
107.56094437209936
160.6926671483842
155.69078474039443
94.59543536368862
110.3687942584991
8.076536084992087
45.679605429932586
73.56152508416541
112.73945940941482
113.62833802792723
162.12427125157697
67.85006234965002
34.36988938375568
36.73940482816029
33.81741688981137
138.83234342130757
149.5479010747229
141.30548131627506
121.27945410545296
45.58696606877423
