124.10863334649824
122.47580111816298
162.60125241006793
157.4902114873456
101.68477478584127
100.35413020841875
44.41082037764467
50.57423904296963
76.30908665332456
115.28355389198647
153.70763842231486
162.084311821598
71.00639367223478
34.78773568733929
34.6068702506517
38.30375979590256
130.93209508522685
155.2076416183129
145.29522094528335
108.140938408757
48.4034719410109
129.24949021406144
119.42903138287488
165.5332679316212
155.95149268605493
90.68960028565222
102.72462154190981
11.242940042024852
37.45299957981378
77.83730136353854
103.37358185044
157.19872664379903
160.96942151884494
66.35766163353814
29.322502555712713
32.020199740141294
37.76538137531043
134.67780323805343
155.72178239769187
158.9677587392225
107.9765269417382
46.11369257167457
