111.9081284121285
146.73590743528555
145.89411178550446
135.28859409021456
93.82969456286357
105.59392669574977
7.095365525079309
45.71117675072891
78.76433864854614
83.72216335599545
107.16626570676624
161.8932578887854
68.20616431193895
51.73139346094197
36.60847806345867
30.4252155883798
130.59376281829162
138.82018795407095
167.23590400114097
162.7491668937434
53.439108518374084
124.5959065422092
116.56213681223626
157.92611456643644
157.99496205181455
101.38847567646783
101.35374307694133
42.159824373540566
46.00241000134674
66.15921869969381
107.84406340654685
99.12622164278805
162.4742177327189
72.39090578676607
49.078481591575645
42.27011314025409
26.700010245799664
136.06649011853935
130.11034335999958
149.78099610313032
161.54406999175418
49.76217317287964
