114.81717731986146
143.20132638774334
168.72330699876605
146.31780418197894
90.27670317939278
111.88148947544532
4.691000502129696
32.86286405156255
97.2838127893614
81.34093317188261
114.70484838916005
151.67756918819447
71.86911287261773
33.33361267572816
42.605129011782914
21.074663299753603
135.5759549687411
99.21088824355438
163.32640691055678
127.94992660008512
74.61759513793645
124.10863334649824
122.47580111816298
162.60125241006793
157.4902114873456
101.68477478584127
100.35413020841875
44.41082037764467
50.57423904296963
76.30908665332456
115.28355389198647
153.70763842231486
162.084311821598
71.00639367223478
34.78773568733929
34.6068702506517
38.30375979590256
130.93209508522685
155.2076416183129
145.29522094528335
108.140938408757
48.4034719410109
