126.66418916156256
104.82882569379778
171.4063463971127
157.14931293889714
79.28303592465524
87.35986944157736
33.05941412304112
33.11899953227994
35.26133012274203
98.22148509442124
101.06202660475728
158.10411456930944
29.37344625359178
13.859656574019148
19.391109640653294
20.76059599522655
122.63984515452931
94.11076144992275
176.97249367481703
157.21011926957317
52.974094149704015
99.78543505822961
139.80732520634615
151.25423483463007
162.22062301499636
80.9216579679631
98.50097823103529
7.667116363472721
22.70462341920373
24.80153541250271
93.58846168153345
97.87522665054969
160.08840473047988
20.07472967827225
10.941350129321192
21.701046740757644
32.14191482123732
123.7797502908928
82.35902806654947
177.9332535572263
137.62548808895005
52.61761414046254
