130.54206006226678
136.00713415178126
171.05233603615676
158.87734174535214
85.48020263168803
112.97075142970246
44.914717711042066
43.28948196519035
69.4174605642957
109.02541722893692
95.23100183518076
167.06800208373346
72.90078784669006
26.267963931717528
38.315799861333204
27.30370596936018
134.81399879465647
126.84783499557321
146.25795834433686
126.30690427579738
54.4303072131089
138.19200358091769
138.0179758483113
174.24787135686623
152.38691566113334
92.02867675998448
98.3324938837883
5.8394321018063176
25.863531269724938
67.40218166919904
88.50141344253248
115.97555852841761
166.6794664718194
68.28987735466474
41.19063007971713
39.886648144643914
19.765069336324668
136.8707340019599
121.90825019667234
153.66421891950213
166.96616789549446
52.50210361367644
