94.50908344554082
113.04598362662992
145.31751722231456
146.9683154397879
91.07287344665558
84.94422180024183
8.372041896593174
27.746753897757507
85.3112853201532
76.5801489394019
107.39782939643175
161.43147202371173
53.08882294357116
12.614199418663175
27.824717595405367
20.37795630677785
129.82534485920027
121.41374232584775
174.67214633608373
118.44869529021709
54.59403866697371
129.13773901060713
129.44216032892982
169.34452149483462
163.721177915408
86.0150617487733
111.28051041515106
41.79698302757217
39.0098725242358
65.67167342801976
119.70333518836622
89.99548715029498
164.95989332962665
67.30712730517564
22.62605067042769
38.757091361090346
19.910137621901168
133.8045505235264
123.08272845534592
139.21742939957696
129.1098877643319
52.92646861687085
