121.33641187586073
136.59000614863322
166.22147821422243
160.93137512292236
97.1421313905758
104.76412047033078
50.57192238374083
50.73222251488079
2.9351265872421926
128.53056320639178
107.86472444716587
162.19439649652264
5.326868479088908
24.78205171907303
34.415963494593555
56.138795459726715
122.78574149937586
91.38738866177958
162.0674308993104
115.42761862595223
42.787963113588596
115.68930057120376
79.48029539669187
167.26747064236034
145.1733838786816
92.71340354892662
92.22825271790538
12.48821033691913
26.722740250662586
12.650230475818107
94.28502275081858
87.91151236724131
163.12198060627355
17.25612241537496
1.3705602472884497
29.129531058060852
30.79839629470527
132.961157438115
107.53922740469025
170.44343487483764
159.0005382488592
41.58667732345455
