126.58753480517115
119.07134761296194
145.73534789417187
142.61065776210307
90.85686068504664
88.53724729191998
1.2300237155827314
29.62899407724765
84.93122890241531
73.62372494314604
85.38350196363298
160.8815892940267
54.984796333504306
38.68379085131835
30.444676804951413
22.131398433402072
129.63527997274713
131.37071261295188
169.95924994669653
163.79800832106838
52.17387735875611
79.0678417704117
135.73536341465584
166.782419320416
159.13525679019494
88.90053740816417
112.23421991823707
45.23616317746591
41.751003850536385
68.88243443956851
111.58311449564086
76.37864952857872
162.8355786124585
62.632666222980575
41.88683737724551
40.244489404992635
17.152760147726568
134.54919274048558
123.24984267384343
135.4990975202548
167.68902114260888
52.444320249982525
