94.89051624696384
130.41313715545903
148.13727267596556
165.90561388613054
67.75694705928362
106.82189092415295
7.015446379743264
21.6551718455137
32.063483452439336
100.32354011986811
88.5613418775297
164.9683312987366
26.510408156211426
12.290491161392334
23.09230612729607
24.300113109409608
128.25650749217067
89.21817255875783
169.07007125061926
152.49600345874688
53.65549291998639
121.09942690988893
136.579441427578
170.31609127262453
168.68665040122835
93.76246682889676
111.16247156217081
30.145884520522014
32.57003559766812
40.0620804540916
111.7700908771754
39.75762630821386
160.92793721998817
37.50700964737208
31.619376654587935
40.5326426510842
12.490324721297476
123.20784140124283
102.18097734180455
154.11156073267026
151.48362388242583
54.39969826736911
