109.6548520651123
102.31644324108048
148.46414187452316
147.0300970706709
94.86817434426472
97.71478030414872
7.408869462102239
34.78392463497085
82.12378675057079
89.44829206706278
84.9430114809332
163.80968268911107
68.17399961789798
43.857225555256754
38.29056738552244
24.03337200511258
127.92302409372382
123.57866703546087
151.20002768024088
162.2171439313244
57.96516847630561
71.78156471428085
116.65197170578023
172.71542663202501
170.41000453484529
88.97620337409467
118.47747394812397
57.709779525171626
67.24366120217027
67.69184612664239
77.09496546159114
54.078848418179774
165.49260043937508
56.72330108440922
35.665573041690706
36.47841493193641
18.844804113061837
129.83060906948336
137.64372746948132
156.47737264718984
169.10951629238636
45.99649363904646
