128.8725101511312
132.11530125585523
171.9459477619332
163.6959633471739
82.03912006980019
93.83218873992284
40.81992152415972
45.98034431764574
78.98944440525102
80.77442002968615
111.69053665120228
158.94070693371907
64.93150070073358
50.908982009880674
26.177618088885232
42.38016579537181
136.03072379397426
149.42165821782777
157.64606046896108
150.25576468950197
47.02691958589047
114.27589659185956
161.1266467223223
157.6269691236107
152.70957025522745
88.9606368432726
84.0114351030345
1.5552895552850772
28.94504680265274
75.14546022559091
92.7791677276946
93.47463867531584
156.61508017986162
58.63170339988158
44.1375793101899
29.19084494219331
28.741021502162337
128.88205207567782
139.78261245539542
153.64437852811778
148.36722976169295
49.03305639209186
