96.84970579599116
136.28937774661784
151.9249405499329
164.97744189469944
98.0693319403811
87.98462482151844
4.473469349705445
26.824199438475553
76.82236874875659
84.94803840924688
97.87065725877038
164.04993309335194
68.8067815956794
44.133286910921086
36.86717597702252
24.287882980727158
128.63756103020302
124.76989500174584
154.90831811905855
165.92357456785433
55.92843267926883
120.41035659434387
135.8144061766692
176.13037448300224
167.85407688290067
85.9135185103638
112.9156659785659
51.31988130787592
57.06315597331497
74.18793639229652
83.05896562879192
70.61129033422998
164.17751155404585
65.17765831353343
30.897211388137244
37.940400398243064
21.593612667874122
131.20917133178202
129.18104064109153
155.79591781728976
137.94126268177385
52.299253614931345
