60.8126119268447
49.14144641408555
170.789687043073
118.73094348083393
72.12742577614249
93.53345005712404
9.384001994779503
38.41351002931585
79.19466462642701
93.35658581530743
110.73144333927692
160.84995840927849
63.899883669432946
46.136649420755965
31.451514918219644
29.734485687166377
131.01372293314265
136.92905953206935
160.38459529042223
154.03232588841146
51.90155046917804
129.2915413824125
136.44140192656963
167.84451855002737
139.64133715585558
92.67776539794176
96.78541606516404
30.139474220931348
16.004230320131388
79.28040294047423
86.8278251617889
108.2790798339639
164.66241994670608
71.61696117642482
49.9451419884571
36.9121229256049
32.32037420496019
134.2479682493511
136.3903280134282
153.3034444785524
149.37101838601652
53.10914141749799
