133.01729210823066
99.07223813668195
173.32855438490196
136.4055244652825
86.56260859510394
93.12420451361321
37.24471852747198
10.959075333328064
99.76394294086762
92.28084495816489
96.86291552457631
161.0398217610783
71.08842051713712
58.00919272927837
31.851873625859493
42.66584020026009
123.30584732974917
135.00627327735216
162.49395885169724
151.3046920269638
58.86687004201905
106.88442166015234
115.89189089491823
150.53422033311145
119.57301928741893
91.85081069822496
105.87315290306081
8.802059421554112
43.84739424901073
85.07826544952587
88.74401501168653
91.24175297945621
152.40890423344086
61.46348982998582
51.39116695543453
38.02450084924774
21.631989234261535
127.35659330576965
125.82852419782913
157.01700607101694
142.69288844562882
57.33430576193526
