136.34704858798997
100.28646717469424
148.33865769636455
155.76850381209488
89.72382369849234
75.45102281690454
11.951332030031015
32.26264544169234
87.69138636455033
76.11366894864523
74.49852758745834
150.7168277566024
55.918152886555866
43.18613614281248
28.91452887436107
27.9753567287443
121.45168313267729
143.04783058993672
163.61304323580407
144.79009144938755
50.00840036084975
118.20550083823679
129.08450737843808
162.98947523176173
157.9145610137733
95.65919158236444
117.61370779553933
51.79224481723992
49.60787265806875
87.41060591124825
114.41676918309999
70.31151162737892
157.72497032581006
65.94615968586866
43.88597784750856
34.178750984013696
29.316003121196054
126.09681364456422
141.60012710465827
124.77207899428635
162.48093862822392
52.97822145157712
