78.56388428643609
118.97025763043288
165.81757673472495
167.34854460446266
89.04955572576952
112.56962004764574
37.628778878763626
43.98599371662308
72.8848298133311
110.28025425321562
72.96037012624576
164.70938381235206
71.40365026850131
42.33079672036689
41.094808141013765
24.923919549840157
134.2135039789631
129.03695003538598
140.97796240372264
161.87183122954883
53.289735140451604
91.94891312814751
140.26508297621913
159.19221259909884
146.4945524187829
101.98721590755204
100.86574728701402
8.980591466545587
36.54705947734637
72.77062225151582
86.57290967969337
75.42645980889387
164.47997559486566
68.89583009400188
42.96393303223196
38.44820690673412
23.322097447983097
131.90125208503105
126.94456652341474
149.3740371845391
161.90663307242025
53.60370907902367
