105.39657845906072
135.59098477429254
141.84028196860717
110.57643974275275
100.51228251670736
106.21332902608174
28.21257538307945
20.383124755547954
52.09477320722645
63.45554562361268
97.61714841322025
160.15361945363878
47.17205425301681
15.807428909304056
37.25474058922002
26.329412682562243
122.08412099779736
92.91296142895122
167.8586411399995
124.48393210137084
52.78489889011578
135.5085998227198
133.91675957525499
166.3590354792314
153.69034533599415
73.1162314190416
56.48702440040963
48.43264842322674
61.40999768103753
68.24719331688968
111.83107220815008
103.65095818118446
155.81271511880084
56.814494117231675
14.832526071977734
32.89991179325143
20.282709972944154
136.78321492966975
125.8952599129849
166.03879811342594
117.49360929117891
50.84282923365343
