130.58327763019952
141.40354612116914
165.68944545630032
168.33180503148355
92.77694571831425
120.31293557888743
42.958662837827184
50.9765376141457
72.1680281365747
116.58618319465279
59.25428402098998
158.60431791017015
59.69007784784096
37.48836567946306
36.02241234727595
20.825547769991008
132.6310683988565
128.85449474268907
148.05819911063804
172.92005294600546
53.32512126895297
95.73669742131825
144.40565358804122
163.47039678105835
143.99022084145395
95.95521196892219
107.51976073151275
7.846235154153375
40.438373311456566
71.54480402365965
85.40297140531955
68.5996906636734
159.62423188387282
59.81201011306647
34.75527325158449
37.03707523078748
19.001156554293605
135.1115668238268
129.36448878993355
153.93481804044853
173.05720384453534
52.103254248107056
