130.75460834392612
89.80603174885029
163.33483763093693
155.98306620199608
90.89189445638435
83.21405984510284
35.72599702681946
41.956600659977035
88.50622258540078
91.87113093082137
92.91434654570472
165.43377840073376
66.47662845563998
51.48221502325722
43.049308030357025
24.375769201481383
136.6267170438483
130.44910412418844
166.35760931745008
164.79223352981307
52.94318807887075
118.35393976657899
116.79220804804214
147.42326023742024
145.53782461337525
97.27112589399968
77.91317715953697
0.7607387377749161
33.538444924256794
89.68895594849782
79.38065160022158
81.61256266312931
164.44955700925328
66.2504484225706
49.24128851379179
44.03135833329378
22.709156845785717
136.7965573466141
128.53159318272856
164.34031886476464
166.71630963814866
54.24870271018438
