132.98679435898356
142.94674855673392
163.43742175985653
168.97768716072702
94.8104390862843
104.29181254458626
40.07901880669576
47.77194769459969
29.901445154935814
114.78658298514794
47.32458858150724
159.15998718851958
36.638950892537714
30.91046744843122
37.12564967122295
17.715688312226774
124.59336235358025
88.80595358403967
149.54514485130252
150.30292413212217
53.18254375882891
130.8510520648098
127.12109650624903
163.0962970889775
153.5602182934212
90.22549133067776
107.04966652444749
7.0015583921763564
38.11880459527858
36.75386292704505
100.47382521475404
67.70636508881829
160.29192985934841
35.469812637974066
20.354464679848416
30.591997959564303
10.789050565663171
125.31698702227605
94.45066369719903
163.49247715390047
167.3350745797561
52.99900647492558
