137.41192377705366
142.24257838490155
169.61086526762907
163.2512028288679
84.24362448630455
75.59548226091923
42.910815677393046
49.45889016258704
85.73476913318558
101.53417308634216
100.50899477963982
161.32001429033963
59.29359558713817
46.1970268592307
35.82727727644499
24.94026402022541
138.11038443878724
133.17252546773932
163.72998848462285
172.4348618299053
50.108182328930056
82.51966350133294
111.01740930810675
140.6092690027924
147.79893671801182
93.56599236181516
77.15070706829793
5.443589564180231
35.718507354136364
80.66843663314172
82.55521110178788
70.67812406493293
161.8010587503547
54.549778678416565
43.257196672824456
36.888706004187206
16.78457140462305
138.19592892774406
129.15085360247213
159.3332953567511
164.22471043262306
49.80346193723083
