132.70513228531593
118.96103066541879
167.0886620115716
158.47852076993684
86.07788653986117
116.26185138421961
39.923407367150496
42.78423926829543
72.91166748934472
107.18917583605672
75.29174335704235
162.13176851492037
58.33347265998275
34.56387861671142
35.24575566797469
18.800883941972643
135.46681880470203
124.88125831528103
146.0099633521053
174.73744649719896
52.62392205879604
141.94271149732575
85.7790120042276
162.36276266429434
164.12865391423148
93.2815606738063
102.75218855635995
9.6598278922681
32.98725811804165
73.27336856205523
81.29493519763474
81.6583839440733
163.09743307654813
59.876204340889004
36.79318754200212
37.90462777112186
15.27969415987668
135.48509687681218
114.7292226857889
156.2227427283925
174.76939348610787
53.556428187583165
