127.07790844372464
119.81793488881384
162.7050166066661
143.8743535110265
83.81096573364489
113.78528576645591
8.62499474334338
34.58287429835437
59.29903800110368
106.00005783253988
84.43032844180104
158.4280766094177
50.48230714415832
33.841518261946156
28.587644931711697
15.178294509998366
126.81560590577455
132.05239633215965
163.31420162729194
176.67137468716433
47.306623554803274
137.41192377705366
142.24257838490155
169.61086526762907
163.2512028288679
84.24362448630455
75.59548226091923
42.910815677393046
49.45889016258704
85.73476913318558
101.53417308634216
100.50899477963982
161.32001429033963
59.29359558713817
46.1970268592307
35.82727727644499
24.94026402022541
138.11038443878724
133.17252546773932
163.72998848462285
172.4348618299053
50.108182328930056
