131.46416372725727
128.9449429986289
141.816507002619
161.28432377550646
78.49107321930602
124.10865557061766
40.07894061117893
47.55919614996119
50.802572305277906
112.34495351030222
99.94915535714242
156.6432824289489
52.071279924506086
24.79431705617731
36.93864405900971
15.193438906118274
115.01556326537379
123.13398372876289
156.54676900386602
123.9395894728036
52.05359851432927
128.7880604850251
146.51186927804866
157.78855194363075
136.0179297401405
91.8059524227945
86.98311044882388
8.038541695749053
39.09787497579433
59.825999972381695
102.51565481097606
114.3956449487657
158.1377308014928
50.81792292842643
13.404340585324181
29.947737217317375
11.318414586536921
127.49877206444431
123.2276758446744
171.20040792233527
123.871980013699
49.80727651094555
