127.67662032424698
126.5438638024182
177.06024805668605
176.5223890943994
88.45805434254746
81.50724327282134
39.842854111052695
42.16225513396937
91.89197791801209
89.46295916478567
91.24825362728338
163.4741085020015
65.77880627654585
48.48464505557763
42.66283581711163
24.321661555286905
136.1059242998208
130.57809624197844
161.87895996481737
168.47697042997956
52.47200096666879
113.350680085006
123.43126271844635
143.66799964390478
166.71077709423975
96.07872820073786
80.62567472523253
5.018986171457148
14.06445589081839
67.1814938906751
79.88228930228667
95.60680703246086
164.70022977721732
52.9057534363059
43.59597311772312
39.583057063857474
15.067667523096963
134.22245803253227
109.294330932057
160.29739791882025
136.73980198549222
52.84877765121814
