137.82132987842954
125.60683594505076
165.57400895297224
151.38319760735143
94.54061734233682
103.59897677385942
6.918182745488097
35.3945678397251
72.22666694472801
85.2163270992796
59.566387157934805
161.5689890971027
59.74648931690315
26.69530748262703
36.52897114377488
17.947764293614984
132.284370342894
121.37825647588328
156.05964551977434
160.2723496970009
53.37128874082819
132.80095215595097
132.39832240469624
172.3441898409528
175.78106154779223
97.05648660574865
72.83993941614797
39.97863847670139
46.39908116157693
85.85965179484786
85.14099662827412
105.53268510706319
160.6000587420754
65.49682820037035
49.72503871312243
40.59223145050074
23.19875825622566
136.50416731979448
122.47501813656478
166.18542611431647
163.70910239971172
54.72295965887072
