123.64190868841577
153.22891039637096
143.1398794010372
164.98619481025415
96.50058190556453
69.01219541379832
4.723922185883038
32.69964568489188
80.76475820960384
78.82580555621803
96.34628720700383
156.69631670311347
59.58118567867953
45.60491383720508
39.14507197430777
19.329461664144052
137.39584855079934
123.19337754335267
167.35203909570345
157.8891803533664
53.471826220433805
131.47726358267005
144.4595455195485
163.79822313792582
166.5539825954804
92.86287800751874
116.93137634067865
43.1221207030057
47.25666063677376
72.84866204315759
115.51812412628395
86.7387737993502
161.49760915505647
61.24039625507305
38.608080527456906
35.39100989143777
19.989428347850257
133.75698392696629
123.33349623393264
149.32473854327233
163.83188326995474
54.1107972258973
