122.98848842539073
149.0599697915816
135.24455499239454
153.4443533231284
81.44830498004801
90.45648859354597
4.037451156335264
32.86269885565171
87.14635729971828
82.32690191112158
156.0149455007193
162.7490701989417
62.849324316588785
17.60765922333304
31.37524832351754
29.172747207150216
140.6777782526502
118.4631976651634
164.24959296820995
110.81752255114769
55.76925229522365
138.67988924014492
122.87110088897533
160.3897556454506
161.7544222322481
92.22457313161075
116.8292315961886
42.08225439983752
43.94996689226147
71.335409177082
113.65851070618139
42.695043088379514
161.69780152206516
60.75892050104112
25.806717443702347
35.35700126911886
20.925868126098475
132.581884719461
119.80282496336268
147.7224040086712
153.2472940067515
54.53605732568053
