142.95700060683262
125.48179975710822
159.01299724381943
128.8042652452461
84.62417329489557
123.42454914545962
7.201123832876765
34.593373810634695
52.1481499120916
96.20030801619092
132.9041508437152
161.68788215248213
55.96450645370153
30.136338248164673
39.15727945357232
40.91428360112243
123.19603674851973
78.6824373815705
156.50064002622983
110.77090601847443
51.160355592804684
152.1317104574368
45.97891063949166
157.8617681103834
64.74434455564366
86.23946112981135
106.46591114404205
41.70324996502788
7.356603626768238
49.96788021468708
88.654402037477
142.20535887499068
162.83475604947537
51.87609986223947
25.124243247617073
34.89701659129762
41.311684012989716
122.21101134939916
78.80743099791893
163.05111260224072
111.08757151831938
51.91904077065331
