141.12169371893006
129.9526737165778
158.92753626701293
144.0819539704169
55.67172131970352
69.63681465623242
49.20904688584526
65.28486725384089
72.79893243949884
113.04428388732298
102.5413763661507
164.10661756527094
57.094378525286025
45.06769965552522
27.335573509176513
24.896370828465457
139.72559671255323
122.93179898167753
167.60098711223915
161.96428358810846
50.26251745997608
91.76115395635003
110.13821767044277
144.78102607739467
143.74024598135898
85.62325763965258
93.18890918719728
6.421849396945034
35.941948138038505
74.7165073564703
83.31236053261837
101.64751311493025
160.38207145674517
59.861309906367886
40.84671119573476
37.4883242368275
18.56625499407133
136.80632677116878
125.88718509562828
161.86433826333322
171.41759282471023
52.418260032121495
