138.07479087789682
122.71260166960253
163.06330833971847
160.8371766501788
91.15002524301912
120.94090242595367
38.60763432961047
42.001861086981584
37.78966475278625
107.7177408270061
20.82374178840718
159.40069734511843
37.824405103326946
23.554272636627726
32.72046256489829
11.643999655348727
127.10159863245126
99.91190942273373
152.97968861746392
155.93101400480995
53.41925713785942
130.16677079061188
74.67505316195538
164.3717797007821
151.24481874888085
89.0297841813846
107.67364904510528
7.610452672959539
33.22597955928004
35.25427770257499
94.1750079750628
36.49762247290764
160.21052004543301
34.17247230959848
21.968890046890944
32.01315880868123
12.979763241495965
131.4509303561824
99.62982727405857
162.69485817475058
155.0666056494489
51.56491721261295
