140.2925195688888
82.82907671075826
166.11969273588372
138.64297523011112
97.34225976195988
111.51002961603582
37.87704900135773
60.29067101615378
78.36638125928049
83.51657916031326
104.13838669176072
167.35706065228112
69.07597547662829
49.853136654930466
37.69896228842338
25.72354430897739
134.20644761420195
118.60683483236683
159.80474982388088
152.59152079469257
56.98640393041111
125.66781367889817
101.50389467886184
147.54938869789962
152.35671638880711
99.85493531881185
102.75195570696614
10.685144503836847
38.84546426214192
80.75392035061265
82.44053934632751
90.11007463775142
166.9927319512624
70.58846444108006
50.50635082275474
43.918129198711604
21.276457864802175
135.86009823586755
118.1798066760885
153.595015500379
159.702978394848
57.89221200948498
