79.31883463458315
120.40265303842911
164.37991556916148
167.2324384183057
91.24961217755441
108.67143074641037
40.41018995228209
47.560400662363115
73.18404588722953
120.20716893744462
24.9792915192972
160.64456443634813
60.58152367756864
28.729543018456166
39.32676269003718
18.418456924790263
129.55158589842986
126.89359536201749
127.55955934309932
150.37391807849906
52.35308868600779
95.96648255077538
87.17021068636396
157.46675281034996
153.12585568294952
91.49054583225785
114.29049051852596
8.618347332734645
42.971222764940826
76.55768919144974
95.0347344828846
38.26965220175531
162.55116391051908
62.3445951674829
25.77512597498933
39.22407335279403
19.521190156280696
134.55679225905953
120.00733274288137
141.56535235180155
150.3187294680921
53.41594107771591
