139.11772185179268
131.46167161861632
163.1385684609962
145.99483342164572
97.18895266246284
99.57896334019858
6.898416821488424
36.42435781752805
75.34807497034711
85.71446072628164
81.00034692394172
165.09540412872752
58.23467750929012
35.56136240924309
35.783109737439815
17.33679462217872
131.57150276138316
123.00818007959309
156.68381281673354
172.7370837909971
52.59951508515607
140.2925195688888
82.82907671075826
166.11969273588372
138.64297523011112
97.34225976195988
111.51002961603582
37.87704900135773
60.29067101615378
78.36638125928049
83.51657916031326
104.13838669176072
167.35706065228112
69.07597547662829
49.853136654930466
37.69896228842338
25.72354430897739
134.20644761420195
118.60683483236683
159.80474982388088
152.59152079469257
56.98640393041111
