137.52123333304073
124.52924902759172
161.8317751595189
153.24840935878635
84.57332345507561
124.922650139284
7.872360004678237
37.238286357396916
31.459952715579313
97.15582472389231
67.55515259784853
159.32748384635934
30.942191233773613
16.790712828123777
31.13686871865643
13.98831234353851
126.09585523801812
105.95067578979612
168.4129296556043
167.04421560241624
46.89471645062951
131.9074496871842
126.10767155734737
172.57592054513594
165.94942135889224
84.8734918348874
94.15529900495599
40.31207015722666
48.56685231340962
89.99686055496873
97.91868437993236
97.15604250097137
164.36679488385525
60.20359063067268
49.39158997489451
35.368633400268166
27.613195966508258
139.16591709970305
134.74241627985703
165.96690110813128
165.66657322136393
48.905248655675045
