80.15550632219106
123.78056219933904
164.34732809221967
166.25159743037497
89.22280413474105
113.82665572204988
40.01802186552788
45.39588746124557
74.18055000697069
104.06644241351091
83.69349912247904
160.9443712926892
67.51962789789395
41.80668047248386
40.55330732564946
19.64384904837641
135.140095464609
120.95861418507955
135.61213935185822
172.25668120577862
56.2109226992858
93.35170707431648
20.456863223806852
157.769959248396
142.871109240166
95.13957279715595
107.24563924759889
6.73131855253164
37.39848122616058
73.3148102285148
77.11399775072515
90.56922738935444
163.19347122771066
64.78961498034178
39.716801331584
40.9919249333185
17.787578467798433
138.07773872837004
122.56188892686329
157.65303555892555
172.27413357607026
52.85010267984605
