78.15747080246479
120.91111904704522
169.15206775899614
163.24566943444617
88.25027456728863
113.48732466556052
36.16878454134184
37.82504903519075
83.65450670625319
93.5869710652131
75.89300519825754
163.86532469020295
68.19175859153378
46.031981339029144
41.12420016638505
23.291587764130515
132.9061110224332
123.90989791742503
143.04276477005413
174.69477020082059
56.607289790033434
94.64996612645848
86.235120322649
160.01440300459146
156.09317107197282
97.02825716794253
107.80673619116044
7.293396121743565
35.209437957077995
74.82972234499213
82.17821362013422
71.64738248324394
165.8362005663812
64.71543494130536
44.6120662721646
45.624724962753255
14.256376351729656
138.7745234940834
111.38528496264729
148.04350768034593
167.18406097348165
55.97041312679748
