123.35308517601652
138.9751726954601
168.49825227156518
126.04036130287992
63.42257345381503
112.16192932256118
40.202311454214275
15.956103819601887
81.36611205088165
109.10490004543372
94.23327477935811
159.95949073252282
61.797945056701025
45.81300342801902
28.938823929958488
27.54256286891785
129.3572192268601
120.6578141301911
168.52896737120437
165.58100793481378
58.117552621326475
102.4920526334456
130.76123017322706
141.2935472934209
132.56900687005094
79.76669541113007
70.76194173277815
6.116991024583955
36.88762849423139
86.71812690430873
72.63571382788938
65.3867322084383
161.9400357261658
64.16181448110838
30.493877932851845
31.97131435421187
29.378549196631017
136.37889011672655
121.97770819296615
163.64000911055567
145.34386087324998
57.54477392825178
