122.91089042764402
116.9573917464044
134.18040403805884
155.2438785934335
56.24086811825373
112.20090905797461
10.2381177665235
30.449518715764988
33.825472783660494
91.05558167698788
66.38112281575916
167.00557586739598
28.618415825101813
16.131313946776714
26.716488855927683
25.508036307351038
123.409162868476
95.22461625471749
171.8603703788038
153.78208931900087
49.820215917239075
136.65050811755444
130.15983323454586
155.5220834545664
169.35666557316338
101.5913976673854
120.19615194972961
40.47059318725972
48.75161138542596
27.64248764140209
120.57692015744485
94.19048225202029
158.24181338238694
33.606553616007425
34.54063710748172
33.017068681561526
18.022487804440182
118.58526212900472
99.95095631947503
149.5043746439799
166.13237288221342
49.13006212671781
