129.20599713315755
118.4534760980736
172.8039266027723
161.24998741594268
88.12201932016761
91.80759307504088
34.99446998673648
46.328154512088396
91.51498376058183
74.93487763194223
93.68593290185038
167.1519665723548
64.93590785343176
46.61584450319782
36.81468763290299
26.42601091009395
133.82880729343657
123.19033765195547
161.1972193348168
151.87813123555185
56.33283719515828
94.3718797084098
135.60281065691512
151.0525554347994
143.61961068640804
98.91529593421457
97.83497898254622
4.9484251815234055
32.60272349459347
90.93607058967947
71.03521792689098
82.73859288001057
165.01006773911837
65.3179843228374
43.37555140749141
38.98734811107332
22.82296809726251
129.8443219150975
120.61557046421207
154.27639319904918
166.88165848513952
57.42966767606773
