123.08682287428294
131.89999646792242
147.31700733825207
145.84563528432673
96.65268427585802
97.83454230616367
7.989994006765018
25.272360987935578
56.30239503125691
79.35436177688665
103.02587764106569
162.21614078163842
51.88148024851625
33.78170379283355
40.051961517099464
15.31990939467776
137.53442416779473
114.08170895114654
150.59906906640583
152.87372153949445
48.25259598473464
79.53322431943218
138.5327746431078
167.5384858174278
171.3076857614598
90.85367546469543
110.67464599024488
40.4251203364551
47.03589640235721
50.73401969167567
104.26272379204154
80.83114371570575
164.67312114909532
56.7742033601362
34.45958093507851
45.58201408375592
15.882314683719654
139.88794543661513
106.36307328205243
131.82228669276964
152.91400671791854
51.842044026532875
