106.7339087652727
127.01063840474536
146.01995899359358
166.69414260570198
78.29287493775922
116.80812471354393
3.0950969838718176
36.04303937729435
78.36952403235011
87.03003123892671
87.98997550636038
153.5954371351634
60.47881632955189
44.8815474138119
36.54121797081292
25.468015917705493
139.99864979454506
134.64821857479762
161.44336131129995
155.21564603752998
48.759977347270265
132.947186904534
143.30305403145275
163.99308468498828
166.74182645441067
96.25899691437307
112.87112096978562
44.195842904255514
47.68111761138722
70.09903245605383
123.9904775174769
71.28617141185833
155.4316885841062
55.364376055138656
34.241579487078
30.891542241887063
20.6919210322215
132.94668506589304
135.72203055607994
142.31731713501813
168.61713037101552
47.42772303019581
