120.93189128944027
153.04546991927535
149.95026207915097
157.90237117872906
86.02104121334848
89.59745826120982
0.7210731262449146
32.836601296824966
82.37078927707753
72.00546780123197
80.60495322818196
159.32867533171844
60.451232846357435
41.13485360753746
36.11828652915271
23.497902863587736
137.90672469296717
127.21496543229658
157.39213027523544
167.36241460282713
51.98889420041198
129.61579497261388
120.27234904839568
160.274500070171
163.11535898854058
91.3446353628508
123.19636840028643
44.85701442757454
46.94653446417552
73.50400815204539
111.49923931952381
64.11787433670708
161.51247647962154
61.050561309108744
34.26276791004416
34.73340437880812
22.262392165447455
138.15751301884902
127.42819325632395
144.23842438326975
172.8945217566017
51.281516549913505
