127.2646785728584
138.54712694758928
164.55439527669003
167.02733814812763
87.25125671107756
113.8540539323344
39.82194693537108
42.315081607436504
65.37132948964349
104.94115257616788
45.38453361676059
162.12169004092183
55.00147669072229
29.624295879873742
37.988697084783645
14.278015801405155
139.10626186455082
119.86950124235806
147.55652645920864
174.27347774310965
50.905782069938546
95.2957621484015
135.8662182295432
162.86295078231026
141.3259367732521
97.05466403151533
104.31977333896783
6.399611358302032
38.212118803362145
67.14067848342748
80.99632587108295
59.92515780447594
162.59710798869827
57.63569162780204
32.220029479768904
40.557175918125395
13.363953669531979
137.28069089794445
109.8327806777017
153.46723746844063
174.7642109191277
53.97186186697138
