97.70178378188781
131.5528299203111
159.96958971742984
143.45227664851453
92.86626326872299
109.4482401276494
6.353789755823475
40.982678190056795
71.38085714946695
85.81012368796166
59.05499574046852
161.9771065933101
60.17816815715052
26.698090453323296
35.917139458862714
18.23023913283465
133.43606812053227
120.46318397630729
156.85062028803193
160.001773831753
52.80618688293703
134.30630796315666
147.54412426986207
176.25496142229406
169.47052739489973
85.68950517493315
94.71046897466381
39.25822995437883
49.44735188643335
91.42296365498002
85.70038138967917
103.3860859339618
165.6150743253502
67.48863018546317
52.07539511744021
41.61912963122361
26.098480778014444
137.70380407643307
123.90677520902781
160.54222554147236
158.85729894893416
54.2037071669464
