123.05297864520851
122.98459044408682
165.116073672208
155.47548272502024
96.99816184001415
107.92938691318521
9.937913345749205
34.12261913448236
31.064856570745306
94.79652731703796
102.74465400031436
160.3582968218984
30.96063636820595
16.73094029547814
28.80180348203394
14.915553936070937
131.93778745725572
119.83518107642415
161.0446001726534
173.43282913693014
40.7798782556695
132.32610136210272
81.35010574054814
177.60420264177435
163.4617185235551
90.3507978791769
80.88342751719775
47.77906622271149
55.96287843144637
70.10255272836856
99.76003622975853
123.56424632801857
163.564420441673
63.686929896992744
55.531888883483596
31.28300442312358
36.26144680430111
133.4900108927304
157.36440264506936
171.42486859987196
162.21623877372033
42.46199204366284
