74.27240763799566
104.4578243222503
171.79989169106742
173.0247514813141
87.75062818270942
110.31855162325336
37.80160693281155
47.156030694831564
75.32529951517891
78.03469284052282
89.74308458149021
161.78337148140653
64.06985430150189
47.17012553490629
34.898896695167686
21.157932809777478
119.26187440227719
128.59361710610952
153.86913355746333
158.04099218862433
55.93857065080089
121.13793678562625
131.91951212522784
155.9876902724413
170.7135871223229
100.58710852208974
94.59560123333247
18.949701865546963
41.679822897540134
85.55064323484592
78.34179804307867
84.28271883550558
160.96324302619323
62.940174452345296
47.26366960407728
35.120159571185965
24.246283684442215
118.59569958332108
127.13904652162812
162.47154264724935
152.709056163322
56.43442586979252
