126.75995550275908
136.04665991932472
145.53929982543198
147.13277906168034
99.2551028739541
95.427865632082
16.321518049215218
36.94048167263391
65.1880748965493
86.7051570437468
113.53981183575422
159.24874525362608
58.82982864776671
43.48622815423544
34.841851698276656
27.966643827086457
130.82551021184713
151.5279011377637
155.09835695099272
132.02772728104787
45.779700985840705
73.02546891426884
125.67377212549866
170.67260700183667
165.2815600760135
95.46894279320972
115.52329424694449
54.836538734600516
58.580343078784786
64.12284680868164
111.15960877700418
84.29619625711653
162.29396923839934
64.1897509884964
33.63226675641457
36.36132348783831
25.674171216186387
134.35448321498214
148.9748351209897
134.27820002927632
127.62545173879978
45.44819324324541
