115.71451342973916
99.86052517391457
150.04127811330676
155.13045912070214
96.68282101719691
82.75065741070318
7.454844796714055
33.54056516059194
90.85521897770424
86.78500797947608
89.7175411228952
162.3111144972076
75.02595716399576
53.79764631400714
39.45535574615915
30.173529643077412
122.58915937693271
121.49074005149497
153.8221470317308
162.73519214575444
64.82177036630802
129.53334387131008
87.99005165975758
166.96484463110156
152.2509313509137
89.84601014628595
85.30632144548039
29.66865897509117
36.821013195912116
93.51368938828165
95.31755490998488
92.42432358885611
163.87988063283615
79.44283734570719
61.31314728173948
41.52774472830194
37.17179954586216
124.92107380763599
125.61875130237685
169.80116887948998
161.30412194266614
64.58680928377969
