106.80591761699343
118.23804171672359
159.64083274024057
167.6142902933233
95.76208375634143
84.06103147657234
13.234199439317273
22.14539208839121
92.93596843043562
78.35041651143999
95.36133666212874
154.17445650085133
73.2985991735482
58.225426225096705
42.3818812559106
29.3728376971854
128.44199902346836
120.98883385682939
166.9004981469915
162.75964553656127
64.46530594192548
126.44791589818607
135.3718818495352
172.88113230610304
151.0824920720405
78.65053160377886
101.97242955528576
31.18884941437209
24.384209007269682
90.40306154930406
86.92944347765635
100.70542157844775
157.3376588508569
70.4971911437138
54.247383250251104
29.51092567330152
37.79692688727716
128.44512127664183
125.47859925638701
168.8017518468887
151.61739275804482
64.29395314450794
