127.32028541800875
121.05999967600987
161.209357839358
164.78828765879481
93.45030222204956
84.64213325747244
10.780961319898168
32.41983789748863
78.6200526149463
85.74444854101401
84.92198399846819
157.56838043449943
82.25716790246756
50.02399415077511
41.67523336776575
33.987187425500245
130.0403880124024
130.014744413875
154.2369265307558
160.84013981891263
61.33128323985714
114.17584354410755
129.86683786521073
172.92363589809176
164.1320785738891
91.0529185839294
80.6475297169752
31.41634449320543
35.12465806500671
80.00373647986315
100.64954550106448
88.35129148037
155.04798231700462
85.45951111679344
55.8944724583117
47.19819806748449
34.20926157545636
137.32939913818856
126.66942468023747
142.3001993590436
158.9785381010525
59.525752448237604
