120.13893832815056
127.3655513440336
160.83848829011123
164.58401728466885
92.03193004977217
83.46576483535328
10.655209083480635
33.59264234243065
75.10101395205898
91.6502387954717
149.6669193856553
158.39257353630663
76.96189512244507
25.622739286441576
39.70663830874377
27.793520020676578
130.8766408900642
119.563432013264
149.8068131553854
116.58201197984405
59.57905323953161
106.84683232716178
121.88624558507536
173.06704220966452
165.75721621836237
90.12133062767231
85.9951469411297
31.822645043104085
36.948940480893086
80.96009931546196
91.69516194267412
133.76316813571765
155.6035161556295
75.6637707291732
22.918759568436748
42.182109954711386
27.778622828937497
131.93637184913695
122.3953629602604
149.47552323190996
99.20724615498358
61.02803423700553
