123.28694855531559
119.44411210308074
169.72824850743345
153.39535590542351
104.24638184590462
95.97774236621392
8.080349067839778
14.495271241196367
63.94748410833897
97.59908462592463
131.56980468630556
161.6327360819332
55.274959019356785
19.597279802417972
32.8003065725095
22.790111684203282
120.5803457518272
131.92815924542063
169.48053171410976
108.43741128310116
45.10851537367181
119.29977940759791
126.9235072385026
170.8138602900963
160.8238187038303
68.71562655189636
71.55816426037472
51.447532935036904
57.21187875278603
69.74341514987424
111.230290609022
122.91589727765593
163.07425249181892
60.316050653378056
55.26090589515344
28.454535572522026
33.98824390257617
134.19351099777424
130.69565036873678
175.66483547626137
170.69409685366523
41.92938379101742
