118.13874450353552
121.47472915477208
156.18403865837854
151.7141449714623
83.82320822801937
96.98631741792104
6.010651460939582
28.41351087259007
66.83407942916092
72.44732020452854
101.41449018152139
163.70839414659878
58.444184765150744
30.791999306302106
26.526300969480356
29.83514742240172
132.60710265743455
132.1267581648844
156.33757165593946
154.0578914798847
48.72351342211655
129.42585857550077
130.91769282380434
169.76774380461598
161.78753746105312
94.74629733845235
106.64629877403287
52.01270269400469
52.51212007361842
60.78228501770725
124.8324345428654
97.74309511416656
167.51882622550346
69.37455682185582
44.796394011004395
40.290321053575674
23.519402737075144
134.7273355104974
132.19912966090635
148.73142127262517
154.48756516047467
49.59454774376245
