142.3875100108236
78.9472674239774
175.1535790082054
163.4358080747153
94.81861646461853
61.75011459592694
47.58217499039581
53.7074933706565
76.75312776431612
98.90151255302732
123.41159478665222
162.93701479065098
64.29775747256079
58.29697710212851
36.200746544653
31.630654816564878
133.35829099661416
150.6098921521126
170.34800516712858
152.75948392846863
44.978997069328216
126.08198075762142
117.79904092073582
147.08431879813853
149.38945731984163
101.06193112718132
85.41030907145382
7.003619744379139
24.468407348227064
69.92661267107066
81.32974903601995
96.76374028262529
160.79401864991976
57.2407043604568
40.58239714591958
35.394897294633104
18.962219863214607
132.08388930913276
141.176382019204
161.07333144571487
168.66735656024966
46.749341419558085
