125.94823459670963
81.19866526565882
173.99247231001962
165.11869665648683
93.3017879052014
76.23171896814446
43.67336388014866
50.69419123537204
86.54057962139376
94.50855198342917
121.09127358146277
161.20955152599754
64.82375159828317
61.7724817764516
35.37885551330706
38.02844584399585
133.89872095961135
154.570894261336
173.10893714172715
143.235589351255
49.03740730416859
120.86744897419665
124.75023799549531
149.41426888109117
148.4579648464537
99.06290356905549
89.11328300564381
9.149144261652333
29.57807705494073
91.93784187939272
80.15952618732354
85.51257533756778
160.72785241031067
58.61394672026979
40.93200570378046
35.73345835128152
25.539389301090573
132.53871525505483
148.9569859505179
150.55125557535257
160.67004425044294
49.20302727469525
