128.79830468554024
119.46284836077066
166.27359424041302
163.71639445248857
94.76433092822701
119.23223780382057
47.73322084965278
51.774377714167514
78.7499618897415
117.33874482856844
74.48852244653892
161.02149491800358
54.08300998321639
34.57414708001109
28.9952488194587
25.04419445828558
129.385677136457
150.78603304501448
135.5131518482373
127.79758180583622
48.29617071326868
136.5450757470966
132.75138250340046
169.69185465673337
156.94575510113947
96.26241203120067
82.09439383239473
9.24846113728713
29.01705335094583
66.36938121739554
90.39100240684449
47.1067613341202
160.39952909672698
43.78164538552298
25.34833728304403
29.051554233281454
13.288422389838166
131.9482258744792
134.34529551117646
158.35721542194398
176.74102568076398
47.37992763563704
