139.95784490574286
123.47440833500077
157.95482291103613
162.21957864353536
102.22789715494682
129.9441678550519
53.484964480010866
61.49816950618075
64.39656171069494
115.88997150927317
89.04682950820454
156.08393797673
57.54329373458103
37.29710787681706
31.61275075405362
23.61475082772653
133.7758899075951
148.0203536501076
141.13473363387965
151.5580870258478
44.82625141515341
125.36620941902495
130.31741682996088
166.55471939173643
148.21342063803897
95.26686199098594
110.56008874798435
12.819743632894435
39.94766558875332
58.406240760548215
100.6538156010402
118.74903576993674
158.12096079197192
53.90393495037906
29.502420357392623
25.958306446586906
23.09403752745202
131.591201021757
147.6795903656238
162.05477238467768
151.56058180465294
43.52590794111847
