134.1239498524471
156.10084578483287
169.38305575600668
156.18128743602742
90.91148000207279
104.94190678805336
9.311071299505745
28.98178583586361
81.24807335172025
86.63671819199354
83.71214170591037
156.8056370924456
56.33858976833854
39.84736472394352
34.90529947900221
17.552945529436744
129.72157796759646
129.46901138321127
154.3546941894837
170.7096864631145
56.75779642853514
133.3049311484428
77.1787936602623
164.2815749002068
163.6151693144711
88.13550961114613
77.71291132849859
46.21981090920059
43.51257121032464
85.89565936916006
94.51596423395132
104.475323180943
162.4631867077755
68.06998060361131
57.25150755239144
42.164001936385915
28.153549268605314
134.3145539475089
137.10888027735535
165.32121421514228
156.00612774279796
52.78413860938424
