138.2087137967283
141.96437308700206
170.23548880576774
162.9366032618112
93.91417727553993
88.73918641945858
10.57585153726277
27.933007164700264
48.50891983580855
75.60576425154466
52.44847013429405
155.17755882728417
33.06157811297262
16.787308378174192
34.19002378838827
14.329064132430242
131.12785369912982
89.39637144776206
152.8098059493664
160.02793639779827
57.01336176667265
131.1595667239209
140.88198006494085
168.3487275536345
161.401792382299
98.76678289522333
107.37230093683625
50.84818725299647
50.87285277637318
25.34467864197929
115.36067046005151
94.04438310918508
156.0721379242082
28.055782262053864
23.803709112058836
28.707493837077056
21.84996044999137
126.24256671973474
89.04111849654247
140.2695986878328
157.9146869799234
56.833237644770314
