129.2715251066766
116.27080718743424
142.49680880804297
158.50210161401512
87.13318337145361
107.15902951423091
15.653813015463568
37.93529069519104
37.02643993987312
82.18074121850097
89.85031818921324
161.21122989872916
33.09306042816167
15.438753715204426
26.957207938005606
19.27956203437753
130.75394819752873
107.0610615256929
161.71355071330518
171.44927928334351
47.16392396464763
143.23806271415924
130.2009028357615
141.08209594113035
162.77796612568082
88.63017051888067
136.85252361710158
48.07787939960748
52.99348965318186
27.801539615964593
117.39200483806115
120.4085184272059
162.8996139149749
29.712910605399657
29.452852621056188
35.89655338316088
21.97634480514671
130.5777108309754
97.45852286875474
150.6845408733984
163.7119571575955
47.485278596727845
