79.62581047836582
132.36938610531297
159.56275401189563
164.37104143201285
103.505666151845
118.37526024530305
53.49931798031443
59.05416898381627
36.96076314030229
109.71196977855347
116.63558723762968
157.29815173885677
36.74489334615453
27.96686197613356
34.88224915051674
14.762700926273347
128.57394305685398
96.81640900955921
152.83115260412077
168.47543854561567
50.93108969812425
135.53239531617427
135.1859479573344
166.98811347956865
144.3674439221942
90.87525950209978
112.64204994033993
12.018026847781094
29.852802732458926
37.66728574378058
90.40878636138643
110.59187958298509
159.81856702472888
34.16721154047069
14.00012038165961
27.588258340933272
16.290538848207028
132.42927011949863
97.75552757435297
162.15529388809173
173.67546787689784
49.529549979966866
