115.3018924111474
124.66830798422501
171.67119986706246
153.96404791927952
80.70246273236178
83.43775507150747
44.493233381370544
54.57982984470443
77.23530625947743
112.50598070466673
138.82775593362211
157.80950074829778
80.7199307301513
78.30844947734154
47.65327890033835
41.40365117541216
136.48378980459117
157.71896933238614
172.93560698979655
130.7389283392077
45.82315496548285
105.85178167364778
118.49811484670147
149.63497813637835
146.39740431550396
81.35317220228298
91.66736798510122
5.144911248683799
38.04497283516764
80.75281833889129
83.55144385846498
117.28808893548795
158.35634178138238
70.30114014325646
59.896726915634716
34.14590577751
39.26772600858014
134.6566835299921
152.0148644217738
175.42451934073065
156.2833520934124
46.471759908597974
