135.24441414372765
89.17096508657082
164.03015536240497
148.63559504961577
87.26973551961719
81.67970294137807
36.75810269411238
41.13777492820491
78.68183091859818
101.16132313602435
120.81632905681313
160.41209011137863
73.34046896008505
59.15598645095978
38.205689699275
36.925678963384556
135.9735608984062
143.2163390038335
170.1298759702282
157.5160168299501
51.22926612777453
116.92879056438338
120.58912823252108
157.84508603405152
138.14413649845687
95.02082985558259
76.5033229817826
5.258096693762516
28.785836798995643
71.06201957392807
86.03090787833497
111.1698450542799
160.3397609137107
69.16778679091676
50.91636586305621
37.97449764430044
24.929460509149024
133.3038331381677
128.62806092614656
162.19189931165204
172.01458138779347
52.216028536083044
