141.31059617473193
60.16115106558213
174.65020705003997
134.22708131737252
82.35216734084318
93.46858388660587
33.81673304775201
10.23625236243887
86.15690937734327
98.84345383935567
109.64849270528306
162.50720069056626
73.62099099909727
60.01268585156596
43.09946118933741
32.02964286613388
134.11964976769426
130.60126971369394
170.6435177123045
145.33362352497846
58.57562043688794
114.11130436504673
109.37395215749687
146.30218697804992
129.9940769658293
98.03191737370311
100.30446726254166
5.167601441253626
47.81251980374376
85.41942659951104
87.58285472601641
97.2258810691081
161.60877372619674
70.06310930320222
50.87341883048813
39.380604849806204
29.118865315426845
131.79133658308874
132.36956320433669
161.49538676512316
151.46350624073176
58.310652771572535
