132.08563711323103
88.3376399309123
170.84274384843243
152.56296369176965
87.26284110981169
72.07271449927077
34.90644291573015
41.71859302361034
85.35973464382299
102.43638099524014
119.05276339604728
164.21713299997623
74.97936430553054
68.25815373204327
40.1990623325904
39.472560730177946
133.51172158442313
145.54150178765016
173.90036888089963
140.12685726210194
53.741209065599605
124.1297614828688
132.88532115491256
144.59668069173614
131.48675666718654
97.03093274047451
98.60378009453842
6.048036500946493
49.01724072561732
81.81292505963705
86.42307903363681
108.08933851711878
164.11095468259143
71.36819738215071
52.56691936698669
37.10569268242112
34.70926593191019
130.7807097465104
144.98446160420252
162.9307982655342
158.09697734781685
53.950266488425584
