106.51885793587053
130.24952560089125
164.1569836406442
149.33296030683053
102.02699549897267
103.52062390437312
43.30761814285985
47.46441148066092
37.10388521219796
114.25289195685187
92.67719273276728
157.18094522821022
44.070251148044306
42.56342621728669
42.47524402806552
8.229215146676951
138.4995683482212
110.4515024925473
137.6204923578859
160.10985907364676
46.5396465171561
120.84830222902268
160.25653042843865
156.53337536816488
140.18847050412788
101.79433518656099
62.49942072126594
9.175735822902974
46.29792526785999
35.509788547749565
85.2173311173075
108.35452533937186
156.5480058379509
34.283721694182596
41.48204775547014
34.628941254142035
15.425196032197958
136.0455608210972
102.89262330326052
165.77994683491866
111.55958632784824
47.408844620163286
