122.83060054132079
123.94017828354235
145.8271676383825
154.79461802215377
89.86118177046924
86.65154725819356
3.034187121132573
31.74908372864423
69.35749342337213
86.08888771193361
91.78989864185029
162.44411030183437
65.2249713048261
38.41634366010317
35.2620968601784
27.687888118556355
137.0253368078243
142.86453054372774
166.39161806208827
158.60117469808318
47.889950864274546
135.19806569249113
132.94743840504688
171.0061175050314
162.1434648917946
87.12651857756339
113.53311624719511
47.996705750705644
47.02955768682431
60.032782617762855
122.15862125037975
90.60441423811734
165.3380232145058
69.6264649062551
41.92538425161052
38.03511663049138
24.16410684243676
134.0222082204384
133.61191248741645
147.55807404185876
157.9197593681206
51.025950442898655
