144.49801206670443
122.66178895212187
167.0440414985713
167.80395340246045
71.15258476183942
107.5916408717916
47.726730507849815
48.84182044076231
78.23952278844123
111.30570759154772
113.2099562618429
162.9481366610032
61.27935412633592
54.982970864599906
36.421929080108335
31.848016071022258
131.52148694055023
145.95839277784364
173.2001409409548
158.45103915828233
47.490746619676024
137.04602491628123
146.19680795284447
141.83801084698345
147.6496387003982
82.94270084538554
91.40378509291534
5.678385284585031
35.61750510520144
76.40018459489283
88.10594284949069
93.36172294567957
159.56669966784395
59.975280130888954
44.25822778969333
29.662963221564073
29.926644017351588
135.80997164463008
140.96062863354695
168.57275283058195
165.80253031453154
48.89047409729417
