101.27665691955441
141.46275297154412
137.95153509672465
154.41362286141617
87.63018769357431
89.32629381484219
5.164796696866979
36.89685890455329
80.1390024974762
83.89950469739257
96.83748279368115
162.62417748164086
57.634659184946265
43.91605778651532
28.592941891855684
26.113281442777108
131.45030487402926
133.11609656253754
176.05598921116476
166.6692546052824
52.228337315606325
132.62469837420562
126.81703862738061
170.10391872760738
157.70153720128266
88.64659281067519
115.3750364728
47.780848599277455
46.67106482789192
59.637803517520055
120.46554535189568
66.33010905805519
162.93688421229726
63.93355411009433
34.29912732635688
39.768996314556084
18.59670815604569
134.763319185677
128.60885814647798
147.65972218057257
150.65709146234082
50.33799469127947
