84.47352978886398
114.36258641345877
151.60290335837092
128.0708473468469
78.34159036485129
85.0842969410232
7.264701324935411
30.64624797489664
25.412741105660526
93.81068537342222
61.14685274156072
158.82377270444184
21.277472102562804
11.552282914888748
25.678648444295984
25.35883766735913
126.78480971169174
110.30086716446479
171.97076542866836
151.53181776976697
44.80185212849057
115.99721331899201
136.28076386739573
170.91725827922352
166.05375350209243
92.7681031890357
115.13342932757368
37.6005053582556
38.86632472054642
34.23301819917381
123.62504690518922
18.203563794876192
159.06620116713967
38.24404758625667
32.4953826683831
39.942705894127684
8.924763755956214
122.455070522345
129.06732285199212
167.8900533201689
160.70705306435582
44.94916392056354
