109.83853469941349
110.73904825512933
145.97632385232356
150.96673316261618
88.92810946648146
90.21605161406309
5.270713561899716
25.497723750681555
77.58433279068264
77.92720720388368
77.70605292693499
161.0497162641168
59.522568314850396
38.50648601257681
35.29251128087006
19.558568321098853
136.50181096898905
123.80447603396283
165.27481157303941
160.2053945271237
52.75904640946037
127.90810516480988
131.64921260434951
170.4366794679592
161.02814022712116
85.86935074805876
116.59074946631002
46.34045965250306
43.07102073744911
62.6242112586211
111.03157978620075
91.10589895313953
166.07642283284952
62.350430304469775
39.161692336356076
37.7503835279776
14.61450767439961
134.98981190329593
114.92011616771464
137.86510205649427
173.96274583149133
53.08310615529674
