92.27373332316702
113.73915704578926
145.6644157792705
148.3468955742916
94.89823503435362
80.16606257592865
8.284550223760679
25.096983429780778
85.49327415886351
74.12851557092122
83.90762094949918
163.21950517384653
57.449937893093555
40.77781910764088
34.680719350356426
20.092484952374097
130.94254925495065
126.69656724538946
170.83662628875825
158.68875609913604
53.139826329733516
79.15330003017199
132.68257019561935
162.91764187522483
161.36500677651716
89.23061432808758
112.35553155204822
44.12103447348705
43.232856832608995
69.50377625447604
111.25778467314862
71.8953890202229
166.4861344323306
63.8547199440503
42.18835724373946
40.21641145451219
17.293471445547016
133.41447522928848
121.66521301066709
134.92161631838644
166.52866981694248
53.451392210108196
