95.29324003570692
157.98146715060034
138.70774928464368
161.6906664764268
90.25815004814778
90.291475586586
8.021700653416275
27.92691849049747
86.80872530936699
72.88115053705936
89.79456709334194
163.4852992137443
62.09184161494774
45.23222305661168
33.46093057467042
27.17330934129953
133.44861680820642
128.2504363414933
167.25720494456345
162.84464685472778
54.54111177794431
83.92346386227872
131.34509416972435
162.7443199155082
158.31642537565455
87.31937547443808
115.94091006359082
44.94400964257278
44.387893544493025
66.45736999595191
119.62062758715783
80.00184861490916
165.5465450944207
59.95327458319516
28.476224297790804
39.025348650335076
15.197274269797026
135.11997086243804
117.13461523312488
125.41684871413446
139.9856480937754
53.25017643975989
