126.19134614204127
134.45801017741022
168.53673099004686
158.0730347784606
88.28052988910399
115.08317510897474
42.71935582594963
41.18576844500504
71.13219125531319
115.131121346633
90.01332677348044
164.26512503851106
72.10796142519987
51.34795354304757
47.628735698071
20.773219495829046
140.03088945576457
120.25181723917174
133.08530591954167
158.60481539868067
55.023466973875365
135.41159477785897
142.33785075919226
169.4977898391543
149.1723747820659
95.78031613046623
104.51054327709889
7.108040322559456
30.96337122908522
76.47601449250281
82.98966162961909
89.19145455826605
165.47330103632268
63.72170036498707
38.89356612466713
40.631415984235026
18.338739624415965
138.29597430025106
117.69548370415612
156.2530942272206
164.3039333912091
55.208523903900264
