80.5278129981273
140.84873698517129
157.51424668463943
158.65759494346432
81.55950343741813
88.34998821211668
6.289935816177205
27.165923165526742
39.93222100298445
81.45009491353103
98.6164256911115
161.33536572374408
28.666788126857696
13.161083114313877
25.584430261847785
11.987708198964139
132.93695610257356
93.57435772243548
134.97060644612318
163.94676150523682
47.51346397641179
128.2318408580319
132.04806996478973
164.60105088709523
160.27576794895592
96.8611248421323
106.46593874402247
47.66116406728646
47.78369917487536
26.60061454054419
121.55915153254134
73.1563979222974
162.58758702827672
37.15315504353127
24.093088854895804
39.11702572390504
18.33480676212869
133.4578253249204
94.8645422767227
147.52838397944913
165.48331279449573
49.96552854995002
