120.61730924764798
80.96515754492283
154.43899991504412
145.48285074391055
80.44842036985418
60.325581742255835
56.105469808302836
69.783374923408
30.81036797084981
118.47543589446414
136.401650603105
163.7601998881631
33.10537289708456
49.30021159424435
27.050036535482032
16.268443596572894
133.42894071494226
91.93002537852823
169.36549938010307
103.24839231058587
45.90983027940513
80.5278129981273
140.84873698517129
157.51424668463943
158.65759494346432
81.55950343741813
88.34998821211668
6.289935816177205
27.165923165526742
39.93222100298445
81.45009491353103
98.6164256911115
161.33536572374408
28.666788126857696
13.161083114313877
25.584430261847785
11.987708198964139
132.93695610257356
93.57435772243548
134.97060644612318
163.94676150523682
47.51346397641179
