132.92187646386228
138.87873172348733
168.2428399327189
162.0728293839969
89.44957397310198
115.70056639997645
54.332707163065194
54.66933305067162
62.723044735091
121.51867655476525
81.60728105718742
165.45280939345702
69.19067488885605
39.646160941726464
38.37379717587645
23.45623591579424
135.12222286539324
132.049043892507
142.91380163129062
150.3489976788515
50.96986057667666
134.93753309104048
131.37302448049581
168.66083924442836
150.8854916276812
93.2824723041239
100.07632824693127
8.427985845017842
28.840107263063555
71.58862273001314
98.10298962566621
89.52425637180842
164.34851381915146
70.1300697941263
40.95453921519669
38.256208812425456
26.358796443638862
136.19033777329403
128.78829939898702
150.05601057720426
157.56145755616362
54.32778947239132
