115.02627691780147
129.12130518539342
144.62961785366568
156.16018796057767
84.59896534759831
93.53588710433117
5.5364706443686345
29.15892490509236
74.50624609996738
79.67396987195252
160.70648186231992
161.1442430018522
61.29422914045124
17.897282164823466
26.119802895446654
34.28573482576998
128.98830325542204
143.5960155181686
173.64904145499128
106.78916215580425
49.43870649220355
132.92187646386228
138.87873172348733
168.2428399327189
162.0728293839969
89.44957397310198
115.70056639997645
54.332707163065194
54.66933305067162
62.723044735091
121.51867655476525
81.60728105718742
165.45280939345702
69.19067488885605
39.646160941726464
38.37379717587645
23.45623591579424
135.12222286539324
132.049043892507
142.91380163129062
150.3489976788515
50.96986057667666
