132.85874136304122
130.6028249278363
175.7594056785831
175.0450128671995
85.79402048954832
69.7123092196991
52.84196434011045
53.00308528574322
81.71213633585288
87.88437043191817
106.5819191066226
160.38585953374098
64.41033955932882
47.32223821587332
31.44951834052265
32.01606775659092
129.46601121840578
137.98748991915048
161.1678032063721
158.67378324409992
55.32128200654393
113.06639797055949
106.1525856863572
152.82090021378406
133.73063085474715
94.37048213789214
107.43234732403582
6.798544250443305
44.61473441291265
84.35385481440784
75.84530367817516
84.19087247799747
161.64829459185572
65.18794726440547
43.25892766275924
33.50064648649215
25.329187651791628
126.77210788943482
122.03760458442348
160.5881150891824
158.93639558987596
59.626433855895776
