100.85802621997964
102.7073028989766
144.11292594937206
140.20908689743388
96.56307612816781
101.52042859876356
5.355347785904731
42.11089598063655
85.2470300346083
80.52640609654813
82.57519402582682
162.26261253707244
69.29998456566524
44.103494836712706
38.82613485757673
25.544717693245882
129.4376481262203
124.69856052848856
150.03248188664503
165.97658183112395
58.96532478500412
67.95722110899148
114.31658567212752
174.9972105246354
168.33459024885053
91.38905660881392
116.1604901243444
58.65081783485291
68.93727205254517
61.65901702464354
84.00593429993262
24.97879746799365
166.71595241078842
53.87450792570547
29.568911290563936
35.73483746777486
17.21316942041307
128.04460942287412
130.33815257543378
155.77823338166365
174.3396264731503
46.48096531782385
