120.88698699838362
138.01289768385737
165.02310441964178
145.45070298475397
95.98067481409629
112.18758880569436
7.192068636117222
39.23898809154261
72.23387427279945
98.89397292111039
115.43374923381465
158.943544759373
59.06936795071953
24.209313711339988
32.42766483833396
21.63103788852623
133.26587209425782
130.27984154243816
155.15062760282595
133.85120556488403
53.1990436584914
56.963294938448705
102.46850639378215
137.69207017866722
150.71883416771007
62.21248196006609
102.20959317322749
44.76302126542424
38.07375707199928
74.31860872142465
91.8503717964917
100.28213795884875
157.2296768633217
62.259695469380084
44.34890263082922
32.357700284472685
24.992914312407343
133.16036759479428
131.5361392937204
156.01927649566812
168.01886597962925
53.13193802627851
