132.99735822795688
123.33082229027829
179.01880855890556
167.9693161205049
78.3668242097232
105.51748826527424
43.290324777790886
43.83399438258592
83.23847848670871
86.38189492562206
119.77022952908148
151.36240604033597
62.787619442849426
51.0591868698902
31.75182069466889
31.271982108231136
130.32810879726446
135.61714549155755
163.15582343099118
148.82080768036334
51.19372522057823
111.35034733608471
143.22561191897617
138.95241603554084
159.26655072853887
81.4214729038938
120.30215274684008
7.258162631925454
39.746243309730524
74.91963884282774
79.06563725351685
82.3712797359391
159.17608424442412
56.611780195914115
39.73342101215257
28.327713037533336
23.001541246871966
130.71858847775312
130.1958884264753
152.88948399982579
164.682375747239
51.96905947712409
