87.17208025834925
86.15638541204167
166.63510104451106
170.7160844635337
91.50121102169982
106.0829169804556
50.591226971454695
48.26198387354525
32.10829380946463
82.04541615358278
111.31880031058907
162.20285324235948
25.79421117444893
26.613804749318703
42.53219415105977
30.834018708341855
132.07246640184258
17.77123541828128
178.64300256909004
145.54123797815225
74.93417446837401
132.0418973146139
82.37055379823198
147.39109343868074
163.58470082362393
90.01977484146815
110.31973988386017
17.696361452411917
25.25923599973349
9.318048112233681
138.57292186875804
105.61264782568614
153.56834144653638
12.98733119345745
75.64284113174283
42.70619633499569
35.50722770480546
59.350088457148736
17.39282855414331
52.92372316145158
145.36159669590978
36.513682518242966
