126.65322076304221
136.666225306398
173.30654696331143
164.32521432582215
84.54608438232385
64.17444704102046
47.01081816051804
51.472729205408086
82.01203431940131
90.12457137367905
112.23585494323382
152.60632540442475
66.09423066544257
53.41579513782045
30.20930843272039
35.90902591104822
125.41289122298207
140.33043037792493
167.97380538721077
165.38964279126407
49.02021280068403
109.9497229467652
130.5939741230515
150.2201992494282
156.38870836406264
92.21536414730626
78.57983231051001
7.23532364991021
32.63545335115771
71.91486848472123
81.90887720791362
71.17665064727781
157.47069473224352
61.56120223539076
38.64112723874112
36.820742372147315
21.839136342360597
131.12378353672415
131.2190628273538
154.3977082614426
167.34221903677303
49.80818070173483
