95.73669742131825
144.40565358804122
163.47039678105835
143.99022084145395
95.95521196892219
107.51976073151275
7.846235154153375
40.438373311456566
71.54480402365965
85.40297140531955
68.5996906636734
159.62423188387282
59.81201011306647
34.75527325158449
37.03707523078748
19.001156554293605
135.1115668238268
129.36448878993355
153.93481804044853
173.05720384453534
52.103254248107056
132.46652566258675
134.46456821467734
168.12902169868664
175.09869290928523
94.7607790883894
81.45316566102021
39.344438156279075
48.33271418208859
91.25893979189767
85.96637804555519
98.3488538037744
161.31308344151356
67.86121599456186
52.29560362591964
44.39873580007186
24.442220133921428
137.89668816353156
128.95316196730724
162.54539913259185
161.89150049822993
54.471619004746934
