108.22688281582838
130.29196204517837
131.97110552492114
146.19326763333916
75.33732722460415
88.7331841902606
3.9360000479954107
37.58717074264201
38.73492028663231
96.42361436902864
114.77415926213526
159.8514773309431
34.912267401483646
4.42997109420845
30.013976060449853
14.361869557368305
143.5662427158804
79.75457389808251
162.5693146703906
177.62310174212462
54.05108479296381
129.97881021288737
132.26858611291883
164.04935328473476
167.78533195602432
94.47820144078938
116.27046423806598
40.61250892411618
46.74391716976455
70.63575293266416
115.44630880246974
81.07483759864654
155.697451031113
59.651915848834406
35.8233993760401
35.656661878317905
18.58892044469895
134.1438636436226
124.46995406176644
141.80420066191903
170.30880293667306
54.54700778974608
