135.47995827931354
128.79793111499214
159.12971460389565
152.1068587144277
66.46244759965322
93.04933628950333
40.04139876020134
56.09783740242057
41.21505523749683
101.37099399671348
116.50353970700804
159.90794137097816
29.321571902029827
3.4259892229888367
25.626176542624755
16.701734557500266
134.1766881828865
80.78715932693768
169.73280527730753
177.5538048043403
52.64290476902189
124.17311146124536
112.75663073023568
151.1482199258228
145.93685913785805
88.96254624927418
82.97261572676882
2.7402348214552426
29.790204980003168
84.30640674478923
77.75196027963455
92.71811854232678
156.9107842914812
57.80100624601715
15.633443371608324
36.430453305419455
19.794835846705315
138.62888661042356
123.48991293951119
163.59042249921717
120.43212647634822
52.74349550396929
