135.25287871345833
140.78855860733455
162.41680965424501
169.780776889562
86.57346677174505
117.37438389413371
39.780307340082956
43.19346979480942
72.4098967811597
124.64807235369545
76.2405921120247
164.80856199216248
61.19977742124216
35.06618698722438
33.15085019981533
22.837738135982033
127.98976529442238
129.29496401321063
140.63196753921957
168.04940302978162
53.79651753167022
96.50861704892844
138.61536427589482
158.07277482406462
141.40660203192667
92.63428321688228
110.71572577799044
5.710113250002292
39.735157243602984
68.73555313443568
87.05807882492182
94.75661784319358
163.69143763638473
61.863309676088676
32.70026033697729
36.04337106669235
19.475454593783027
132.78818151798262
119.26979973038276
148.34624435216898
168.25478652708432
53.12182254746402
