130.74507916769497
135.9447238630504
154.0982701785592
166.58334822899963
77.86578127133757
134.01036115798297
41.12598792188214
42.241389057918695
33.98070679633357
108.97866009537486
42.294071181616246
161.89277231746303
33.43134744478495
24.565442246707335
31.281553893289082
14.907243047331354
124.81842872718535
107.5599128560571
152.0372414072933
165.15867569256585
47.86712056255223
124.42922257714316
133.84766683829778
161.7384750234601
128.33898575896032
77.00943095473403
132.32021218441855
6.307145938004807
31.948999339435815
36.223543038380285
94.9714559819444
61.36603986602596
166.61076532551917
30.336279001051278
17.689123892588764
30.857696453405556
17.109079726548682
130.21888006963906
107.31771855617438
169.38983860797666
165.07572680080696
46.718579373993954
