126.60636368621715
148.17884601330445
119.41017454652687
117.73099464060057
90.19483360386049
84.88774961468916
29.612216595679303
42.10536205970067
81.48546105040168
83.1876046411373
77.62393027745192
167.8747402717672
70.25424843801153
49.00631583832467
42.66381244268086
25.373229939387663
140.41189032341424
120.76979374954493
156.31281613734322
159.36387869175093
54.6678460163453
125.2385969381529
104.59743221512991
146.49195185358667
147.06394676140673
96.4171971958693
100.28730530098893
0.9080748522238592
35.988718657512926
82.78529178830344
78.69469145424185
88.61561158695176
166.3508004799306
69.1249972637651
48.25880879240279
44.24551310496892
22.200400553736248
139.76054923712397
120.31960049826152
153.09056379039475
162.47493776249178
55.75364027242969
