130.16677079061188
74.67505316195538
164.3717797007821
151.24481874888085
89.0297841813846
107.67364904510528
7.610452672959539
33.22597955928004
35.25427770257499
94.1750079750628
36.49762247290764
160.21052004543301
34.17247230959848
21.968890046890944
32.01315880868123
12.979763241495965
131.4509303561824
99.62982727405857
162.69485817475058
155.0666056494489
51.56491721261295
131.6750517370305
129.7924056617513
167.90641511914012
174.4189838581289
92.08263289875579
75.11490165251723
37.551430774025285
41.0638489609471
89.16425032080026
90.52414398422486
94.5412883224778
160.47085199358946
59.02340904960143
43.11347165372169
37.751171740084075
21.27362285563856
136.12182078567454
127.2888715556826
162.18862132388455
170.54584398539
54.120573724758444
