138.37704964831735
118.87921125775472
162.1482404944419
165.24184790319305
91.25508852032091
111.37460191839187
42.2775895785695
45.92758226226516
70.72347884799967
102.80688142296049
76.60485116806414
163.6524736806713
61.38014346200346
34.77655378640053
37.52285754020908
18.88641619367923
136.07023603738287
121.76834358501331
146.11629960138336
172.7323745484729
51.69449586348878
139.11772185179268
131.46167161861632
163.1385684609962
145.99483342164572
97.18895266246284
99.57896334019858
6.898416821488424
36.42435781752805
75.34807497034711
85.71446072628164
81.00034692394172
165.09540412872752
58.23467750929012
35.56136240924309
35.783109737439815
17.33679462217872
131.57150276138316
123.00818007959309
156.68381281673354
172.7370837909971
52.59951508515607
