126.2528603443725
112.4631238065459
154.95448829848718
147.1913615084163
93.01816068111435
79.81559671861639
2.8939264661464357
28.27785173706848
88.48985772752218
84.41139427532823
81.07444173138131
159.59643149136096
61.587712128660215
42.142602285965914
39.893218578451716
23.44176388318503
137.8292353501305
139.22140725540874
152.5114331175478
175.6701133274209
50.9842435174315
138.37704964831735
118.87921125775472
162.1482404944419
165.24184790319305
91.25508852032091
111.37460191839187
42.2775895785695
45.92758226226516
70.72347884799967
102.80688142296049
76.60485116806414
163.6524736806713
61.38014346200346
34.77655378640053
37.52285754020908
18.88641619367923
136.07023603738287
121.76834358501331
146.11629960138336
172.7323745484729
51.69449586348878
