128.4575899365874
131.8151538469602
172.58354211448417
165.55166792484022
82.20537237438133
91.86859457033785
40.404531064781516
48.99656034971423
83.39366119029417
100.51765444794623
112.00835168039843
163.11776859747658
62.94193095074325
51.49830865109278
34.521286929409854
32.49447307526059
138.6651346482125
141.66593583239776
158.29136964855442
155.71299784878093
49.034966470162814
126.2528603443725
112.4631238065459
154.95448829848718
147.1913615084163
93.01816068111435
79.81559671861639
2.8939264661464357
28.27785173706848
88.48985772752218
84.41139427532823
81.07444173138131
159.59643149136096
61.587712128660215
42.142602285965914
39.893218578451716
23.44176388318503
137.8292353501305
139.22140725540874
152.5114331175478
175.6701133274209
50.9842435174315
