74.40661866708435
119.99936251833145
173.54254201949266
162.04373017515232
84.94894826984445
116.41975892527584
39.305801702707654
40.54526705106583
70.12799071189355
101.97315826557795
65.94914293993293
163.73064661765292
54.11708652051343
32.25089794516213
35.19006358550495
13.013692604519246
136.02080155397385
118.70758673711198
140.30295272231098
166.3916998938166
51.10358132674263
96.9950677207129
139.8580372303757
158.35542650411355
150.19865108167855
100.62294804837293
96.0074390860344
7.106649467876714
35.73115837502002
78.04762459571185
74.9423609623796
81.79411657739097
164.00477528127715
55.801888432074456
37.181513141346
35.73660454361606
13.583131426000476
132.1381110694812
114.84890932646948
158.49651183524952
168.50566916830846
54.23968025182942
