128.75997969060003
142.48584908805077
164.69326682699565
166.72038738750527
97.4029301537655
113.40630616331747
43.6783566541076
47.6556686428466
68.78708779130211
116.79563493260935
101.48548594056238
156.77565499963416
55.858517613061736
6.7918278935356575
33.31813781968257
17.076254896273742
132.1663449564459
125.9928997246865
142.78533121890436
104.4303203432798
50.93089176581959
97.42360471622345
83.51060090507795
163.04690717729082
143.22601952216087
94.97685699288697
103.89185519637604
8.101622938988632
37.6824926508983
72.47619590241045
83.73793283783955
80.7345338266106
156.31771737365162
56.51802989749481
29.785758404763666
35.43955310228993
17.1475976901233
137.77000755911865
126.7587988719085
157.94309176003836
157.18667861163325
50.541890674294216
