134.76239922468292
128.0789999423079
160.4196922611754
153.26016952561795
66.0176163359016
98.31994460435291
45.12650417987684
57.21001756381874
76.67782327426802
106.84524037421282
103.24752554279735
161.09180023968236
56.007501636103605
46.48860836586891
27.939105005980824
24.119496271107586
138.10922285695725
122.99263087785816
169.05076593297193
154.4427900615687
50.123935949798586
125.73863505295388
129.3612019188118
135.81658821895837
161.38823207527636
80.49607536526307
107.43350187044778
5.064354918402862
35.942783573331006
74.47370697637467
91.0632019086434
127.7769883589649
160.82948128521366
58.64382509394046
16.45890760318677
28.35686290032144
25.920606122087328
137.86757362490152
123.93977283740732
159.1173394847689
99.12010146267109
51.873546427783666
