88.67712235989254
119.15159222387358
149.64069236753954
143.32878310235319
95.2406034215812
77.79637662793108
6.401282578638255
28.552304828623253
88.91194841892411
70.40803331765592
72.60805967532215
161.29710160426234
59.83521536698289
43.53764682982423
41.97245284498325
15.880612434348736
131.62615491218992
122.58784293051137
158.81177055986257
162.4809419367475
55.2351704511595
78.15747080246479
120.91111904704522
169.15206775899614
163.24566943444617
88.25027456728863
113.48732466556052
36.16878454134184
37.82504903519075
83.65450670625319
93.5869710652131
75.89300519825754
163.86532469020295
68.19175859153378
46.031981339029144
41.12420016638505
23.291587764130515
132.9061110224332
123.90989791742503
143.04276477005413
174.69477020082059
56.607289790033434
