82.82254251820778
137.56921455555008
167.79365308385047
162.06585959891393
92.74515595873072
122.35607027555622
41.29504772076659
43.32013284021814
72.32972721184969
101.63645064693556
22.97021696710013
158.60373914988457
59.07690781895345
26.872223568896143
37.21994047814623
17.925007307111088
128.59800533712695
130.27152329965176
148.02963899274326
156.82603991103264
53.216588071005184
136.66536044777695
146.58585733958853
171.23596672907203
147.49474620162158
89.199654074118
109.57298314025255
6.348180294925861
29.665892972821236
81.13930821743732
77.19112117752765
49.04627767141608
158.8076756548072
51.8218661026417
23.83936994248406
33.08359404051274
17.889242460647925
127.63607433444278
130.69395080458855
163.90503779236866
156.52316348342939
51.63730161383268
