119.82422052461885
125.00143263482902
169.03495622102523
157.56962829636882
76.14810577922896
96.22012099796024
38.182119082262
40.606261683337614
95.98889195658462
86.55015931255589
90.99398951406933
163.6758408082709
61.963622070435605
46.62185534369288
33.27093842181272
29.628610238237968
133.3277677182587
126.84742099020313
162.20445859200885
172.93406001424916
55.37413671150112
88.92306048549207
114.79358542174337
148.5993777047006
145.2264310159612
89.6632060519041
81.56539123131957
5.6532675955792175
28.806060768634975
77.512545557968
74.2709265385039
83.82980416409782
159.74950568693447
55.48884945708102
43.51864615105761
38.970404361141235
10.931065649497135
133.2313431597919
116.49764918278024
156.70847902401277
151.8269748546164
55.681731486906024
