131.7129539628901
82.32986093486517
166.23275140136724
120.75217512623583
71.3445940650867
108.02874373731026
9.44923541923348
34.596246015399984
43.588521889459564
97.6818190019967
105.83550737326229
162.35704550276603
33.21602648447154
6.360322036785138
23.576087428022173
12.67419584639434
134.04901500488788
93.15869639817814
170.42294687707178
165.11848739781084
47.785375443168206
129.32861639716907
125.00897105763731
177.57284980760502
167.25933188532497
81.37807664318206
83.73242449477641
40.34726810984304
44.83066847282493
72.34528678161043
94.7080134094275
107.21830373058687
160.41420018514236
60.16443592568819
49.76018266754962
34.848633654538666
17.790711762450744
141.9606372653244
111.97172919324147
162.41709147545862
155.01061905081988
49.56114577238911
