132.947186904534
143.30305403145275
163.99308468498828
166.74182645441067
96.25899691437307
112.87112096978562
44.195842904255514
47.68111761138722
70.09903245605383
123.9904775174769
71.28617141185833
155.4316885841062
55.364376055138656
34.241579487078
30.891542241887063
20.6919210322215
132.94668506589304
135.72203055607994
142.31731713501813
168.61713037101552
47.42772303019581
96.50814268544475
127.59702584490229
161.49395125738772
140.25032016424575
93.9033976687023
109.4616239265955
6.421847002865608
41.68639931931914
73.33679625661355
88.55258548972238
69.29643142251997
160.00934898870446
55.99369243930486
35.13340518060773
33.064227980228246
19.56898342219473
133.15695704070967
136.4988964612451
159.02809618679228
168.72186689832162
47.29838753376976
