138.29053310235713
131.99186824529448
156.9796681322818
150.1977211324495
65.09908446075082
89.65859494322574
46.911235163772275
61.86798238010713
80.13308933103032
109.33898675553665
110.66497724246345
156.98309455396617
58.78133794720869
50.09781310177111
29.7728361466269
27.98295349244552
136.9397279817501
133.24257133874627
170.4854367506772
140.14218235303198
48.60292840751452
106.7339087652727
127.01063840474536
146.01995899359358
166.69414260570198
78.29287493775922
116.80812471354393
3.0950969838718176
36.04303937729435
78.36952403235011
87.03003123892671
87.98997550636038
153.5954371351634
60.47881632955189
44.8815474138119
36.54121797081292
25.468015917705493
139.99864979454506
134.64821857479762
161.44336131129995
155.21564603752998
48.759977347270265
