138.9343683663849
138.3204227633615
142.40171852007077
156.6891956407983
105.56516046417853
92.25823888810574
45.998734910903764
50.579395487683634
23.6551211022173
106.84311277617144
105.77820454726177
155.2515003933184
26.857711113335707
25.882683735048502
32.37202381891022
27.441045762691722
118.09915918558158
92.45432120894085
154.15698682069672
159.81859776260072
50.293755554117986
129.57156536135295
127.47924521923908
159.7561716639853
158.266386337026
97.26535703834278
94.16886897206011
8.16367670315503
37.10164521874263
36.49434426783422
100.80093304792739
76.56279813507183
156.81078979788722
32.23005068485787
21.334867104887934
30.640029315212487
12.15789499439018
122.02313363466207
104.09322316425612
168.84193671980805
165.91322259566897
48.56362868957814
