97.57507540255921
120.97046460581362
162.90665519338845
148.07976203165444
92.3879463112315
108.17100803033273
6.227641310750908
34.599908788940525
81.74076706083407
83.76698401232358
59.717705634519014
162.46410461610634
57.75407955519416
36.649116389324995
34.21015971339025
20.528715252071343
134.46078942670127
128.57073924173412
157.96017547009518
172.97452847979116
51.99952280300882
128.8593172505448
133.72993681470533
172.82646193365204
175.66423453084045
92.7581867606607
77.61392726166847
40.48933687334059
42.34890934454088
91.22504105291338
88.12000256206491
99.77491221228574
164.9180941829414
66.92620742144125
51.66909939785647
41.11524968689332
25.81419692557604
136.86163328275876
125.67519917460214
158.79248268585167
162.53978913608685
55.01253953208937
