137.28705109223588
126.88216429568162
173.62881427793573
170.347680473695
83.02974425694349
69.35891081644006
42.032895193940206
47.60358904673672
88.88974933144571
95.17073485373348
98.47834859332254
163.11025102659548
58.22182859522424
44.4555787091643
32.33854395183034
27.418392306480353
139.49339957810108
128.38734635666123
164.96340316417096
178.5207322412528
49.3874493471194
119.7341582668571
107.61316810128545
150.48262239868623
148.52878870462195
91.26153894968624
79.35774009607499
3.2696306410497287
31.725150118274378
75.18224155284634
78.3107415790558
71.43828171159116
161.40600789640115
53.82820955403969
39.321190928945896
37.22849246557216
12.123360391181587
136.88284516320846
119.8353044690437
156.32883506558076
160.0951086575799
51.49919805636428
