124.9812937481352
84.79470982549456
173.12420698684056
146.96431086983665
86.70609707426149
114.52525099482118
32.310251952361384
43.014881434400415
101.91707279224484
75.75428182522705
80.33441384666448
166.24949847550786
66.72416853313163
48.49427944507849
40.6591972738527
28.126019216673825
137.32800474022778
123.51539949618763
159.79309849345935
160.36798670267905
56.12194476675137
120.90582454884577
127.72895952766206
151.19008390981352
142.68810685651422
95.11184480689556
105.6190753599751
7.655053218745183
35.9769519886309
94.34779327411394
73.24688330599551
85.50267675220582
164.11549830095112
68.2769815286421
46.965301709357675
42.587151021905704
24.596130694186275
135.92167243586692
120.9157556236416
155.1474271841986
161.40978598809033
57.92304566122188
