125.99746133841975
132.2235854564044
178.66226931920477
177.12583617819962
90.72835008765328
77.35254153538823
47.21474919650754
52.334012646379946
86.48630602689798
94.29569321271781
112.32360873913713
159.50889200080942
62.375844635247105
54.844346557333104
33.25398837784765
33.43456305728001
132.73803569233752
143.29947697805034
169.4995727573811
161.7108565513474
52.571318431598606
102.58725503325739
94.39248010830075
146.79028121614587
151.4345904284654
96.5683396668324
98.22337138430466
6.758686127486647
32.747075587833045
82.75035347403958
77.92064483605972
86.84953655489689
155.60353354373615
56.47412649397332
40.67162386753794
34.020448336385854
22.143366004864802
132.64134277561593
138.98500541538786
156.6496156799674
166.00735731524892
52.26483575760844
