124.81824607677893
104.527294225448
162.993851310519
155.50701109740925
95.92323841905295
106.4410948223039
6.504781517438082
32.92694484862222
88.33239705729417
78.03193236914024
74.83916926401803
156.90457055239025
55.59565645445979
40.3649120416785
33.985378424187424
20.217723561360827
131.18234730755387
134.09101485814458
158.93565393902975
164.2131402751413
53.72877033445022
130.45518406672227
128.69294747861125
173.25725691510885
174.93405199220018
92.09306479113427
80.07681894322387
44.11851350347039
42.55988404675796
92.72947021168454
92.8947503453544
111.31763684312206
163.41365039948104
68.63182293730524
62.109822000916154
38.530592985736824
37.29043543364269
132.40660919282223
150.47308312789679
165.6137815542556
145.91778584148207
52.28482617379212
