137.53738219518348
119.40384518418881
160.74973000171065
175.35887911702574
94.54254811562582
82.61873395007065
44.38985318130265
43.854447909270796
86.0295448539741
93.76798559504456
121.79111996206264
160.533478261821
65.16685876098491
57.84062324490243
41.06795956136351
24.26074514512508
133.3073052203603
131.19847143724266
159.62084083522993
138.64166474622112
56.21526497793376
124.87488761990255
128.3774145911028
146.42026073932144
151.84773516076248
101.59190266198168
95.119046715669
10.826484619967493
32.136599552574246
83.36371327011864
78.65971072769719
87.89213843160681
159.4225347547862
57.848051503458365
39.00719866497488
37.59734572347728
18.277564377718523
129.70387263537353
136.82143372466587
152.66567181131677
158.77338856666105
52.2609985337185
