132.1188593993225
126.83796417686531
170.57690990858893
151.66031813919585
86.69182509580766
104.69527642826773
8.079480928564903
32.07847669522454
72.31002053695299
97.63028021958159
71.33314152323432
158.88103897209507
57.00004551014822
21.250098203826838
34.093613934999816
18.080559963814313
134.1554733607055
131.93434893128224
151.43884662702516
136.84636611499798
51.15816609745703
127.49254094014792
130.32344694606797
175.93841210915016
175.27359479586414
84.10647365980596
85.2750173959742
46.74321382913211
52.223450807973904
81.15338571570032
102.28681585934802
118.70102127232447
164.13507055762534
66.48404171942649
59.06966978778685
36.045270503446474
32.33858847754598
130.67571535381623
135.5274232003947
162.70430512377365
155.47918242494603
53.051311024731234
