137.3469586606954
133.94727308355868
173.28843550650933
174.6968876522926
87.05113149588583
77.41158778674931
45.195738826904076
44.432281150511585
80.159358464656
104.80748369671369
117.6805805287267
165.69304128035935
68.47792369207727
63.25016882101509
40.697457044408985
31.29560969640261
133.4389164718192
147.94405001076433
168.72282501513962
142.54836179252035
49.10417705832216
123.57548084021926
129.69917637609342
148.37952489400132
134.33921120089522
98.31862484913924
106.4158424079535
9.746847974177845
44.921835101737194
70.8843812571655
84.39664496223435
102.4726654962451
157.03643441677235
61.1577438038579
42.66038608920754
39.602031547920966
16.923507369258704
131.8767567562438
136.75695582170934
149.51861228308888
159.68934031287904
51.71174872406903
