137.4649583758689
137.51277119812846
162.528008828184
129.9321809883268
93.58920727479935
114.62066527553058
46.920907206106996
36.10500935267519
73.15406737324544
115.27624357945025
72.73660177937364
155.08722089903918
53.044844898906355
30.33266146963429
31.659453920391844
19.179172598336592
132.70726874406307
143.83957716430868
142.9488226149429
131.85475492985208
48.68432819923604
133.0569246909266
77.27914230679106
174.92133693673807
151.48648992653773
89.6534704549104
101.32609748674786
10.641304801422734
28.901482089616877
81.30802578378514
77.15184305498813
51.169354010590034
156.21036652517412
51.49697909997634
30.1249312103756
33.04118499200326
19.550969098113093
135.66589893625522
144.05145232845723
160.71434977777017
154.53575265555386
47.83801563318334
