125.89107128523051
132.99012171015085
161.23132650294943
168.83109618608074
97.67470821070597
62.66493152416478
39.4503524226331
40.270482603778966
81.1747962617765
101.73563132912408
98.69323541203346
156.34091159150765
64.82609835212939
52.634226968437
39.00357882776827
24.02217844810857
135.57163046551773
128.48477113877638
164.16523656753853
163.36267125141887
58.16829324333014
122.57146634895744
110.2981969883418
142.63708346330282
153.63846691929172
103.69427314880058
81.43755906255036
13.547231802922305
38.92930380526219
51.71894165506401
75.57486951783885
62.58463549149028
155.46021313875525
42.44493895114519
19.951391762704898
35.71339891658255
12.214169542102383
133.28573180898536
98.87998330500017
155.38073293248826
171.26969676498513
57.490542354404695
