142.51514579244915
122.92967366710839
157.35208838720877
164.12670581684452
104.59280858661691
116.59987877538244
52.51278748050779
61.495169983194614
33.86904040066613
118.88990030697654
107.5715985467335
156.47169638451038
35.1400798620467
31.994923076564202
32.481487497459085
14.896849667166
132.7513263371036
103.74322270455485
139.3318330758406
151.63532867078925
47.668488787451345
128.70349078121706
117.77036847338285
164.96198030632394
151.069069745012
95.22751141385997
113.48689128091726
13.341648328116092
35.54987467059252
31.567204970863376
93.99100502972179
116.1786865476752
155.73436687013387
32.170136159800144
13.167784310632063
29.965700798480288
17.335924323817537
131.96312427880474
104.78467394763457
158.9937141399483
175.15112304326874
47.216712504113985
