124.87488761990255
128.3774145911028
146.42026073932144
151.84773516076248
101.59190266198168
95.119046715669
10.826484619967493
32.136599552574246
83.36371327011864
78.65971072769719
87.89213843160681
159.4225347547862
57.848051503458365
39.00719866497488
37.59734572347728
18.277564377718523
129.70387263537353
136.82143372466587
152.66567181131677
158.77338856666105
52.2609985337185
76.14911488505047
128.88389782762874
164.3643086554858
164.43111444071903
98.54708464825148
110.52332585214384
51.71272904297903
52.66158278717533
69.52153879403485
100.68323537679805
59.83849627132215
162.13384943816524
56.60943273893322
28.776826392637776
38.30886454996438
16.014270982023625
127.50839274461755
135.7929189001769
141.6690691902527
132.9865357382757
48.420347142086314
