119.89790089010414
97.77967595311708
143.9930516540721
139.40111615544888
106.38685171190849
103.02158486962536
10.165940349439195
45.50040673133611
79.24798394477385
80.6203425510414
65.39757523565922
159.7321148136102
57.07282480273389
38.61322974691299
39.276592327708286
18.880058264550097
130.94088691619731
141.72710698920477
155.67898738107135
141.30342431836704
49.7053003885007
76.20507773026245
140.05100519361923
165.17247965950995
168.90182559753586
82.40893597228958
137.58719850699748
49.84952735585856
53.83310670851848
68.24274495753
110.77607045283705
53.86143244702329
156.02081866845012
65.00222996855433
40.05151126300517
41.52432782294849
19.187198123207924
134.08124249281633
139.52535582660923
130.62554521661747
158.02474345500147
50.29041496653476
