137.44232385513607
136.6422087124161
159.8227818323285
177.52608602156337
87.77397859734661
74.82999627279774
46.037652006768035
37.90094187791034
75.65908593985377
98.09394968004759
127.03922027264134
164.4935976443836
65.88182601794372
58.88208066306593
37.14047627150309
31.771724738007933
131.9346293095414
148.63678241378662
166.9057845119455
151.14825425120497
47.388119152707
123.0976144508963
98.79990748492006
146.43354485190991
140.6163430671659
93.11124580948017
110.0192904350893
5.20593397736374
42.467153573037436
79.77881241768794
84.57624566671491
92.01103479195166
161.678433492233
61.352573282338334
44.09532842971559
35.48362191787167
21.685209580525175
129.42869471156274
130.54295167984316
154.34668613472317
167.37002781222216
55.19631987568281
