76.12960864386874
129.80495796366043
164.32096617179263
165.75520133773702
94.91959401596361
109.17682771583947
50.716885868171026
53.90847723064285
70.24594354848165
109.81819115701231
118.81829073632835
161.00569460305175
89.69225270328299
35.956285040359774
38.951735441509896
59.12093321663868
130.48577757929104
160.9586538263671
129.6322857038978
89.16794441026286
50.7397931472664
92.68621731694383
119.52192288716407
162.26207545919303
149.5810500281949
95.73209105131123
94.37529634781977
8.100641488762529
32.46792684855469
74.28225629028056
87.91950435456111
147.644088264814
164.53509577283694
90.93337687485732
40.247838234824876
35.76221296499071
60.882168829476754
130.1278683527818
158.89709666525317
162.47337221907145
90.19173714110204
54.933935169623325
