132.56656952361433
104.00830026254837
166.62528130631736
147.67228580953565
87.5729685010312
117.8131648522257
10.86101302227081
30.50552659382803
77.35189560487682
88.1616188466066
87.70774416288253
156.49029225476818
56.41020274088861
37.15419604458702
32.406619675026725
21.84156986151526
135.1962696076387
134.95313101283853
155.43324488252983
174.66676569981226
50.970271454241285
130.49630860088203
74.07961533736497
170.07790777655487
168.87780173614308
84.99072310396512
86.58483856722826
45.514632772652796
46.211537219107356
84.82095590388343
98.45774772700115
110.88823677028296
160.97470771232028
62.032315741280684
56.33607322220634
35.10814860322974
30.41696357848934
133.48486844982045
138.08506515760618
170.73561505064745
155.50358777829032
52.62517370355903
