129.14880614390853
133.83915031595575
162.304571444691
133.7687689748173
93.81480259745298
98.72437649068551
45.22102523374996
37.41776843433142
22.439730879845513
116.31101915745639
87.50771145556598
158.94430721795558
26.640051328199927
26.532116783928164
30.87262212190376
21.388568136053753
127.1695392468312
102.62354552688087
145.61749464809967
163.10456977457912
48.80014049498962
127.2667369544284
125.30940594603715
168.87152142157925
155.79143373348484
87.99712495788948
108.3310782123069
9.664862699362747
35.77156685334475
76.04454968435019
102.37450491384129
69.45187395342354
160.62624902666377
53.244661267623805
21.173828903973533
29.863258775546296
21.69738741017166
130.9725946994501
146.5002630546388
152.32934756081076
127.38950445370453
46.51620062883059
