69.61372974103149
115.69322819172741
167.99658711405715
172.85894526866488
96.34523183939827
114.47785967575123
51.858435761863305
56.234382130098105
55.22047149653795
111.55743308591252
67.9670796059329
163.28975958467743
53.827874499911175
37.95402901267201
38.836273828469956
13.272749627084973
133.18652692930627
130.04801622224971
136.03928080085217
168.72076799518388
48.51269757782043
90.69126381524741
127.2621659745727
154.62203470051602
151.69808140195764
101.94713231084987
95.60922013460905
7.649181053514472
36.175662704999965
58.728581388725544
80.77908671754057
72.882482951664
164.51164122719416
50.18303516400944
37.88051724141007
37.05164724682263
10.03233572188759
130.19798125886095
122.12988242940808
161.01184817899173
158.97831068175034
48.645393996191345
