132.97871050022397
136.07810981205623
162.4250971181968
164.67502264353288
95.36587281256514
120.78311535558039
47.49789719445103
49.52524800929605
19.76163161836916
116.90814792925575
84.87026961882479
155.54545017733076
24.647167076702132
32.82864483753575
34.45002121465868
29.122754364057382
131.95178077906274
91.80736798172072
145.04961612296813
153.7700760428953
50.208146371499055
134.79766059205855
121.25754358880377
170.657008420136
157.38948967830453
94.38874325030989
88.73989651300136
7.248301444072109
28.283151260242022
24.335313516236894
92.64860185545962
86.83996380704465
155.8479145890512
20.341454582288772
6.7853742928349465
30.528280662967937
27.793045578506504
135.3391094505965
91.39647520330675
162.7045306509996
159.85236854416019
50.89899059875436
