96.3125882216606
83.11541909879115
164.40048083387336
156.50080136783708
97.63353965707049
93.19566375301827
3.7110944014449228
31.00147488833865
69.88285898636
86.1617587677753
94.230211015336
167.67474227417992
61.395057319642824
38.51637160846855
36.84951382018201
14.232074427934844
129.51309498094196
116.62249378293075
158.05560478625387
162.4494530514232
56.98275702583911
129.61861675782134
59.755916546201966
159.80706424172843
126.80032772167057
90.14218574224016
96.5016239490398
42.96473316317073
16.957168478385988
69.37556489507277
103.77046183934715
99.59753099585342
171.96566277115087
72.89471776823284
54.34985231146428
39.915122549008146
25.060999538131096
129.8988986848508
121.23913685246004
162.93027681672643
152.45105028891004
55.75267209848044
