75.62493368661285
134.78901050973082
158.54372261338463
173.8674221844196
95.24024887334255
107.57344050699429
47.56485236325545
56.2126885662851
36.980493744283514
114.81877545681134
81.06288908922305
158.05269177095605
38.811182962756455
35.906915693669674
36.08468848421051
12.181946375639084
124.7131533666486
103.55284799060891
149.26900191389072
156.7838049299307
54.26364646237394
134.7507164137903
121.52346313180112
168.24441691942695
151.15802550493663
96.00869434984058
104.01638542532446
8.499492688181789
34.83230196926059
42.13242068993592
100.31565625231
74.84838753118325
155.96215584050907
35.99721130340892
14.892164186165285
30.61280875767098
11.78829838378127
130.1600042839237
103.55837546863448
152.22779100289537
173.556221256085
54.12481228629055
