92.17996891747877
164.5744221950591
138.55078132918035
137.77297472740108
89.42602303329093
122.12382096573135
7.190980056271174
34.07135709003406
88.92368880257027
78.51569447644594
95.9154170939397
162.98408954567336
62.96334285809884
51.69191785378624
35.77850273221242
28.173794502693504
131.38384656019835
136.41549496421297
162.09308023241664
152.7323898706394
54.66460157217836
130.1822600657871
123.61876223126713
161.74025314662717
162.56628785806404
91.8974767912412
117.71047315680633
48.713148123408835
50.18397043622113
75.70381578888481
111.83946973582604
102.93102340894299
162.40750795161347
84.47069250017921
45.47686232456068
40.461857560885164
52.36430748140672
136.4156487068812
154.37116824868477
133.28272285337573
112.48816705898307
49.99290993085546
