139.42992690556073
72.61058513594918
169.0828798697193
146.79101736693235
92.68855689989063
100.5417528133698
12.208025635648816
28.359944634504867
29.486951883384993
76.35586755013917
91.67996462931832
156.28230291835234
27.080293432750267
6.93910403827365
31.289735597813795
23.14267451085947
131.85376055168058
97.76281539801312
158.28576562222634
168.95678266527173
50.279554664395924
125.99746133841975
132.2235854564044
178.66226931920477
177.12583617819962
90.72835008765328
77.35254153538823
47.21474919650754
52.334012646379946
86.48630602689798
94.29569321271781
112.32360873913713
159.50889200080942
62.375844635247105
54.844346557333104
33.25398837784765
33.43456305728001
132.73803569233752
143.29947697805034
169.4995727573811
161.7108565513474
52.571318431598606
