123.23579255258221
134.91406452439497
141.88152104752578
125.63394844965914
95.52516396717715
114.03190860548142
13.334342690401733
48.338082816052385
79.78586831893354
87.82644068028212
95.5299835487828
162.3396948525267
58.90716332105397
44.298102691084146
36.77360585899833
20.921202482986985
127.97889608935833
146.78827265565351
156.97726009112577
155.49542736292807
49.7743896260529
72.04392189403683
123.0701368618616
159.30501253249466
165.8043302550528
96.18868763484474
126.8749959083383
52.2227091678119
59.059393847934984
58.00970663719108
114.16215177581071
49.06985721482712
164.69997815750352
52.51632769109127
26.192612315707397
36.41543625294134
13.04801836936945
134.2335319310774
133.75727099693972
133.75961776752456
151.4125099861631
45.621743588549805
