74.63784567806863
116.55822998424915
160.69100434183267
168.97603441868284
99.35330002792861
116.02868238365633
43.87910839707293
54.05935384824846
66.83719681975822
113.19371494928832
97.87151628912554
157.77774386232747
55.710485485167204
33.38611825318442
33.48991811636311
17.850433783283915
122.85807123786017
145.42411080047967
143.68164130687117
132.76448621354086
49.45115777837645
133.12441870702597
140.1743764893825
171.25937521581233
148.81598814891518
87.91453943420468
110.61591486899488
10.444654797918512
35.72325451218421
71.95767465587501
100.86980794144716
83.57636801607782
159.67474245412413
52.4698760849374
39.42583738758439
30.226074346310714
20.439560797742995
133.23677520301175
145.04498780902182
161.1094382860845
160.1962577118226
46.936410271087986
