138.42859065955537
123.82053896450921
169.5047336892925
155.79862458705387
90.92459870937618
103.20255350061302
11.16185893342357
33.9173848608941
64.99546876260469
100.64481273248431
86.19906176271925
161.75103618791894
56.98253241100526
21.685030992264345
32.565748067259015
19.295654670941232
134.9426769273723
140.8024405768103
155.4263991822648
133.7810153822029
45.522574103655586
137.12952044241067
136.39151045337977
160.38223238752553
174.25073583673577
89.80754404406784
71.34284209106342
45.838593187518526
40.880824581360315
88.23524305707055
100.52984780300204
111.5460742062805
164.19424583311002
66.37408265025762
58.05771392083698
39.703824011325835
29.73246449299673
132.97509110122007
144.40587529014002
172.0345435219723
151.4306273606494
50.887315279392496
