139.77906065515967
140.50170939625207
160.5905101967977
168.52814052771976
99.75163919670352
111.70608579843497
46.23410435223087
49.55403710776884
70.61155682657581
119.38638836094458
102.39725012570115
157.83953611759995
52.50262301531328
28.176173320799883
31.790641244557953
15.78026812964124
129.31000885924482
131.33049988101138
150.20578236943302
126.41091771033855
52.52770574769642
91.73198141696957
139.26888654669926
167.40272169318644
154.56476690093166
94.60155355318116
94.71771749354617
9.041940011412128
29.86678258694342
78.46103467662725
80.52818079949054
39.43810001788405
158.94042044998307
51.62752306345813
19.374201348121556
31.224069165739035
16.695113735856673
132.3535634978187
131.69575084127885
154.99031275341542
140.93810222146251
53.170762667170415
