112.9071267857716
121.00099099878399
142.02471130888168
150.37639143454683
90.67248620528578
72.86644226955431
10.495219918923516
42.48900404703213
48.1518140577634
89.78177846243636
111.47880828268984
157.83566232461422
38.66773473074082
51.61379581572332
35.728615105615575
14.538873113550641
133.99944942097804
108.54657478652626
167.5286383421679
100.78536877233518
48.17771274022743
126.11648350758693
128.9736864496812
160.0119562420387
158.54385831021173
101.04670594338197
98.61954427761894
42.1285531079664
46.23485634856686
68.26033838266713
127.17675519781149
134.3940898898663
158.7644270984399
64.76130956061982
32.49957872254958
36.55333666662996
29.02768746209821
134.40268896096921
147.5922641355094
142.0983667328468
117.23634217144881
46.40556548356428
