121.18068613492883
118.43160071529537
160.56794251388396
155.18074337593276
101.63876755572278
98.45996444886484
32.77506701540895
44.22184594256812
74.21865879329154
114.78113225735632
160.50045682550933
152.1802644521926
74.92677835523416
42.97954978047658
42.67546428354113
31.747822858901163
130.9003972031211
129.39186287009994
144.93444992166766
116.52218154745461
57.093718133487904
124.98486131874728
132.9479688595537
159.817519443869
152.93136505756888
96.03600196992716
109.61059452557707
7.377576434835087
43.419149476008165
73.67552921401534
102.69772567481722
159.7888278466772
158.4210042526138
70.27727318063799
28.914517826434082
34.891119318720804
32.14648463062215
133.12250610801271
129.50859332251028
159.47824725435453
116.11881295698441
56.377310650639835
