131.43916905644406
122.66803335447273
152.32442499984384
157.3425671361381
100.08875894954234
100.24885763642705
39.40101967204016
44.47447125793259
54.30304892639963
117.87685270402515
36.63630238769775
153.73570328331806
52.30267251439952
39.39627780402008
39.05877292605355
8.27870316554218
136.47976697261865
123.5731588752982
148.57316546461058
179.3672044761553
48.397079121179296
129.8481672598482
142.4832443148074
164.2253319453601
150.60388222397208
94.48248787611627
107.72190901654247
10.555750143942413
45.79938253749287
61.55493306332794
100.84434645547965
42.308634434070754
160.46159687578015
53.23305974000507
23.783936072635285
39.64620826390846
10.820473016260532
142.07683475043544
124.55642523204617
145.80539546144985
156.61943649707717
46.29599265771452
