122.45332249380905
83.02925062953274
161.12486351401353
145.7029302598001
86.29723087701997
102.79845658230731
33.26021881684131
36.71677923406466
87.76577068905006
101.49277488922989
111.41061866690296
163.48270277680456
72.71566874445885
65.32128674182378
39.041217406542614
37.39028125959651
131.30359002285982
144.8930039327609
171.86861299994368
138.25637967243523
53.611442273746846
125.26794794057822
110.23254317072265
149.06130175775382
132.61075147122673
94.67158958241745
99.27650998960539
6.977875481102462
43.73264486395802
85.95536817223586
86.73098721000332
101.51935694564284
162.95044718762534
69.24228022231938
55.34055109610374
38.7720379392662
34.34266761289486
129.01260044975754
149.1063699049257
169.0005510286568
154.05680998409994
50.78492203776338
