78.61957029536734
141.85479279493006
164.99185408075957
163.44347040979244
94.68828096876457
109.33891707424215
40.5459545437111
40.24111096652717
77.43712518441735
122.54243819850387
79.14726643425371
168.83862085885227
76.85560422614566
52.54676472684196
43.053885995656735
29.869517455373636
128.7060765643672
126.93025454610597
120.56224183271857
157.24663188556832
54.179578900718354
94.34059435906815
130.0065228671571
155.9299686905622
147.24803913882724
104.04947904236975
98.25872735915179
8.976776157468029
38.21056237154398
78.09971052423528
94.98649120395287
99.97095491952496
165.3180496545769
75.040541315073
54.90538715880981
42.80713171054365
29.116706849003563
134.26024148802173
128.5522955691867
151.09732582732468
161.5741696396614
53.60175820827938
