126.285313281689
122.02295105566205
171.47935110371722
128.4885253031129
78.98929328339939
109.61312643031913
35.74147460120578
13.966471231785134
98.49755599019288
102.49183086465864
107.43515603161829
160.568299827663
76.40012386467872
71.84943656950509
39.90109823728003
46.80667373145492
137.40563628372684
149.21951907806516
166.02670038757148
146.23948887697782
52.417641652424706
128.59333177722561
150.88743178469792
151.8411141987079
152.8556719216881
89.26467917534585
80.15847935463826
3.3729430377629095
33.89680011942047
88.57840943862107
84.20325767492994
94.21921370020014
151.2693565113004
65.71401178739609
50.687844315939174
33.49251538209608
33.3164975479006
132.6880219867924
142.88565159180203
162.53072381069478
171.2034743316195
53.49651750550111
