77.36246491540071
123.89642072276222
163.6845139504227
155.63614488993332
96.3032807694299
106.56744882908306
42.579465596319345
46.26849430605664
59.60385868069969
112.78295916609616
110.66079766974244
162.7177666414611
73.64736997787584
50.381268001658434
44.57164878050784
23.170982297070495
141.26135234933625
124.81569208081564
138.9924551990014
169.2246569159219
48.249781233750326
91.01734749833135
81.3250085390182
154.84831289428496
155.67536091179878
102.48988218984258
106.19863633590712
11.182584156976493
44.497677432685684
66.11485788787327
96.77536682013819
109.35055132833872
160.92306997294793
73.18746925189811
51.29133163399583
40.62509743751743
25.584184108838283
135.0624714832415
127.39107177792016
158.12088890564024
169.83295593840657
53.064034310302034
