110.69077490854795
122.66654916941796
148.59788997585662
133.13845576581033
89.65389864569792
70.933665186829
4.803923319592455
31.42949816620412
92.83326659843172
88.16088596343752
96.36626588206607
163.55090361914077
75.0668878034601
60.419230301752165
43.25334160645785
37.45677129387511
134.00763135707365
137.8399807602989
163.44780389313271
159.3094161656098
58.08114955851407
72.36127403842825
136.7607457929444
166.48229388445816
164.88687430457261
95.06115403215505
110.08158221683247
44.80402989178423
45.023023926054925
79.46037863052268
111.02536720514523
80.69761256797723
164.7384648929515
69.88197229753382
47.388459250654016
41.22183768721748
28.667715565930823
138.03524658372424
138.42325708964657
138.01224257907478
161.799467207489
50.218681366580064
