137.72397943314732
103.26566098834829
175.56085710648046
147.83109061020508
87.54059422915202
84.89515245897898
26.167428121985804
40.548717081778236
97.60872972717827
100.33198573712983
106.54859518586595
162.34810467850173
80.6289938026178
70.28210419992101
44.386272027792366
51.105112398841435
134.5670011910952
157.48682434053094
171.33855224554253
138.96480158507126
54.23045221536461
128.00275596303857
108.942937737334
157.63831358079722
145.56360882698604
89.81516604225575
71.79038741380198
1.5131590080336441
18.95487134856168
99.15287913649983
86.84722325099476
102.99042810793095
164.0299862027634
76.89027937315434
69.26174653564091
42.40019446144871
46.52503682220162
135.71010229560542
151.77141911228333
168.36405983327452
148.24662271036698
54.13345975710321
