101.65443167897647
109.55031569616953
148.74135354577328
135.23684875577922
94.56627789941903
102.86015204110781
7.875022072130522
43.027728344889994
93.2177235316527
85.08550569808278
85.6170496564029
164.0667614562888
65.03198909230333
49.3514545491616
40.690362310983566
27.679049163079988
130.56203766539613
134.76681798509972
163.6324361378849
164.10452997947127
54.93963544568212
80.56876973187495
142.84607190955015
165.26736794153373
163.7677951220493
89.3686902707383
106.62776817396126
36.85593665407549
40.06365567653877
80.52087761003193
115.03759893008224
85.88356376367285
164.98144550049193
73.41106268408558
49.65787721179349
45.077422182175056
30.705713037537276
142.00607517208937
138.22783712742844
131.84940694453414
152.8748475530032
49.74919888594305
