124.71481165494936
89.0296203784262
176.78755245513898
148.30410585431716
82.17599978723435
65.78595458096513
39.490982189162466
46.22369130803225
86.23141540813837
105.39264776586225
115.61801978459
158.89283364096786
71.82683387343845
63.9158872211336
38.219937492845254
39.7015706242539
137.5378412232666
147.3173102003911
171.06869362828655
159.5865082997362
50.044785941999905
122.04071450649684
105.07579140928539
152.9278061861586
154.13847842180976
90.76981601143595
76.42793987634961
7.021878068180097
24.428750427527273
84.7333136674417
81.65162480017105
93.46303583481765
156.19331807761276
66.70312325673147
48.50990992226074
36.78477036833227
34.721889129943946
137.9080570199735
142.3636017306133
158.73385655969847
157.24001767859292
51.490950189032425
