135.18330650335187
55.12530694626135
148.05302415664215
138.8707579367148
102.6337172760531
90.49650421325266
32.53507782983631
15.470203438360034
84.96384343094712
95.49099739988371
105.17335376261855
163.85541225090873
74.14035806539124
59.1363875421261
39.56598543218493
31.08288997210263
126.4221390752818
126.96232629833675
173.1037154470652
150.36442220728514
59.64929809062038
130.34381406365472
121.30637827429143
151.3104909257149
149.57995114754328
101.26853910833478
92.04006040349195
9.765317996853645
37.83608270877413
90.57689997191663
87.55798962962716
95.77794882802932
161.42118869366217
71.05475247304697
53.15887443039888
38.30762835862077
30.744650156829415
128.72556954729916
125.85557970614343
169.28191844354856
163.97271992467705
60.12857862681863
