132.40025410047969
130.6397351153262
142.43357692469942
153.04875298810694
107.66779484191522
99.28247057426829
12.25326266028412
50.90300032909905
20.787248009818626
98.38487584638395
110.9734954199923
160.31199458023204
22.8379750300689
11.150423980178754
35.28240444613151
30.651233087125703
136.6660245427361
101.59550715207288
162.18030163724583
159.27556748719076
42.71971554038123
127.88159791136079
76.77511411190414
159.94813115228612
147.61116112152587
94.16797910624213
98.550689045182
35.309420164688376
33.56622110642802
85.10557029910153
97.66352581560304
115.54394881571882
163.5884135684862
73.03092331571112
59.11654898941313
36.30421805953399
36.893404324059965
130.16052937766577
142.04642992369557
172.47195942909585
152.31016753912178
56.296287049785576
