121.45240992515146
152.80326503616521
157.28854509576792
160.60329285753735
87.75218176781347
90.56092880226434
6.008985725082923
34.04508679873501
95.5329009898711
84.06488546093233
95.88547970570522
159.94994222105328
66.53997386637705
52.934519683788906
32.92111040935102
35.09490441160823
131.34377448483062
132.91266862738058
171.1900237515932
168.27341006594347
58.06499323880967
138.31515464310027
139.7992740391515
160.35648992495493
166.02643841070807
98.53802203778328
110.50175894315959
42.90437901583965
45.83525912151868
80.14733945707235
128.25704971998812
24.987173727093342
157.87130378137482
71.65296684673508
40.04612364062387
45.11527200644189
26.24540546723553
139.50638960970122
130.94891270614394
122.54307679748266
129.03079046068416
57.651270480933185
