123.13538356790632
133.44339829381605
143.85756053730915
131.60052864264415
91.23877095769798
104.46521646026818
9.324009279292335
47.24160849968471
85.46135778307489
86.14528903907852
95.23863459813263
166.04043679704654
68.37843519306836
47.704962208793646
35.46577132912945
33.8299702769829
131.696092182957
139.50419038762635
161.38400894942959
158.48201648811633
51.94265721460043
73.62425062044129
114.11007671259345
167.659542168548
162.29224096462846
96.93572429384619
106.77830435544458
39.97297888523957
44.18945756531635
74.19246154997022
114.72621627437145
93.16961085367997
163.26121839450516
67.5087228086407
50.43443153846217
41.88854129810009
24.08467744344158
138.99850040237698
137.80326215077574
128.0889016102343
177.86667389375097
47.2510423943726
