131.36661599989012
87.65983307555032
169.43851636259595
161.10078468254702
80.54636833572265
96.87382430028201
11.731980526516613
11.638948952362808
72.39102532674882
98.29762975385698
95.20595197648817
163.20646464586127
59.437280933735465
25.2530746079013
30.551664069638765
39.72979632163569
131.75109002817376
138.73105463069354
164.86942200320337
119.86686955125451
50.57896345887386
126.40945483457196
141.81145655425658
161.85904575085786
165.16027925325798
76.41992759672318
73.59223817822144
40.0357190069012
52.862914109934906
87.1058309121355
106.45619230251478
108.60379173342619
160.26812098943523
67.15266396061621
63.2443258288246
29.91310302211323
39.95176219955579
135.7672061688143
138.39956239132135
172.10875533875364
151.15697160024783
51.473171732115304
