134.08813522787574
108.3799244925893
148.33231356847844
152.90432992116547
86.55993384834557
84.339944457323
5.863162846957589
22.43380751158722
72.64230561935605
91.07533256401408
163.46960151386855
155.40553120016176
66.23941442904918
23.18488989214916
35.051531992390395
27.1757337067258
136.35621853877464
132.69343058355557
165.97838650712467
107.804263502661
53.13849680886364
128.53411972562805
131.43769460377297
161.9406300976225
160.78643241651307
96.62119907251504
102.07526962057123
39.283064833906856
41.463999884756255
65.2622235923457
120.95161245470797
146.56145922899915
158.33790126998844
68.81831510402871
33.76892890704512
41.42659312648726
23.589492053313787
141.50575365478124
133.08646022458925
138.93125981161103
127.24557541972406
52.2587043571251
