139.30626953143172
138.12704966216432
159.6697515607418
157.7716602856786
95.71149178275459
109.81890259975067
41.27975090849328
43.36685018018228
80.46784824251837
122.54167950083989
71.74729152138801
162.61811360494295
70.88441446335783
34.54351912730229
37.63783563902091
32.06188212822832
132.34836009652048
134.19648376769348
137.50542645825152
120.9716596352551
55.35248450686061
141.2191664471913
100.54886790437435
160.68513934174842
154.80784215957382
95.9589525055477
98.83978556805292
9.04337461920709
31.675513758565035
81.76280404640728
101.63600786157365
89.7358174010092
163.44307790903844
66.87237705146872
44.272429588390125
35.29762621426601
30.975961070694694
136.30931296118155
134.5908888660434
155.09129560476111
159.66332321788403
52.2446327459537
