132.99932348788772
142.16344778008778
162.80066869710978
161.4556159802399
93.76291859459573
111.54931510979176
38.624236645415635
40.42813199514604
80.89885751649463
124.47308408149647
37.20738127834799
154.55827573680054
75.43171051833434
43.3178410865465
45.726559382880275
28.520860016598892
126.12762943679054
127.35765585657603
136.25802269876277
130.25148980327606
59.990655851522035
132.27414236360877
132.0022579253189
159.37702656492812
149.74133088624185
97.16217086828608
107.10708282962221
7.671139046768215
37.2598200874286
79.47464326378699
104.878689624537
65.75954571188821
156.36363278940695
69.9923309360928
32.10737376880416
37.70539598979777
28.49611428644593
128.1031162927337
127.0627259017933
161.39348804099112
128.02753065576346
59.81844018301134
