134.70738838128116
131.2790187223973
162.27189113353367
169.55848536402004
84.33638193526816
54.9851272122226
45.161640365794426
54.418887776527455
86.21249515081686
95.12713600891314
112.87755102069247
163.20816999915468
64.91710259543548
51.55014807484827
38.25180892152388
32.51394533270073
133.16423055104232
158.9207524466302
165.38354865569946
162.09013673169162
44.30842100829408
117.21257733482219
147.56236890263702
147.04472356760556
152.03722589581793
82.50877042986102
80.65981386280419
6.633961628538496
34.08652211648458
95.53672581845144
87.60029720354837
91.39953936912838
163.68872816335562
67.7210281094846
53.836662072518514
38.45534833699912
39.96247466695052
134.58785740991354
157.9061161808375
165.22173996822485
154.63905330010851
46.70645138465649
