78.56318927677427
137.8897182055104
166.97987676236463
166.18326122203385
92.347647681951
110.53247279218756
38.99048018761152
39.95157985548728
80.57093789748724
111.65758304857764
87.84022076448443
165.8449811462597
74.4451869935243
51.408443299135186
43.54176081537033
30.238758645522545
140.2811465715202
132.27326242358038
131.20347876516266
159.71652796597564
52.11357282327445
96.20003266040644
132.47390412322818
155.59316322025404
155.13544423079233
100.92451737536719
97.0303368559255
7.974487172367892
34.66361675515379
81.25642790641254
96.21965314896934
94.56508078006573
165.63619513547795
75.41734830169494
50.86895229416304
45.11650730237173
28.88993450939443
139.4858119947193
128.8143276661336
141.7060657085458
160.30128111476202
52.92515510348752
