134.79757910459705
80.49171608456611
156.61252064203674
162.63353108828412
89.25119843264983
71.20135575864391
40.95461502806731
31.40513494930762
88.48586514219241
100.48219838461215
112.60791595895664
163.92072309866407
77.02351638151968
60.88737330611789
37.76559206437437
42.96779320315662
133.83131400397434
142.05636472554076
167.4697253901896
149.28805713549974
56.90012968489893
107.69633455920047
117.53915354212646
145.74254352201396
137.9967879312378
92.05255340583051
71.89567954262796
8.33757035433928
32.57562012225872
88.66587355880534
90.12279682291614
98.2895029871765
164.09549265292276
70.99597002950397
55.85751985744831
37.94994633381132
33.0633921029941
130.5342723340247
134.53617596487004
165.14215905504182
163.16681897764835
57.816147706778345
