119.19320243834143
128.56968231349475
169.10793550600243
161.31706708227273
94.42262594569951
107.35924067228476
41.11927689128854
39.12295122808258
32.4658773428781
125.44973067252097
106.2742838481829
162.41425976839977
37.21202664708148
30.936934208679663
37.59650931507498
22.520699521011423
127.24289840423145
83.45780060741185
135.57679927698192
177.15490442941325
56.77223158417652
133.17542006904267
134.8005417800873
167.75786125375572
157.88278466666597
91.58729331039034
105.6468859036404
12.951858699028406
29.131208419094953
73.19267239270779
103.83575672796063
93.80568480129617
160.96604116216912
60.19176927484797
25.417490566907706
36.53231728127512
20.466468277246356
129.77210890269404
125.50393870828877
156.29948240950597
129.63397930271594
56.068477153008345
