90.35012998081358
109.13319738001236
139.49989087129967
147.88794227177692
89.34664863967396
85.11945585660644
11.207260109453644
29.146520970855345
78.63574149838654
70.08249849930846
110.16718196951935
160.91960313609175
54.82557114779936
10.794641791708248
30.805201245769847
19.183080267117465
128.92723411090515
123.72028666957651
170.0408878806285
116.73322872724687
52.42295064487693
131.96747817977212
135.26895024632097
169.3201145332425
159.24528575053913
86.3900393133011
114.78584116073378
47.316260417789024
43.91539644668243
66.86321469979326
113.38552084510965
42.38727899062851
164.55649774684952
59.78506666353826
30.4731327411661
37.90016688023865
16.077711276095346
134.4350996909855
120.94719510322514
148.81326258290355
151.9975134351038
53.29439119490111
