123.63027919898744
125.92750272864615
172.89109128057123
167.73669472394334
84.72195984983492
85.78687950210815
51.80016586365022
56.17530129926797
93.91747804818762
106.08027665270053
108.03445726719961
162.70886217864364
63.634734946522556
60.86570533811812
39.53064727328829
33.186870090552134
131.12284839151852
137.59435610547703
172.49889946898486
156.31760518407313
51.84487761577097
114.84669295719779
106.02875205773177
143.65867649290792
150.31046924639114
93.36782053999497
79.97407935394939
10.266335335887213
26.11997442800761
69.73498360216371
76.48649778599783
115.23757585529579
159.8862893043221
55.734345755783735
9.358249883456555
32.74397657352439
16.259943051040857
132.28263527894535
122.42582256616345
163.40686689483144
120.10354993780253
51.869987554480836
