124.72048645935335
89.94700587443384
132.11170283691365
151.1921511460101
72.04352305871612
118.93148182020258
15.28960622409551
16.05624664008553
30.567875241150713
99.61568948822581
79.85045009412124
156.94984089250093
29.143096651443393
10.637536577066928
27.594251168904215
23.752597695413954
123.76152015085782
85.92576107126222
164.4402024803003
155.79701905457594
56.800612552484885
117.74461235463001
131.0760589526095
166.6712266935746
159.45963966557622
89.80390525955073
109.16061384178379
37.301745979144556
37.978332100812636
34.267871098253885
120.21970285802601
25.096590963073922
157.14455191624754
39.29915123366227
35.87369170841855
37.81808366916454
13.217618864862944
122.18423105029494
97.39657732354273
141.00497263076815
157.28104839141827
56.30366165134542
