121.42256788299773
110.7025792505762
161.0977334512703
169.514136813803
81.61842882451015
82.0211396113574
47.30463562327252
42.994591212336275
74.99981395105077
118.17189950763787
123.28172672885479
163.36769313317993
67.6236525112613
65.19498521972386
38.8410955389183
27.76041571082089
127.4559807237662
132.19305041468607
170.98191303834187
146.749087718932
53.68798363130822
115.7152009203492
121.26597709201504
139.1673012702732
140.74306361400173
88.51686280831021
82.15764476734901
4.027205712904321
33.59632323229969
82.86361461309649
81.09039149433572
94.7848092977517
163.27761641932292
63.07106457344918
46.321252222871344
33.15162453320391
26.87596498328125
129.37763631952575
129.57228046680513
161.13653869475468
156.2516615309486
55.725038300520815
