121.54285224913825
129.65013398293232
176.90634724866908
164.7925252087857
87.66652054203196
119.49616535671305
31.739253256056696
30.671510318496125
16.47475302192412
115.5123046100949
83.95415953305192
159.2435110144475
24.96721317259
30.531580637192576
38.71215297616362
30.83572410048178
118.33252314100142
90.82056812557984
165.7983026481715
146.21027993464062
53.13522405226956
131.92953170102066
107.7132136206199
168.15097549597118
135.23381217187378
85.27850618321528
87.95156705708229
11.299781787760466
38.788319880349306
22.992150444515868
104.10233074992493
91.1455304230991
160.1613616589833
27.929768018222724
17.381629406195405
29.770425218495877
27.322452384879792
121.82322995280067
99.77504624075885
167.25581042474414
153.1180456685466
52.533455731983146
