128.16468052124958
116.03491932822028
173.50464377626753
165.21382604327167
80.37359667270624
95.2987904250972
45.60020097678828
51.51152539647783
76.6471783348488
114.31612229379428
123.66106252295211
161.30613489628234
71.89263901039459
68.78832213935613
41.96317317936884
28.72298172108319
130.5854909425671
126.17734467704815
170.03226684515087
143.89655790632168
56.213754690986804
137.7636199555163
156.22452916091027
136.4910574204257
156.34063992475438
86.81136453327672
85.36762566584981
5.431874592615668
34.33365142797538
79.44744742503966
84.14552918184022
94.4009491972117
163.51238460761482
61.827056181207304
46.7686217333635
31.749799300678713
24.755282581431548
128.24194863465178
124.85184479621607
166.41538748778177
157.1665430148631
56.36391267649971
