80.32672905521262
136.32201050610735
164.58729081702623
159.81073569879777
88.16516281471927
112.025659117187
46.59212365584223
43.87844260595803
63.73848788151171
115.46904069847315
96.41845112907725
162.4886247010199
66.84130641775401
48.29273678233869
44.23892062352584
18.102572092799655
136.17821277996208
126.94659438378126
132.89923124365075
164.34040874076575
52.69345986465559
135.43395350497786
139.26647735197116
173.63302681086654
149.2393807877821
86.14175885872808
111.20721417957711
5.450786425001355
28.221312428839347
69.0046438469202
94.55677954743996
109.2279007223298
165.27041929855017
70.26432653844587
45.252384929354164
41.148667783983406
22.90516883527893
134.5970325558487
123.54957922992682
150.67340592285146
160.91055717431058
56.331533128845464
