120.68887882478435
128.37952274322222
171.03262025950943
157.26668632941585
94.63917591409057
113.60332021709289
42.375579469229045
41.16718543148921
36.84708687772887
126.55898441815631
32.56401632101719
159.61325473061254
41.04284798492165
37.343735775028016
40.61750715469509
11.206829558593268
119.62781633016382
104.77705035459996
147.9806314244769
152.7477729348836
55.22162492350844
129.93687325022663
129.38525066423784
171.9935323767674
159.69702737181754
90.65685124412691
109.34038138232239
10.538898122608579
28.72639095438274
38.924068257623496
104.93688556622027
39.90380022091965
158.73789855600492
38.493873679377025
29.231653859738064
35.061959038529274
10.697359595405162
125.0963937822722
104.7237164778353
164.53767510233192
154.8352756110368
54.738786467459605
