125.21061757271696
134.3689456656071
176.0617736065286
174.4229247585201
83.14065141290325
87.96016810953812
48.401817633446484
51.504837741833356
88.43908904296057
108.28773752104665
122.008073378586
158.0426885621946
66.8961401217503
67.50538427693093
44.094324078965556
30.87632267982217
129.99104051681084
133.95704501127236
175.09560322632277
150.73768476837952
53.32673717366914
122.88983459913246
121.85053993919185
148.77058683709313
165.4588138772154
91.85711155644664
88.26463541773795
6.34101361654039
24.693636341231077
77.62928744662089
75.29858093776286
87.55752427291347
159.49656638506178
57.19032414780612
39.16599432712937
35.2001662388206
16.49544639416048
131.73631436429082
122.52191945403969
164.1172530634718
165.25910279872463
54.2774851773526
