113.20591051356217
110.19118067716053
148.33049726092176
152.8771388477861
91.84898730362944
85.80814008940357
5.409431777647918
24.438171841065802
84.99159259136363
74.82695515434587
88.1599775741918
162.62185190723764
59.52863788903361
42.3046361338876
32.77469241053853
24.269371492092077
132.18193225629656
129.6327525723128
168.40345073018818
163.15997499528487
53.666330486354354
82.36292662938338
138.63590864839034
162.42609053860076
160.13056709698836
88.56280465067995
116.93903943909254
47.160342668457375
46.3122829009276
66.89089342625401
107.06034281984981
74.18609908366854
165.7738168180145
62.83801614739669
24.537914050584057
38.706971086310126
17.594830718733004
132.48565806351436
118.78563368799608
143.43549662658626
131.2649318533483
54.61109187090655
