118.61703387442512
123.86904856925078
147.76549084844544
156.79222880763234
93.75914977568344
76.80782240022084
6.181492762487499
27.265044384192304
68.7888968826787
74.28018268678619
72.65280844391897
158.41446367333867
64.78349184939104
26.47154186979641
36.822465150326565
19.6704850503632
132.97934111740412
122.12341503598118
157.6581518924019
154.71210599107783
55.49318350056065
82.01332163300826
141.11930494631397
160.21608907492546
157.22078387298384
87.78998955780916
107.21663826526478
46.15333109545929
41.407064521334746
30.581680976690848
119.6519350854949
104.73475950460625
160.21889215926655
27.063063406058056
37.96218395384558
30.492960642616517
23.681691000745346
125.8026889089551
85.69605410040263
109.13791809533397
175.25832004430123
51.74391888464638
