143.22569302951865
120.62916192909177
174.83518005222717
142.88657249672838
88.96214309540927
109.71640205164101
5.911111493237097
37.228466382342155
75.59783691711245
90.46529102463424
120.11193156891028
164.75194408761394
63.486958776293584
19.926917893158283
35.42739109160191
21.25610860459729
132.0209385757097
121.06666326371634
154.48461037677203
113.97294182060746
55.47987595292304
129.80673288530127
135.3322002726788
178.79425126943113
172.322484204393
91.99586498163578
76.49146653559836
50.636371712463266
54.99007310291722
78.6461184647443
89.41078534954383
114.16319290249541
169.93635092482086
73.27070968368203
55.42000379756314
35.933393427210376
31.668249310832223
129.55744426483162
122.71948473126186
167.75919850832273
153.35830462915396
56.06731567842589
