128.87782081920633
143.061544326684
175.17338177761957
136.72533858105118
92.56507092581988
84.81765600429794
39.983516653423386
17.086935659991507
84.34511248723177
103.95355835221726
114.31422140465973
160.48824943413774
65.41038370523329
61.370049103836244
39.01601954072836
29.102696412944724
127.30400936426317
135.84474649954979
177.61223795921478
155.30132085552188
52.27245593351521
106.31566283770759
111.21748700334919
148.8785082446247
146.6911593623236
92.71657014892122
84.52072583060456
8.124767102760481
26.080957754876216
79.9823119633928
75.94224559739534
61.7725120321079
160.4260539480058
58.58938827651103
34.916934709186954
34.61454973908711
19.618298841978483
131.8087672556577
125.80698591546793
161.56885243735957
166.61678379475978
53.76716409282402
