126.62801410480233
111.46465562116519
174.74032607625074
132.2232951083802
94.63781531668094
87.02320507248687
9.727486159576442
28.26390040778523
39.22652249323469
96.99126979807926
77.09692139721322
160.12167833598608
32.97917084409777
14.743868205358892
26.67667120631877
10.690002580703048
131.32827627909145
101.88823023526855
162.34185473960102
174.41664367977307
52.98207219777696
125.21061757271696
134.3689456656071
176.0617736065286
174.4229247585201
83.14065141290325
87.96016810953812
48.401817633446484
51.504837741833356
88.43908904296057
108.28773752104665
122.008073378586
158.0426885621946
66.8961401217503
67.50538427693093
44.094324078965556
30.87632267982217
129.99104051681084
133.95704501127236
175.09560322632277
150.73768476837952
53.32673717366914
