100.53395115393255
84.27993179385167
161.9786316651891
161.2186383402084
92.65821922353005
102.80060170072224
5.942740587345384
27.676347083555644
72.79585121586085
77.95617059984883
77.11317280532455
165.82565049020985
63.788682602328336
37.49543822014007
37.103228433250536
19.552508953588017
135.01302870922285
120.57775863215267
160.802510234392
165.9623545804195
54.77212858448028
110.1944474455588
130.63556377954552
177.67070157863498
174.92138818120168
92.2804561346333
79.80666492338904
43.55514992680927
51.776037513002684
79.19695606575432
87.6820460320775
103.41460065709992
167.93461340328122
69.27400206007472
50.7709397449828
36.853041746035125
25.22524666315398
130.8826547806338
118.71417029628411
168.92470817840976
158.63824620940795
56.540473088094366
