111.44660217652228
124.4171352982493
140.17919399909877
158.74655967468652
93.82093879682093
76.6392184456232
7.510072023230712
31.34491286584215
80.61995558079978
80.8802344993066
91.79485276405153
162.05040264449204
55.91661225133326
40.06767618619813
30.740987845261134
19.287026319705852
127.03252815701825
122.27996263780747
170.45037913816077
175.04365230493002
56.208539906288024
84.80414745713087
134.2389150452123
159.07954428762497
158.69312849282443
87.2669483338541
113.21122518268137
45.372309620945636
44.28257049765916
62.747431935583414
112.9866839716018
66.3657354143429
164.40872782142085
61.050664774101485
41.73798229974439
40.53780674996621
15.297085342309941
134.6518225369384
121.57845053018816
128.35654922737845
173.54364916483067
53.34677212194168
