122.80481496691073
64.17775677097201
175.08518413092364
146.20415340428906
92.50480749113981
76.40139490755789
41.22957766064835
16.276223746605762
87.46411797693143
112.7641885487427
114.87523706909165
162.00507098037284
67.61961432074274
67.41744551474056
44.638812285055884
30.494384824402825
127.96453034074952
137.99972972249063
176.74787082800574
150.63640202841992
52.516372313915895
93.52477727550075
126.56042043308167
146.2323198754865
162.44855040268467
100.95348655528655
71.44713331029833
8.731558957351805
25.90092527457261
78.04844430629495
69.4279394324904
107.78110112855578
159.94953904330936
60.928400160654306
38.02932649290239
36.06351527275754
19.286958456013114
132.39912326336758
125.99321114577118
162.25836435759436
168.51491752926907
53.97923349327692
