122.30714736787134
116.69160235314183
176.15552721524992
156.1451187643453
88.95139607887752
99.1524822556252
10.982039415047947
25.99686073796933
72.27775430213664
94.81454019609926
136.6285765068151
161.17750990099734
54.2052623868409
19.417588686533392
30.93117672414795
23.396527426123722
122.13598725981927
124.49740017567161
169.35927496909403
115.25512185910993
50.30162151432731
115.6721504692806
80.42574922278526
162.43063742755155
152.31945097960394
95.46004214763649
42.1185310899976
49.574453002777204
55.35942317448294
69.42231536214183
104.92006538793903
106.3982198584452
165.10039248310164
55.48145482008941
48.78439750263667
22.711974685933093
29.970286035894503
130.3580139172421
123.83298877609714
172.7400869118867
170.01399260021307
48.291662776619106
