116.13550072843022
135.1422092330911
174.91406481107677
164.87051428479526
93.14081102083742
113.80822211195469
37.31879487595791
38.123694347640615
63.56441761994224
120.5639777407822
144.10423865581797
163.451011156136
55.11665506872226
33.66906944406755
40.96339520423686
26.224474531104715
119.00652841923844
139.88751697910527
170.41772341671322
106.24417571647581
49.35546096544182
110.28769965740074
99.86117291554365
164.8996015273584
172.03861659083375
92.02804688957865
103.71110087961713
9.04087400276984
19.651938570480393
66.46113620777462
102.72193044159856
146.91173779104403
160.70721860772966
54.845576136981734
20.752033450356215
30.847010969040884
24.107076176547547
121.53774026347854
139.19804064005015
167.6337820958398
109.90885238508235
50.926892558087665
