120.4503856633408
130.74422794838705
166.39023253233958
159.5654347926714
91.50530121795524
116.7088855724517
33.880925677138976
35.35367530439444
69.69478405930974
119.59739152773076
130.43248696094554
159.4780865948925
56.11348402194759
28.98715164303385
39.173877357712755
29.86414986646325
118.23906060777006
144.5755584135369
166.21727739328094
99.42719387834738
52.21390503936362
122.08622585201704
91.18259839202265
166.00871886923574
144.83730116797346
83.24064249212553
134.2483570561774
10.860585271391429
28.23515497758795
75.38119135806275
104.5150108701012
87.56498047770982
159.2531479131914
56.21368914271975
36.69241386460063
32.3855184733387
27.776980307688383
122.8550302647223
144.36625767202253
169.8048362618027
169.02926253703976
52.44713414365959
