121.5213518229542
137.71941673259522
160.7163695009172
159.43632227462757
66.16818174806211
97.28469756344352
7.600915378774879
18.042627312237364
30.25139663157385
88.70546078954435
138.67866160895457
160.6904823817228
26.586034769134265
8.570637618674947
21.97738757026127
39.587773196474515
122.91437465680649
66.77909316777512
177.05968241388354
118.20779252747191
54.617772788389956
123.76821487316427
125.64760353492791
173.04554900715323
158.23832920951438
95.5040170678666
110.7831605267929
38.520961624636
39.03954647344048
40.412045697476586
113.65195712308358
96.99420361479162
160.78174713144932
38.30496751228984
25.020942241888505
40.45564529123427
12.043845592690381
122.52194876503088
101.85449345568568
156.57969777460204
152.34835179483844
54.39094286431833
