118.99459051580675
140.55792065791675
141.31093936953076
159.56528225119752
93.74050413653696
81.1165596780389
7.422074825708278
36.2009394904462
73.42123008970383
82.21742779549136
92.52270705553923
159.29628112237347
63.198997035820604
45.105739614728805
35.11516902110045
27.717266241240846
126.9021528330807
141.9076202280139
157.87414857237474
149.72969871854556
51.3558545825917
139.93021780197122
142.24608343745479
167.1305252298307
170.8683989094134
95.10235184268745
121.35063464998844
54.563774082495016
58.141122580170304
71.63844708583521
113.21127527577414
88.2705078084221
158.0610939750228
70.01728541955488
49.110045957173995
37.13983627245554
28.670430244696767
130.73738912840867
140.30595482828778
143.05769538934322
167.10673487245813
53.84452742236321
