137.36143399011513
117.27368850108286
175.51004258779886
169.09547033652854
91.5510265141841
71.9985493579723
39.356913946316034
34.48336794200723
77.64382785164798
95.80969081988496
116.67479128341371
152.55244152759957
60.38925964133468
44.836253374089175
35.517132624556254
27.069334926720554
133.28374146552602
131.736080793748
160.2745983652503
122.32412588937858
53.96916686480789
110.18241911438275
115.88641838741286
137.87972097806863
148.81308136069336
87.47410634005877
77.278643676428
6.6236293322343585
33.618853054920834
75.85528145911113
94.84541647623361
91.29232309637275
156.48987362593115
60.3022279867518
43.18589435294
34.24352478575098
28.631714170537176
130.98456713108814
132.1599676446698
151.62630626062534
144.78177584051983
53.12578526982507
