141.03904601868183
79.49248240913187
175.17918515358042
154.0345209531583
86.40288615400833
61.23299794744313
53.077463662943664
54.88781584926453
80.32792772563289
86.91707889439628
100.43703100355354
168.76753478974643
63.534000011496616
43.790076145721116
29.83950725712988
29.909479574174142
128.29091126182928
133.66112024509638
159.91487610576323
152.91852504190646
52.66959367794937
100.29769452702924
133.41980966384403
148.2340247639244
158.59902131563132
95.25765738523515
90.73292942567826
8.250682865447596
21.308876448584222
74.4400959616882
79.04544536801531
89.05793512739653
167.60992235663713
61.29542248717245
39.82508771811614
32.66642679510825
21.40655731166569
125.61852327733492
126.94166534249237
160.62549030043195
165.67722119946174
53.38365341584031
