123.21631606797101
112.62753625168202
174.7392916162638
173.53991778581715
92.3726603333935
75.12245762684337
48.48950648527392
54.93999790578421
78.43673064833244
83.3286797030417
96.81439180496989
159.73467094635015
66.82380698074567
47.672627005603815
34.27818375854918
29.846897825463003
130.6949511642739
133.24817567774588
160.8942461006626
171.58807871684238
52.78227705444089
97.03881975282795
141.87661064744015
166.1981829215008
154.85391419384948
96.58520093635154
79.20346795434521
11.666613255441705
35.605755646803864
69.22496651065352
96.45525476435084
96.64253622345328
159.11297797361985
59.735170730996984
47.289614945940535
32.812874772593766
24.23426841770201
127.31760026673574
125.46495293616267
160.7635942539638
151.62956011920696
53.39512490654064
