129.67583669427486
74.30694641521283
173.02023503293765
158.45243702269582
86.90122011469774
59.64217471456994
55.02398496749963
57.24904664186561
82.03056529623575
88.21621504719911
113.39384313385555
163.518834175694
70.83928773274509
49.04106665695485
32.72906390421237
33.696190793174466
129.29319262306538
130.39431330241177
157.5831449499106
146.81329543724289
57.42840481971468
107.82265159238902
92.46012683468815
151.18400035404247
169.43134843654505
93.07515848755882
91.36484474457151
6.987278596168084
19.270969807740197
80.43936064015294
80.06200284507243
82.44683230522864
165.41695091253368
65.86409313928552
42.973895796423534
34.88458604097121
24.582700757622792
129.83600204453845
122.63237536544085
158.93622335098178
162.26608426152904
57.666359916361266
