134.6222314489334
114.50385918865183
175.47239771679637
168.74898789699992
86.97825121227001
61.18549528465222
42.51242564537778
44.638828233240055
75.74362852634113
98.05896174622653
110.68482979834704
163.09837032100592
66.66590005505056
48.71836204778673
31.528092276718148
33.99022087398776
132.10852700099412
140.58462823512647
158.7117614289497
156.5430017157685
48.711608220881246
118.82919933404183
118.91829069462527
160.4791255058103
143.91468594240197
95.58746456477127
80.78806460665884
3.000304433215889
30.012137431718745
76.21648550348077
79.13373447371238
104.50018856386907
163.0894319604179
65.73538362625364
52.49940079428459
32.2503666998017
31.44117309386604
127.43516063639618
140.61809768064023
161.22908319204805
152.4022343299427
49.1781606387826
