122.19029466191877
116.61567756629479
140.9855609295142
143.7631775163941
93.71793440284166
79.27162864813674
5.858428720893957
35.54748260799486
18.02425461558233
84.57447040142723
58.205178702920364
155.2743275724737
20.632395376171242
14.569302246737307
30.70950655470381
26.70032242951136
128.4489561224771
89.19480657311146
166.51136749728948
150.41261796054926
48.96862604803697
117.15280282405205
135.15551593287137
166.19693782379954
166.80582275447048
98.08331868637721
114.35120993721195
53.01988335558458
55.2485652383159
21.343296700559723
122.17454044426188
73.10508485775249
157.83479202019174
29.168663681409082
33.22131585790177
39.911739740578305
24.056921497811558
124.89746688834305
87.98700171628745
143.9322669958268
157.74091508003627
53.652280057407246
