141.82223806610514
129.95963363512033
160.7583217511361
166.02908494980804
101.9566282579368
112.14538603749432
54.58223014633943
59.0136048076513
75.01481069450922
99.90639914291124
123.85152252133109
158.69287436706986
69.32003568878532
26.181006814408708
37.952758740507214
26.772207820991273
135.99591861120055
131.504753445096
144.0471903588958
127.79100634952982
57.40640259445139
130.38926162186164
129.59054694144203
163.29912780570007
151.65865122711702
98.71973508095687
106.98008681124847
7.755477053214827
38.50514583238116
72.7718349852719
90.88638138027133
76.54636049893817
154.29814730789005
64.21482666158751
32.284771828529955
34.70595589464689
23.873632562632327
132.27053402090783
132.2434355735695
154.79387454414143
152.18970517362703
56.36519865019846
