127.84088793147227
76.75769049777675
114.74425155564738
172.2151347726933
90.74611347122769
79.96445002460251
18.456969791430236
31.937810313599773
72.62855761617062
91.38895240184202
114.1674085470133
150.65698496181759
60.9539070388637
36.96689871299666
31.012814752585673
26.733490385116593
126.28162527529608
134.78658276302434
163.58759156438356
158.60983659671956
53.638495246731175
129.704613030778
125.0362671918172
177.70695439424995
175.59696820283094
96.84599508093325
69.63398114186543
55.74813077602513
54.4608567610939
81.04479905323251
85.82854561852258
125.37814206751541
156.1635177495535
68.4041116309434
53.71320276599278
34.43765917009503
34.86480077745531
130.00715432768664
139.2549104934521
161.66714160104857
150.4475477903524
51.79106257035763
