129.704613030778
125.0362671918172
177.70695439424995
175.59696820283094
96.84599508093325
69.63398114186543
55.74813077602513
54.4608567610939
81.04479905323251
85.82854561852258
125.37814206751541
156.1635177495535
68.4041116309434
53.71320276599278
34.43765917009503
34.86480077745531
130.00715432768664
139.2549104934521
161.66714160104857
150.4475477903524
51.79106257035763
134.419724340099
133.68971842085026
155.22058101468218
155.20674125972062
95.11175871301748
70.52162710079534
11.137757733848579
33.54935705791574
75.79753326192167
96.86403893169334
95.62534639571494
159.7871094182649
61.71784429018459
46.28945116153137
34.295581759598775
26.90611769720677
129.34783039572366
133.21702358637867
150.64709440620197
155.65550038860613
52.97430856713971
