138.57866009526438
132.42813112269087
132.44791978018478
162.90732038803742
70.78021836857923
96.43242095684087
31.06461761586997
13.750316339478905
88.23487120995645
79.87397593763443
94.24709790884242
165.5834190312593
79.05446577599025
52.60782387215447
38.019489834322926
40.17157464045977
130.56916030987009
134.42193678579952
149.2489224703151
154.5048248550019
60.17024604401991
107.61113885201691
124.50284149009688
161.40162466582345
162.1644216293281
92.01226220281637
87.3293357007076
3.7578095868679506
22.052360989649024
94.92480381067594
76.36049814019518
79.09871846475629
164.09193158451046
72.1565704639403
47.87719032403173
38.236526243906816
33.72350936609651
129.30488054091995
134.3536718705804
153.35599347249098
156.06710949191873
57.480092986043154
