76.446371370444
138.33415576708552
168.77163443427298
164.09040664077432
96.70688747065003
110.4038955990013
53.12844662883679
51.498649932746424
60.95325842618395
94.2955868313887
89.29209530681175
165.89784855645144
65.97139931193031
46.227933358791795
43.12702043309471
17.654504123533894
138.0228014290811
128.5942600342002
146.91165060803613
159.6997656369928
46.99371800592197
124.76963794343261
130.75261124007562
157.39209818256157
147.6684597329478
96.91509008259489
100.27474444777526
8.020125790118875
37.91940250851949
63.13415201167389
91.42250451483366
93.5215634167899
167.47312932398503
61.069528142433605
44.12810865884414
35.87367082177955
17.125167373981455
128.9004737189501
129.9854388066225
159.26502003060827
166.00171576330715
47.94395206767813
