136.85284546049255
85.41002329138014
172.2638049099811
158.32106516264236
95.78091760851042
101.87133827778385
30.703566772322773
29.612235374174038
79.1343509703137
84.27651590380343
99.34516625857526
171.0714289351881
72.62262652685686
48.942978868842644
34.984213826907585
29.94733763643118
126.875112015883
124.17156875480886
158.11481838715764
160.93567827018106
57.30862190222616
122.33049902650495
123.56697965861434
153.1637800906497
163.76061231425263
99.16525432801068
90.28038888017396
3.9800328251433847
24.20899623119838
76.59789661653176
87.11456418052491
94.76163974648514
169.93480588557878
66.70264561499374
43.30688510044201
33.01833047208005
24.28943211265623
123.64732554832598
123.2164378719059
155.9189662396073
168.42612647342364
56.290539916495355
