110.42392051914844
161.28651534163262
157.76732470355643
154.1940299987475
96.96794955153936
77.7720316412053
7.174087631062873
30.59911149029339
77.02292157119257
95.77817287739784
166.30186870573453
154.40470610481447
99.66494044523073
124.68474121121211
35.760658065974404
90.62160825516224
131.43799060466344
133.69591982156052
152.09692573187274
47.34969848390718
61.75614171673817
135.1584150604318
129.69126040577294
160.7218703009056
159.8514774194899
96.30045432856343
104.19348697027911
39.60553948215845
43.601120335704096
70.65710146618589
97.24037627842017
138.66177388291382
156.92328536871565
96.64570144937859
117.33143629450944
39.37629082113325
85.85702877073852
134.09346367641376
133.0311129078048
153.7724390722973
43.51966103802864
60.83326983979261
