133.7726514898639
87.20081522972393
158.60864199058213
150.32953479188058
101.33554680178452
99.09078047448997
26.718832534179185
38.42304148830569
76.69922333946624
90.0866348091223
106.3422532581186
157.1091155219039
75.32762099343793
51.5800231734391
41.34151777609977
27.462059463438553
132.15576425337775
126.25029809266418
148.83030027983483
160.52677194304937
60.24498325547891
124.9523935501818
110.82248690869359
151.73883475503067
138.79354538952063
100.6845402844291
102.40754480858303
6.368609178229287
40.95015007629509
77.31645387173081
90.18082580043018
92.16640274798502
155.62821694726685
72.0808386565691
46.847473763530246
40.73830770407793
24.161895810673943
131.24931318719064
125.16751407172613
149.83277718218108
162.02175095436502
61.21259593047837
