136.3765596317849
131.55538639842783
166.65798019265168
176.51881333200262
86.90926902310353
76.70689432011194
56.086296725862674
61.014373700159865
59.5566397940637
86.72417042153594
109.2859655411528
157.40572420545175
51.65428420144586
44.470525143939035
32.17082984794644
20.84320299296042
127.75019443960245
121.37366281299597
164.96933628376394
139.01039806275918
48.53914299824073
124.15308123245316
151.82221862853112
137.38869992202774
155.69305935444314
101.12750743913274
70.58988731445903
8.91215854860798
37.80462924704135
59.691093426816636
83.2510620178554
140.58562095337632
159.20269855933697
60.12641816656128
27.441675252044732
39.21305463438229
19.001188227690623
132.7178859994073
121.50916434541844
158.48326739805913
134.65083587549816
50.15379675446375
