117.87308031721803
126.4694110453106
168.66240514235918
164.64404785637333
93.89794247987126
115.0711168418065
49.03015750318099
52.01393002902189
66.365186526299
104.87990331455582
49.14072406021627
161.65590826892705
62.24952231403494
29.045735651756445
37.0001428598096
19.84342613006108
135.16187457186183
133.90466342993886
146.43166311266404
154.8086965289987
48.60407736994333
120.61261664525186
84.54555494832795
162.8516429247115
156.11546440916342
96.3114357525563
104.8668742650844
7.985124127066283
32.89838015149036
67.9607101000934
91.02738525705364
76.38234567434077
159.18502450754775
61.86467070099733
30.88493574780364
37.832895912510565
19.17088081725031
134.21170545302422
131.49142110255195
149.03580558580146
157.56135778848096
50.58607504046414
