130.81425006559834
87.5834387437878
171.52042571651398
160.52055945786702
106.32199166014261
90.88611281310303
35.419955719140354
43.78112969311521
81.63221739069229
77.09913871223561
101.649514446754
163.04770101906237
70.80739120302201
45.89469966838346
38.688902149426916
24.1295472505264
127.9620795074322
118.79005766495604
150.33234750277208
156.35159239693263
60.6771651096738
125.2115344145541
127.6381060381805
159.8540777853443
153.62998820395782
101.16273605971104
93.6317616966687
9.847177956405273
35.08641436808115
77.48705460580639
99.97163219919388
98.25998042246836
163.8532643294806
73.63321908186738
48.87297477830266
39.834622791134514
23.944579943860305
128.27586529158503
118.97079869592237
146.9365096646961
161.1686380606745
61.29794634221363
