141.39150428944598
140.9757543054037
159.94940910997437
166.57786188983675
103.18591485737677
113.31908346343793
53.52410869209334
58.56517700413322
68.8234342215993
100.03223951951976
85.63789380136052
164.2203699185621
68.29020350829849
35.666136499907154
35.48513211870736
24.308709733080537
133.83152037271043
121.89044723891325
148.1978496720264
145.8224413655647
54.80056862538361
133.87974866431622
134.22461784942328
169.6204356907996
156.80936192805132
98.31936548679764
95.39159011447018
9.901467982328723
29.22933507810498
67.48718113892228
87.90938358988235
99.72736114221158
162.62798519521192
63.576560067054274
33.77330160094893
32.78871039477825
21.32913116305459
129.2684258852666
122.77731652037342
157.64930212552267
147.650421604043
53.76269746618566
