117.81561786974746
136.08932370303097
159.72516422234534
175.33799903573424
97.69601605216047
84.9057055533203
6.49739403299518
21.622831600831706
68.83329208456892
83.9367217347544
99.96311539119795
157.9167752149376
58.91789709952835
45.177547773603116
34.600745984008235
18.64062210565571
128.0234741748719
126.54150453191119
157.1513800748138
154.8352037818092
53.40723442062979
138.819182857854
127.40165432551048
158.4152335297608
158.5984539733892
101.17827801902597
104.28709728220699
43.19864619286145
45.06627493469962
70.69473627965607
96.35513939584355
118.85440291677236
160.73670409223547
66.13943571285125
28.74180718050798
36.44647458317289
21.89949196669577
132.64345090075116
125.0511569929121
157.2626346101293
135.12017866730554
55.08341933985245
