102.43408501987285
97.33326563250411
123.68703844638407
134.70102440787016
104.47559686742488
83.66045440958784
12.320676676028958
58.92595097879496
78.42509154033799
83.30882349775077
107.94804146506237
149.17619322652678
66.16111642454094
42.96888251778073
35.00204996139022
30.019218708963745
131.29296865623067
137.26072347698855
156.7234672506378
150.84832970541243
54.209051593586615
116.53576771370335
140.5761737472412
168.7344043689521
169.21685552456543
97.64678885725925
73.18879413450674
48.318728188210315
53.59398689462334
82.13425088324239
84.42821378736423
105.03923923781251
153.18929142480044
62.6462451751233
46.79375855779422
30.805371289604697
31.05537550836444
126.14884901915721
138.82843922101776
168.62847779038214
165.0313214358537
52.26527678051603
