135.03020302430437
133.29241580575248
162.4957960340196
163.88761519245148
95.3958452064507
110.02060318613188
54.06343030463922
51.29998980540862
76.67603233214552
91.68742462566647
103.49970794640167
159.92909538719786
65.39496419342487
22.94309987792312
36.353497878414935
24.11571622112596
130.87573195360665
133.60287657561952
151.79653733566374
129.29337387861239
55.523507111560875
119.30647437452005
116.62085829757002
168.31290390606168
166.11672016082775
94.00908050481246
97.76468360107071
7.286460087187406
27.62382685540287
75.85194191416758
87.81038162264446
70.52388269804096
156.02688518585933
59.95528572304413
31.040613928218267
32.165414712869925
21.99590861718408
125.74406529797908
134.28759508787812
160.17328784091657
151.7520355740323
55.03131577200562
