139.2658608828234
46.0801588311533
122.21754435535763
109.57192324809283
82.32700064742693
98.3166948291047
34.05083829122505
43.86988835343903
78.00208109208255
83.63399209438663
103.5645016114049
164.3391933626709
60.35089173214856
43.647714238860736
27.073722536427727
28.418510709509228
124.81406666004096
135.49332596115067
163.25271636480335
160.60002311879967
52.95500933178195
142.07606816284692
82.60018863951359
170.6298016579523
150.42198738519448
84.15904127424929
69.86565710151768
52.11290102231101
51.256831427099186
81.16493993848567
88.00873975201337
111.34392588827248
165.286531419705
67.05271463807043
47.46168998760004
31.727495933404658
32.11014615642205
127.4957189981279
137.7438972151137
155.58483400614793
147.32167567107314
53.78541200288124
