121.5372093230704
107.01052801188555
147.36461761305205
172.75579277783172
87.74054621200261
99.31542413752315
5.370825575433284
21.021160574354727
72.95032157857864
93.41939904249514
110.55036589903655
166.04565729555898
81.84728252312462
44.481654946949774
38.495595885779665
41.168600848878825
134.80063918884133
138.50137617121734
126.46395514435775
146.77550039908797
54.6582916522138
74.28773095719885
138.6473382131398
176.63264543498676
172.98086011662858
84.33529523000828
113.82268387395101
56.04584673038499
51.4728457021076
67.89058378663628
100.3220916921892
102.41915258970809
164.24294705727306
71.74801621352489
43.60733949886418
33.62901307877032
30.39442862401221
124.44814111665102
129.52787517661932
140.81277517115367
159.50234305489974
55.92234994767931
