118.85944565107879
134.29642941447867
150.63757635378175
160.67356798757862
100.11064992447797
92.01566906250167
11.604614133491243
19.52738570172403
71.12570957854744
85.6906525220333
94.55658021276962
166.88444609720352
61.48675765217212
43.082107655755756
33.240333385352585
23.14305656326002
124.48807589012422
141.2182409778589
160.71741996731734
170.69198123677387
46.98952617918574
76.446371370444
138.33415576708552
168.77163443427298
164.09040664077432
96.70688747065003
110.4038955990013
53.12844662883679
51.498649932746424
60.95325842618395
94.2955868313887
89.29209530681175
165.89784855645144
65.97139931193031
46.227933358791795
43.12702043309471
17.654504123533894
138.0228014290811
128.5942600342002
146.91165060803613
159.6997656369928
46.99371800592197
