136.19090761717283
130.4808007607878
165.62135299940633
165.91198856727698
100.22616535497731
108.72195854139895
53.09023026357396
56.22475745956436
67.95586069314214
99.05946457150446
118.76438410795126
161.00854537888134
68.10679603992781
26.1810059544085
37.137475212428704
22.366002093688703
131.71028338076297
123.98124036400837
147.51840341664428
134.97928030916273
54.183963425919956
123.98513850393519
97.80571626794537
164.12165809497222
149.6532261958124
98.16389865736163
101.58548716087215
9.144257922173365
33.137394049567064
66.10764769709404
92.18328338280539
138.1096287109825
161.11533857083643
63.138945519395016
23.94274531694054
32.34377379924514
21.951853136700578
130.33793709368922
124.81410535625542
157.47960319787737
134.8485022729894
52.64549018580423
