97.1412964300676
115.29949249145852
168.80243160880204
162.32232282461925
97.68792038961647
89.58786391476633
12.45244406020817
18.22382332075352
82.11201554566358
80.38057938048972
79.5939079666467
166.21737821427712
65.58576218108924
42.49143613103592
29.059883338128934
22.20522738933839
112.965120899962
108.49101775534679
165.883721579466
158.8342957522734
68.6544540675573
128.88371122730334
120.84652042035147
156.62963861760113
172.71110067293412
98.40866803048087
110.46853536125525
36.37321995632172
39.27870995828723
76.30489996132934
98.9114772672498
82.67524304534166
156.37147361228088
61.35426364132963
40.31748931475529
30.212029057777954
21.25534347852702
121.40651597618746
121.90280002402667
153.48165410460635
175.00390476712928
61.00043878071409
