120.46612679841776
133.08771820934362
164.3467413564271
172.10077982330606
95.36739004827088
114.05647442638598
43.4640855383996
50.15090740539248
67.780977457074
102.9217067759361
72.1799106850434
157.8992634531308
62.94749229835128
40.99827255699998
35.02949958840232
22.650883456214146
127.92246387230318
142.24045654789012
145.6558864915037
161.23616263662123
46.33289769554468
116.45116713574747
136.99697444917226
159.64913401784537
162.77161140440933
106.98804976475765
91.32088507364035
9.37370942414142
33.25811554227542
64.67912724046802
88.03098091974869
90.06771740700184
156.51974192035792
64.41082866550735
41.5239024471858
39.823510718702074
22.049301383512294
132.88119399458063
146.59095142960877
155.66883534348972
168.58486152061812
44.12107622827762
