77.5291786257764
132.0595576375087
153.54846599590098
118.36301032852874
88.8589324319733
69.14818273999849
9.894571394548105
24.927479830972096
86.46003809776698
87.61883836706616
115.45330475190403
149.33884407117725
62.98750201539509
48.741284436458294
33.787681481593
32.9157800126866
137.0427981012676
149.80606699145676
159.95232338926118
157.81797636358633
47.179519319298755
122.89636869837058
120.64468133569073
164.29481984163675
170.81330527467782
90.21940038620349
77.20201903818928
33.50914251717459
34.87480953701686
86.510660953014
83.95170760212847
106.30891086932593
160.20261051612115
67.08563863402073
44.96361870247138
34.74860765443993
36.260966220992046
136.4828836619561
148.78163557247208
142.36906286783727
161.60875620794772
48.56420275693635
