103.60587564861888
160.05478576928232
157.82043010827536
94.91303023655948
73.91980839185887
30.01503256619468
38.302325620110494
85.67443867063794
105.28552043841994
157.7496135885323
32.92400232583282
17.527052714219614
29.464651620887604
16.729548656581997
131.36573787101324
95.61493797413519
169.24239427726224
158.6912178254188
53.096870297065834
141.96589197695684
161.89552136395798
171.64982037478066
95.46163336580148
115.80627648884105
52.3538138080835
26.40545253115292
125.09011466540629
114.1083870875364
157.6833075330618
30.38149219661059
27.459826202531875
29.846397451628036
23.407855870569364
121.61955087413718
94.66044589043365
145.7107447769743
167.95793977005238
53.09370736428133
