115.6159784568504
163.6978485430799
159.3354901665825
97.55554078385741
121.51429777142073
54.302222154032386
63.078989040460094
116.69975800076575
154.66817798363653
154.98994686728616
55.64145359195026
33.51306315660593
33.402941075130315
16.844862104828497
129.24002046435098
133.74511381568408
152.02903467970242
135.48944722508847
49.37288519474056
154.99277804830606
173.4764127248388
154.03639486753914
92.91741882047167
95.99440054276478
31.03460505052476
33.293090790500884
87.2711599463379
118.6894304393907
156.44293507419118
29.023146356200566
5.823790030779296
29.86131248933444
23.21809622740642
136.1992022073261
93.29264796417625
162.29174606395645
168.12376134034417
47.67673677340959
