72.34973029031164
166.81851648114508
149.20026894126462
90.03220503569507
109.95129054891342
29.651200002915964
65.44187407321893
96.00411380604102
96.07909307253787
160.1179085013909
54.35898813389383
36.800133021181345
29.886923716129083
21.301666396518275
134.04828364836445
142.73727090504258
163.28480904398293
168.70117711188908
44.01805970051591
77.24176023756404
171.953638827976
171.04247998166952
92.10453817225024
68.96452436027499
41.67387701393401
77.10919283897842
98.86369385263147
122.05332561242507
163.52689949955686
66.77803027640371
60.19972004863909
37.98707323717939
32.291840866977054
133.44436157152765
145.525751948412
165.88884685127064
154.3719710035282
46.2013365137345
