106.13958850239783
144.77754403478792
150.31685709021292
102.93109719216802
87.55603303477596
23.52407910350377
69.62383607995197
84.13682530806135
81.65425161672808
156.28882650075167
55.384011678333906
35.79793923352163
32.32117387785332
17.22922585507478
128.17901918267646
134.35190469004908
155.64760705556674
162.03942637747156
53.49047492465248
124.61554690571658
167.60275253418203
168.2324871128773
90.4570615217338
123.18821307490542
57.87600283347669
62.914285320883074
122.85951951439652
64.04057192877764
159.13230021582868
65.68608636148485
39.70708457658593
38.37033921851033
19.559723539580528
134.27863007791495
133.07551355218496
129.78993305265183
162.11299279767212
52.56279937493612
