138.18604105223937
166.58008696347525
137.12705234846194
92.89134961826602
112.44068291442868
31.206577198080442
60.77761733022448
89.11018121289528
133.22894624556014
158.08742831285227
52.84380849639989
20.99841922473598
28.714308394622126
17.979757019642594
131.6559723429632
132.86579140758943
166.71460354354875
131.7309660547905
45.416433382638616
78.05297127082154
176.47794853458132
161.45128356730626
90.44335721973714
72.69879049908675
56.86182037698789
76.6858344587447
101.71403009071715
122.55382154451844
164.70342396941723
63.42114844595938
55.816294404212364
32.4609688610113
32.298985268320685
130.3884972101155
135.34146387093045
172.3192293668279
161.21675521863642
48.26811007991065
