134.27114442154289
175.07732904437307
178.97457969468834
93.05153174889789
75.5794554422427
52.13692377671279
90.50862269115194
94.59281455648286
122.79840998424187
161.34408192243694
71.38147644053352
64.29452415621438
40.29730633624522
42.17881149478782
133.1858022761342
149.82769772751993
159.05935841523007
149.1459891920452
52.254199824212144
136.40078701888626
144.71482042900814
145.9819356374885
102.44339606698439
91.54216073773166
38.49507631584576
84.76446598411472
80.86608255871022
88.4184869908281
159.56201786022567
57.82295441400907
41.11646140599635
36.50236074129894
22.856797580961686
130.98624307084043
152.60016735306667
151.65790778784688
163.76391997901925
46.08154833043066
