127.11087457954464
136.0892973314342
150.45190120116072
94.24455111240474
87.14440081339329
42.46611714764982
83.87976107831211
82.6465360256452
96.40684770328127
161.23626463013971
59.33967917471736
46.03777957108017
35.00088637920265
21.459606070587167
128.95221242343104
132.0476307284119
154.32097515948237
154.8843675946469
55.06339924128261
118.62788754996298
169.36589905352926
173.11300071904216
95.3662454800742
108.78977331942919
57.43355260816478
70.26045791984471
103.88827840065137
160.4122008907126
160.75910345723833
83.32795104300058
40.475652071261706
37.42633962011227
52.46169603977322
130.33658204480784
157.51776168755046
127.73734269880698
99.11295678762924
50.10238373875369
