78.66506664422937
172.20257976022862
164.80542577198125
92.594935949469
69.13635366054594
50.99017132927011
85.68976527609428
95.12638866404029
114.45552245246053
165.55166407993468
64.88716780718727
59.03147855652696
36.78171116274637
35.31710730920942
134.87319321958648
152.86427734121534
163.2193463332396
149.80795618231733
48.485822022460134
122.91344092428781
143.4749959243259
144.7041583136255
101.58820055348346
92.24727007482369
36.920225903321125
89.81968999530426
85.77519229341397
91.34268795490571
159.88151342041743
58.7520575625584
45.92564860731663
37.38350924074586
23.459298757376203
131.69499250894407
146.4162195377632
150.34804393153945
159.56635465592197
49.3042618330215
