123.87162132478771
166.86820275491954
153.38402050425069
91.459781200407
106.23272861310538
33.46466998680931
75.15068111110214
93.12009073579075
82.24176071769595
158.82225804274736
55.85316301893573
39.46668029999241
33.383914244844334
19.19009450833103
133.10380016413936
137.02803722828537
158.52552433892188
173.49551937264755
50.03107285685231
80.20119070995736
173.1864309207373
160.62024863897844
86.71834845762501
86.0089523770597
50.81298684045834
87.70704513744259
97.27277510253542
106.2521926299946
161.7990430808115
63.57871676597897
55.80389344741184
36.814323645240606
28.977596612231583
129.26858999091363
139.5409570535524
169.09567740624254
150.88118231398596
52.88711341586647
