97.77939711753419
142.1718859987906
148.96312810970628
105.14202358764769
94.97340886029573
42.454780277240786
84.98538093660893
80.14416712017112
89.23935869764603
158.75410008344505
60.78289298977294
31.863937892918187
36.96680330521668
23.261101225742813
130.8892294336391
138.67833123783225
149.73845095955485
128.82487749619133
51.799478574025336
127.06915715954793
164.0260448746228
167.1928718549645
82.67312114335326
136.55830001923343
54.1123073741676
70.62062015530027
112.82902952617872
86.85069529493323
162.24779796490685
67.77922215057305
35.01790870896552
39.503095729541926
23.78990936763483
132.94550584974388
134.1519466649468
134.1373473855006
124.17116693356309
51.65849566209832
