110.11770913460798
162.2735179488149
151.49304059223545
84.13161422535913
107.33942772212636
25.04418912818119
39.908991954718175
81.2305730575335
63.570353072144215
159.78657001451674
26.833911933276216
16.3047196861675
28.04091705770545
16.35046403236484
132.24410220712906
90.56119829667564
154.8619964478739
156.21376987248
52.6295849141012
135.79092480745885
165.02624710209025
166.4120495543686
97.47335137372215
113.02492130707003
49.813051568587554
26.747529500499493
116.15645697712094
92.51354306852713
153.40612765878458
28.29920103797847
31.944889510298285
34.440371319504195
21.857902494030515
130.74165451005823
93.15429969606113
146.37779175595944
167.2269876395199
51.34844340298292
