113.04219567375586
141.28715445088005
137.6071920082495
95.86476123470068
79.73808204322985
44.07797887422137
87.90451345399919
80.49149740948005
89.76203081783224
159.93939719019227
57.68740665209611
44.97338094677805
33.26972109185205
25.206247639463587
128.30363431417516
143.11211178287925
151.98396648760746
163.61052864259338
49.975882217066655
115.69322819172741
167.99658711405715
172.85894526866488
96.34523183939827
114.47785967575123
56.234382130098105
55.22047149653795
111.55743308591252
67.9670796059329
163.28975958467743
53.827874499911175
37.95402901267201
38.836273828469956
13.272749627084973
133.18652692930627
130.04801622224971
136.03928080085217
168.72076799518388
48.51269757782043
