110.81606913266543
168.18501420194158
137.8862198517812
79.81140901714423
101.52868096882396
35.01052380705238
78.97435681532798
91.71287303616997
72.3252332306192
162.90800409971723
49.45052007807308
37.775680381079205
19.24073115950907
27.846655610148478
123.7799663559477
134.78264287554265
167.0823335401302
169.06334669208937
51.83535136767566
89.94499938518231
172.0813368387638
148.1880337949121
86.07979648714308
67.37437905356484
49.64992359188401
80.7699366949814
98.70313668029937
82.63292789232905
160.31380236658472
56.00342080940341
45.33852456534146
32.976096008347966
23.343280044144628
135.09506012067575
134.48999011387136
163.78686887262958
168.26967533823608
50.22703303827378
