136.91070937687098
157.4982047231994
173.19993715708625
102.10232654179882
119.57892362425763
56.13412131937611
72.70526676459114
115.31149956537662
40.3419875233107
158.7139275976869
56.297682950556855
39.391771107123205
37.09383240034607
19.927167418486807
125.04240655073949
143.8135023927458
145.68574324342316
154.86248048835992
48.911281481266826
134.44705604897314
165.141436090884
149.92034157214405
93.6441363910063
106.73726173903545
36.61445406100758
76.23249699864478
95.36708625481926
61.52286661565241
161.17781218646599
51.30635186947274
29.877708282333266
31.32334223160379
20.152089932494132
137.2106520637856
143.99308533028494
162.8338986608778
154.6160120353022
45.851017134745334
