141.94489773288475
163.7283057131635
157.20934641508686
96.7316365336299
96.07840388162647
32.14202894828684
76.600658300029
82.7520341036408
112.32170930343987
156.43257646040377
54.970263480016136
13.855975980090205
33.56377795555718
21.153033810990422
131.8990385821605
148.78431715360603
158.69189980910699
101.76532194437071
45.84137184435512
75.81998292944843
159.9294841667612
171.12408986353796
90.31211709490671
79.6738602349048
40.26911050882356
86.76543354551718
100.72537330911464
110.82641218995047
161.74388744720295
63.373126179086356
58.71893917550066
38.59476074735428
32.01942033657403
134.44503646969878
150.1983971616838
173.1626603228119
153.61483138076792
46.76662523102054
