136.5711595339275
160.24043196628668
169.1856102784467
100.70436462499673
123.68984409675686
55.536120797561765
72.76325880271891
109.58549359804051
90.62921026717062
155.41671358017473
56.67548868615797
33.93368540588877
34.739016349615234
22.658749494919153
132.00887754591596
148.6334590241502
142.0635901457645
123.23737945628206
45.86606832563637
141.94489773288475
163.7283057131635
157.20934641508686
96.7316365336299
96.07840388162647
32.14202894828684
76.600658300029
82.7520341036408
112.32170930343987
156.43257646040377
54.970263480016136
13.855975980090205
33.56377795555718
21.153033810990422
131.8990385821605
148.78431715360603
158.69189980910699
101.76532194437071
45.84137184435512
