125.02829852741573
161.9848115373899
143.38158632305056
99.68740493170316
120.38009726607599
45.61390853377343
84.35442018154973
79.55728200790136
68.7692207509604
157.5791755297802
54.962330379826334
41.00371109322818
35.026637851071555
21.206372599234665
132.64273663539103
133.32730528534435
161.63107325563257
160.64487636195457
50.23657694157799
135.43292473637212
163.72632508815803
170.13307532249044
97.45758028645506
117.87503441711071
58.73860881305106
70.96957021464969
123.70866101160667
74.46252517590985
157.10475080926946
56.02890220239587
42.13039200994735
31.74635158394694
19.39456894800857
130.6113495681714
132.71848976298764
140.0216762015657
170.94411347760374
50.77062051335253
