129.14842493128495
171.65489681250742
150.05082453344957
94.07134791541726
83.63739475340942
32.118798420985335
75.10588492241457
92.78666706363532
66.26829410225604
158.73698861292323
53.796327475776415
34.65987798597006
30.85241151402739
20.31488904156042
136.0989758290351
133.5277106600068
158.66599855262558
170.8789026680955
49.44992868008126
137.27909348654455
160.15088038954573
171.9106841009033
82.4554585259883
86.66833036912783
37.65109492837027
88.94608769648366
99.72011441931214
106.32728386733454
161.33568566227385
61.29163843735481
54.31900459540049
36.62843554774261
30.234084125523427
135.0993021473115
133.70905888744113
169.050249541235
168.91302812483775
50.57956493486401
