82.43421090747479
171.13195512943955
160.61833981334402
89.58078000497488
84.19845749406116
54.85178902229398
87.48348645255487
97.2059118078091
112.59244773651417
163.17366176042256
60.42187434030927
55.82896902713276
32.35965591443707
36.759470871600854
134.58373326651835
148.3314165354616
171.5370902451347
145.96650689622555
49.278150012977946
135.9902017414566
144.26951542165307
143.67767967845444
100.07297129151623
93.5644884480298
26.564328175347235
88.57977045151121
83.18397969373066
84.6983752349722
161.2051053408925
57.0414303607444
39.95080950774984
33.55468529084083
26.81003144825089
129.77604516543252
157.21776062896785
154.60786159735548
159.30047209597566
45.87245834829949
