94.39248010830075
146.79028121614587
151.4345904284654
96.5683396668324
98.22337138430466
32.747075587833045
82.75035347403958
77.92064483605972
86.84953655489689
155.60353354373615
56.47412649397332
40.67162386753794
34.020448336385854
22.143366004864802
132.64134277561593
138.98500541538786
156.6496156799674
166.00735731524892
52.26483575760844
126.81527677673476
165.3398539227011
166.22527491704665
93.22541255169206
113.31066220281785
51.96830557713738
74.11665344547743
109.53884796164213
61.6035712120095
160.19391723875947
59.03339767601427
41.32175550363321
37.92335825355295
18.553563716587526
128.24617158966066
130.77881749422517
136.97653472775053
168.55913093654087
53.342056024488166
