126.95939443790753
161.21878300425274
141.48696950237905
93.25076994388111
107.78770508870207
42.81001794784414
68.55656534265027
103.52570353749272
115.99489666785097
168.0096954279851
72.43425804036387
46.438070458256576
31.619920376964686
32.84560568124859
127.85376270566817
134.26287829324008
143.38692766412726
154.8342502502654
53.890301001764236
59.028290362021124
158.6392053434594
129.60148727377916
93.68720812595424
102.57093078725406
22.498732674647545
70.01960864547874
107.10857927577023
108.30256940351116
168.28863043410954
74.9260723503061
64.08400423074758
40.429723029112196
30.4061114552649
125.67505317148884
128.5809981222057
166.87339620531995
159.28702261779014
54.412597423096415
