87.75436618556219
149.96025401552888
158.83110539675192
96.14636120638374
89.62809949885528
18.669604343887915
81.34745717374331
75.85251489608665
95.01018086345726
163.10246287540184
56.78333769155237
40.113150906283266
34.53588671443586
20.25609797286836
129.99943726906358
130.63221457442032
153.1154100910961
161.30152472526242
51.66089316072716
124.23343059945874
164.5096963128187
162.96435018338002
98.25932040975219
117.77295729902653
53.36484986505962
23.181216455440246
107.59936281089743
74.56027236855304
164.3464638231041
36.30800030538838
33.7403789729264
42.68698866551756
19.24394005175179
134.3267744210426
98.6250768340566
133.27767995416704
166.99529449499352
50.94486948864989
