130.15594492171556
142.77890156562512
132.6952760146459
96.54713568690079
113.87144528113112
42.79931939526595
67.48895706388032
82.58812265917425
103.754452355602
155.0804135452805
52.01457234105979
40.17007692675486
30.867355117566035
16.548106486516392
129.74431794652898
137.5358220750647
156.76310726979878
142.5655941612276
50.75026811845131
125.65386608795168
170.94692763204714
164.97609150192193
90.59311404342029
123.80933790775197
56.86319040453111
59.15142154252886
116.44281918770884
74.23077272734733
157.30228910780932
58.199396372462324
40.12342307916254
38.66911174052462
15.68281110641467
134.14684388827024
136.67986563147468
142.75543490518706
160.15662409402182
50.09411797905741
