130.73312924899034
159.93430467440248
173.1592371871932
83.48255073264944
73.9639599035711
41.18685204002667
78.16131987091705
102.12530407396711
122.90838447681526
164.93379024582413
63.2772500471328
54.134362058897125
33.05055643619112
34.59191163317394
132.03496369540977
155.14173824054797
163.9257170976974
141.95320168816542
46.84707082963358
99.82877661971568
147.87893687988682
133.11449035722026
96.47891276144054
110.90294606634542
45.67699680963791
74.03539932884593
84.41606780772835
94.10419895366955
161.39043511741863
59.81595150811207
43.887302112759954
35.489547494667235
19.147376594794338
127.37807395277261
131.53630140006598
164.73607770945958
169.0482208926895
54.06007750267192
