125.04127871654997
153.04087238032642
121.57578592424758
91.70785625680622
113.66641696894338
40.42126322528047
70.13210948459265
82.45727065084806
86.68417777171302
160.92141814661375
54.63050937082317
35.99893435225875
25.306327001718063
24.440764710602508
125.44675213676807
130.51213152094698
166.4885211478421
157.82414247101795
53.04408677428851
123.68326340306947
175.28811452532472
165.64610091224282
98.26177169912572
70.3692307463043
41.28329020587642
78.07468558151439
87.83050182360377
96.02260093556208
161.78059597959168
58.77339052560721
47.207102359266266
36.55219877075285
19.369893678700468
130.68847417909134
132.0390255926092
166.74567363033978
157.51113816157988
53.35284630545133
