139.35389483564865
165.04153120047476
169.13125917326903
90.50489993294168
122.45249444635192
54.76564667221919
58.740331564091676
118.84146499983304
57.5736855422754
163.91642451273233
60.454945592212916
25.614842613640317
35.35454052454548
16.486873361269925
129.27557189822997
131.9240309087967
134.07663036911237
149.36709979052029
49.85139387851164
84.48628334649354
162.23846251387067
160.35303135087148
91.61234951573066
105.64593887218223
41.18675699295209
64.66224823526629
108.44061205303467
76.68017055207535
162.4944147448245
62.66699952998611
29.207467462125333
36.45083982730897
17.667257900004063
130.37752976963034
130.16934420074776
139.85513112221503
148.2206322297052
51.86047233662783
