130.56447329889505
146.8205790677658
160.15628710105597
93.11891724310735
77.02678331707193
35.75705734677073
77.44590293787337
86.78836054816762
103.37756859611643
160.47558292256178
63.59386113919985
45.61700880860411
36.18225380021495
22.382572123532043
129.85452945597007
130.62099874862486
155.9551823838555
163.67094906608864
54.771554652193
126.61832256499007
169.37321077373983
161.8332705074543
90.59093615164295
119.58895019576137
54.27051943201204
52.36677286377876
114.82168053251023
85.1726465023794
165.9879038887573
53.614900896532625
23.767553485358242
33.96566420160618
13.072155015399453
130.3137767078195
134.88262339511752
139.05077524764715
139.9269118502697
45.256653241735364
