99.64148622839821
147.74040823870462
139.52075236269434
96.12382595025899
109.5679648972765
44.4273310779163
76.68423169192855
84.37444164944009
94.296993490925
162.38939552624967
61.03375184335769
45.17629565167258
35.44429742792442
18.953269898558847
128.06147614009197
124.4769372749721
159.20838719661228
167.20529395266544
56.761036774480424
139.35389483564865
165.04153120047476
169.13125917326903
90.50489993294168
122.45249444635192
54.76564667221919
58.740331564091676
118.84146499983304
57.5736855422754
163.91642451273233
60.454945592212916
25.614842613640317
35.35454052454548
16.486873361269925
129.27557189822997
131.9240309087967
134.07663036911237
149.36709979052029
49.85139387851164
