94.40638329017631
153.2197321146933
143.30220457905955
98.14361091811064
105.51906059990614
42.89337422166637
75.68157131002272
80.24733125758434
85.43492785238674
159.54670898915919
61.6140961252866
41.25107791489078
38.50404583406658
18.042361991052093
131.10565636791418
131.30421332657602
154.83315774758097
164.4796053181599
54.70129610962097
118.43427158619868
163.18749302243262
168.6406721042832
90.98622268393981
120.75051375144389
54.944935510499505
49.59838660040494
121.82558816922341
46.62934402751961
165.14161458984836
48.95593568424561
25.447667505075696
34.61995668180093
11.829024393426137
131.7411111585208
127.13780510901107
126.88190164490761
168.1595507215302
46.636026927294445
