125.10752962968498
166.05445945090244
165.04538165678375
86.34445047739568
127.93092891464245
40.795173803679646
45.82253880903241
113.46186133866739
69.0914813305686
159.5818861391473
39.85721718844112
18.328366172956613
34.81117108880214
39.81278792931657
126.91869668460798
107.10785144704299
129.11539957679534
141.65344897941142
49.65823718582325
137.19691766735355
169.8158760884316
142.71209256893553
83.75495925915884
127.30073397827637
30.982229884779766
95.90185672793744
82.06753806188775
58.29778784642504
159.76847465580133
55.4764446408106
37.11825888902279
28.479641754996333
28.05440103363429
123.42527978548702
154.816647419475
160.50415590761347
164.8724102031512
49.63725736503942
