136.69701111562833
166.09985716322686
158.1375966569958
89.75638854547651
67.9697907300057
52.93309335403467
65.74141375924867
104.16600384707844
110.81842266302748
151.6830867829714
59.44862335613237
52.7946791124875
42.50063064117486
15.886271602297176
134.80777111187717
136.4133191869657
155.43889859618048
148.95762215596454
50.10710915122911
103.97415374325661
150.08036475601403
156.69450107000714
87.9938167297172
106.62815595859382
27.589339066066707
73.0681946365847
99.15582134361016
75.37077145319003
155.47573812596923
58.05797518672931
31.384975547273303
33.81698634573031
20.914295575347072
134.9936341584273
136.6521938895164
143.97146237415888
150.90691909451323
49.40201114321624
