94.43283567257726
144.935524043515
158.67857594114693
88.86016367376364
97.80479549898972
38.331379608685324
74.70386055150372
85.9288447053712
82.10673385090091
161.2530227213549
57.25118191173095
25.76820796498099
25.39137419386246
30.789666558347616
134.0814592430366
138.98912187656336
153.02427558611964
142.5439984855948
51.194687078436125
137.32229134627764
165.73315661252826
167.4245134952238
104.63296559835557
118.24863657449268
63.216365217849436
66.51680247404607
113.52149436990851
117.30871931846747
159.01988285077837
56.89294024715644
19.19813532055813
32.646574708909455
21.035547444940164
130.5227159074802
139.8225712461762
144.3433194201907
101.2290016442289
50.809143533915844
