145.22276496779645
143.7628587257271
155.19692324389663
96.59064730149491
86.39973664853169
39.063618335469606
96.62040171823583
68.2291492052544
11.511430896719531
156.1114151500957
54.95937308721989
22.78111740488887
33.22286995375521
23.834327649723782
130.47611556438207
141.26857641853806
156.9705046617304
135.15338356306972
51.3223081828782
119.26134011960015
158.3813092514382
166.0048862608835
101.25620841079797
117.62422773005385
49.33968060209751
76.15518040680008
113.72798224372715
55.49185028171535
156.11929418047282
51.434188524932864
34.00912944985454
29.727080645080864
19.707090550889905
123.80302657039944
141.2367380969726
140.48954973046347
145.20376512510526
49.83799815457717
