129.3570655834197
168.344360350294
177.94364980799057
89.86980990257044
75.03883930656379
40.876672493850265
94.4324374173424
90.69598863894115
109.82799923928471
160.549011874383
63.05354041594149
55.27970776600329
37.940401192956266
29.51549619066112
131.93041222528961
143.46117633271788
167.62537169491466
149.1538922444293
50.710263110671455
97.4597254545906
148.07207382252378
140.85995012871646
98.80836116477516
108.95396042728585
37.241741760340645
89.34983279577092
75.49769208785249
75.64297071453916
158.808150567772
60.465547114972935
42.31228592182777
38.65017462140469
22.289809052220665
131.84005823481792
136.3138103062018
158.6189414189889
145.33608145286962
53.76597990029062
