82.72362169834776
146.46269922692665
168.98727282307584
103.23929589967715
84.68641920335624
37.53381089894178
92.90664710471198
61.58650942395188
18.405852704573135
153.33868865258296
55.288771384731895
25.08658939033805
36.22684384215788
21.244934805252512
130.9101650372217
139.30923350793643
154.6516558318689
143.38583029839543
50.662595160902086
120.77579265910568
162.2611129364176
163.880529843104
96.99304397197851
119.15004500292373
49.33955394955745
72.47194173466691
117.34082120281617
74.21527720490398
156.11811303675756
54.07689687681102
27.412021340098953
29.48053297336972
19.666046327545157
128.84170105889723
138.27373483061515
134.81238656201958
132.5314394312262
48.632334045787985
