128.69294747861125
173.25725691510885
174.93405199220018
92.09306479113427
80.07681894322387
42.55988404675796
92.72947021168454
92.8947503453544
111.31763684312206
163.41365039948104
68.63182293730524
62.109822000916154
38.530592985736824
37.29043543364269
132.40660919282223
150.47308312789679
165.6137815542556
145.91778584148207
52.28482617379212
90.46681065559216
143.40025632268436
154.71782405236885
106.68583135125947
96.57365602674741
37.1460426220812
74.1733916430548
72.16603611000643
68.85132876108442
155.76996058970636
54.20665237569462
40.09823672051589
39.13652714072643
9.327122219545316
128.61660834782634
127.59532264210463
158.14935572651027
164.0013493942593
55.00640329613582
