93.34907594289152
159.21434693339893
86.40704302049927
100.74873853610363
93.20005303708201
94.36441684751617
56.117927762367664
92.38945322646373
56.01975841773612
157.2385761407943
42.43355487819527
23.235977056751466
38.72554383067991
11.406168023351775
133.2246446250525
98.54376765211563
161.14397455146045
162.31524963970847
56.15159566096885
157.99575566375728
158.28209683609813
163.1027246093405
96.9054287664296
86.77192058102635
32.06703227735009
56.04522723246051
65.37360796183042
27.37137143127952
155.55818127740858
40.60986383057031
18.66806964370721
37.17819246293986
8.61529007399542
131.13635711633478
99.86298389800218
153.5377400855809
162.34760892895494
57.226620550430106
