130.93966869604512
145.57430391990914
177.80885407998457
88.0721151339898
71.86496649479011
30.238557641703277
96.37533774176838
94.28334343088483
108.92100290241673
162.93228047496584
64.33453708624029
57.21213829355986
39.13217808324211
30.64579185545665
132.3375406340964
145.92481249282403
168.38833498855212
147.14718762013294
50.289548346996504
122.90042753871057
146.28343218543853
135.49390479376171
100.03211208390277
111.90672756392075
42.32324705393597
91.0794260827932
75.64263618355884
80.29278090718145
160.00426393705453
58.56541099615186
42.25583095844196
38.614908434904535
17.93969619065997
130.55507872819268
125.32286787283459
157.61733398393577
163.23749078951596
59.00650620716243
