130.78024369933968
162.85150817601055
155.7708271695951
94.30299878740166
100.93873158815231
34.99146227259356
77.14632743238492
71.07569764620413
74.47703076465605
144.13955849207525
50.66641445569572
33.63576795987011
27.678480190004983
25.953398682047297
120.69067124817676
140.22993712840145
167.95113063335555
161.6852610219955
50.84734969652262
125.63631620298044
142.42415165367044
170.76135798539786
97.11321238902005
66.72539978818445
26.389971746710252
79.44979564328594
96.15816471762255
91.96532433010286
159.06059975484317
61.54425600927329
48.135491116897455
43.294623021703075
21.118130819387275
133.8321078299853
139.27102704192316
158.47207009398818
161.68300101724105
49.17603096748212
