121.14647215954356
157.68307650024096
166.5129263453607
101.36394162789
110.4346319665412
51.04143490974581
32.25476453252844
111.154862384563
91.49932422485686
159.50132248698898
32.2638692501542
26.112268163689304
32.72308192837205
14.249292857700373
127.14954812136938
106.81207495902241
156.45086500025104
163.3729825682578
48.398735746186034
118.76216828148328
167.05576074707574
149.34766333412207
92.07683583621831
103.8938559233385
31.14629650988736
71.69299271425687
88.35234228437756
70.11549194091282
160.5212111099982
55.923399880204364
19.5819338266178
32.36105646147447
20.248218314523328
134.7719395973486
140.33848921235926
154.49341012873776
129.728156129622
47.405174363230756
