125.9480410900697
155.01984606947298
154.6722605535472
97.23976672395966
121.20724846947132
48.06807798325255
76.7054692699371
117.82871375279905
80.39284064312416
159.14833413455284
55.993468828605046
28.25984662812423
29.878568188523555
21.10738269340566
125.82199056748006
127.05111851140198
149.68044375793895
132.42788418083094
57.800881910360424
125.99232848228645
167.43637386118974
151.15994473106807
91.44386354007221
109.48351055624734
37.77511971088027
85.24528454132742
87.1528274825467
53.424478176675336
161.6838043533274
57.00956132255252
20.25338537078826
32.775788608283264
21.161072668017457
133.52528027406075
127.67404621870477
152.01216732129097
132.66999048173383
56.528477978357365
