91.49617691885395
151.29016249743916
150.8678371502073
101.17555106765849
96.60204706723347
42.22694243664756
73.85327777227477
81.98721510056315
92.11945405040873
158.4783134600129
55.936154153734634
40.69720282265404
36.476947136208864
14.154881759335357
130.03525577291197
130.55561936907833
156.69808674832223
160.5760216428743
52.65735730366737
124.24173338526455
161.37195303296016
168.3538813578173
91.86096757727012
125.91659138048222
62.36110210088923
68.9372680608549
114.77584785759358
46.56347122262475
159.73978094566692
63.82364837628591
29.767892341208594
37.32168542422485
22.00148274114664
131.09969194133666
138.10973235075866
133.8259742773861
139.97637115175664
48.723326830330144
