128.6363894388374
157.03671782075287
131.01921539414548
86.23224648969871
122.58371997861539
30.270705737526512
56.85681091376151
87.81055052655898
99.39442114038668
161.8354029981201
52.22583154586963
21.40858262415573
28.808170046815004
31.41612482185988
136.63736819455232
139.8245515570371
169.02136742243147
135.02189547081468
43.76848474421687
79.8481765364319
176.63905235450966
157.1281042387455
81.34954119489971
74.36093408181726
57.82568243689402
71.31079564316941
110.7842947137337
124.63393098696432
160.46125875758727
63.57630073212816
62.16792554421125
35.805481630335976
27.813606082179568
133.38389184702254
143.28756808952377
171.93853798567127
139.67936189252512
47.43740446714187
