135.7221011699365
164.54615271369076
173.89272056142613
83.85318047594268
82.35509489820203
44.81161578094512
83.38889011124962
97.62466188767078
116.27041156235394
160.01110076002237
64.14097376373067
56.546937370884436
35.83082784939504
30.82145626676673
129.79625919670687
145.89037874170774
166.5746744222276
147.69601270077212
50.26589162948761
154.44684501961774
148.5775121149297
134.66400190960988
95.49375507079569
113.35668285483976
44.670125177564046
83.77430936452508
86.31257275865376
94.1899438914884
158.0580429551459
59.20015406248979
47.67668051008181
35.750625899451414
20.92649883830341
130.7756136142234
130.7729385053153
161.62192016732035
160.64786319166328
55.704897457166645
