138.71838168820747
165.7772704553549
153.06745039700743
91.7841847515602
105.6894749485305
37.190044897658275
67.45709395376208
99.87152626441814
68.97186663421927
159.20677171454358
51.31594054341699
28.15638065651497
28.280408630628266
18.890174564248063
128.714545930635
145.0752861224891
158.47475398856005
156.63217571982398
44.240561589233096
124.02999328011697
162.58147248195766
165.44508826266485
90.62244444705571
72.29570408143078
37.8680217579874
84.17631772240622
102.15673839853855
109.63864854743646
162.88166029493976
65.99168846825683
57.56449646367042
41.2563484427254
28.742063022381203
133.81164568018463
148.3664864719604
161.90779907746398
154.25217117800216
46.57807237158471
