76.67311597885065
175.8761205451394
168.17805528395638
86.19444962503708
81.17901778808462
55.43383140995001
77.01128888447361
108.14096079928008
118.13124036419208
158.16210626187413
64.40705190275757
55.72705739698878
27.251482747587623
42.31663865590399
129.73859152770598
142.54800207905993
170.7480362403347
165.93689508601614
49.301171463477495
97.94387818391024
146.91353992280358
134.07738671732793
105.15396004517042
108.20338610752016
51.170867667391235
51.86275479563649
87.10422429542595
74.04854182737355
154.61886642383408
46.96716761567178
23.485518937142604
34.14811991934809
3.2840334054429428
129.91703509466728
127.86752980517916
148.57350049931634
159.5136357307706
50.106791925934544
