121.09791175113186
166.64114876818783
169.80739117659454
90.68465712857765
117.68384029815044
57.66839002628209
71.40187709363677
113.93429391456303
76.26595208537833
164.1456920665152
65.68163783803429
43.42572752941222
40.20614366280778
23.60302578409757
134.63346483425264
146.44203070054277
132.56138029216356
152.85610303856478
47.255815513735946
83.11541909879115
164.40048083387336
156.50080136783708
97.63353965707049
93.19566375301827
31.00147488833865
69.88285898636
86.1617587677753
94.230211015336
167.67474227417992
61.395057319642824
38.51637160846855
36.84951382018201
14.232074427934844
129.51309498094196
116.62249378293075
158.05560478625387
162.4494530514232
56.98275702583911
