137.21244377079992
168.84239229405117
154.30955604718415
94.9749887604013
101.61829906994895
31.465899798587976
33.3680342051614
99.14492527981344
106.7103167462541
153.39666233116932
31.04686758870618
14.873851191276385
26.90025677142118
13.637744262023102
129.84928090778192
108.80383996648631
168.11179597227314
171.30531493198265
47.27450906185437
76.67311597885065
175.8761205451394
168.17805528395638
86.19444962503708
81.17901778808462
55.43383140995001
77.01128888447361
108.14096079928008
118.13124036419208
158.16210626187413
64.40705190275757
55.72705739698878
27.251482747587623
42.31663865590399
129.73859152770598
142.54800207905993
170.7480362403347
165.93689508601614
49.301171463477495
