141.21605764989891
171.27693183043456
151.93504397476946
88.69740107647466
102.28970025203331
30.228172239298626
72.94202093209948
101.71399147958286
45.48358211871462
161.5576015466627
53.42963114392188
23.788504258490946
29.612701618173
21.871301007502467
131.13023331598777
149.84395116359065
159.88492437989655
131.47902809662696
45.76275181149201
130.94505013874078
170.27595193939433
174.97593921986797
88.16896644800548
72.41117980341053
45.47830369826612
81.2105855106256
100.13187606433523
122.66483615267825
164.06584097087466
65.44160718325143
61.24577428400256
38.17384325071811
32.85558693261675
135.13708698722462
154.71710094755602
162.2600807304553
133.8474491109597
47.573167469898785
