134.4288000909166
146.08258929615295
173.77288682021592
79.71041433263194
73.03493114496666
33.87910798003833
87.09445939354548
101.39866998179622
112.86882366740139
164.27170632725682
62.976868223848044
55.36849912377395
37.663204798209705
28.670590328262406
130.0062802557548
143.88825274440745
159.78210553474636
151.0230140889625
51.34219634825497
104.39082958702011
147.30263229264182
126.39649408846047
101.42948636678116
108.34925275842583
51.75916448194252
76.57906847190604
80.00953217594702
131.04499502451355
160.09051644308252
83.11671534325676
42.39203374252332
36.689907807420745
59.31144712641071
129.0586405490299
153.04671663404227
157.66955173492207
100.0515342774269
53.40397182859511
