81.67728668286637
164.76069374287766
163.59673681437485
90.22145009947796
76.07295174790244
47.08021978771339
78.6000808576818
101.17062199813157
119.27875442776809
159.92559130680115
66.32579760476742
62.70007217695624
36.50895870517302
32.972414858074686
130.10647699149663
144.31111685416226
169.14938317872964
152.1783142195396
51.18797254380124
100.00266093415851
146.46050919613882
140.68805244011256
96.57194248826809
108.89662036339986
46.336789836641195
80.01742535688487
89.06135291156932
89.79487195728034
158.84019192770697
60.331939525150425
46.88790554509268
37.03479239642087
22.95553874052607
129.35573862825805
146.95499421065875
153.2940402976525
159.6288493193748
49.68169106096452
