143.5906097996122
178.37744423152375
164.96621074179637
91.89184473421577
71.35737720004869
20.419733931014505
30.62642517667726
85.92337292085757
109.45178899252878
152.7799224325173
23.955036245026093
4.63624291529019
27.799736152479944
23.027380537483396
132.95882893620825
88.75272729648812
168.02786359642272
168.04918573913307
50.289086767138976
126.13230237500751
154.34073641578036
169.07202058019016
111.94206834354178
103.58046300114698
66.59823639400975
35.28818747265669
117.61362356758697
138.7103118486727
152.217881945111
38.88940682341577
33.966001389916215
37.86238864704997
20.675435221619555
125.89987806174294
98.38859335635075
156.12646463621644
150.84221759806925
51.193017106013386
