143.97014923003704
137.94883807301457
163.62373449535497
88.23943376117151
118.86852017204428
40.50619465471006
41.396188396931805
83.99605840574706
102.87351333680392
161.41077627901404
35.267296853479614
18.173622062544478
23.943523815541294
17.139347230789404
132.86032735617977
101.50827100963856
163.98933595117066
172.532689557721
48.31218459773427
122.92967366710839
157.35208838720877
164.12670581684452
104.59280858661691
116.59987877538244
61.495169983194614
33.86904040066613
118.88990030697654
107.5715985467335
156.47169638451038
35.1400798620467
31.994923076564202
32.481487497459085
14.896849667166
132.7513263371036
103.74322270455485
139.3318330758406
151.63532867078925
47.668488787451345
