135.1859479573344
166.98811347956865
144.3674439221942
90.87525950209978
112.64204994033993
29.852802732458926
37.66728574378058
90.40878636138643
110.59187958298509
159.81856702472888
34.16721154047069
14.00012038165961
27.588258340933272
16.290538848207028
132.42927011949863
97.75552757435297
162.15529388809173
173.67546787689784
49.529549979966866
81.55213100763376
176.9721938482135
162.36647845645334
88.09313202616264
76.43494580908909
53.87810878578283
79.83749257011549
98.5121880040589
118.23655657657089
163.82488327877158
67.0845415627518
57.243396486298934
31.713062142381506
34.88079640493548
132.50739377394748
132.13233724474907
170.69058739240205
159.32103092014523
53.8205285779404
