124.02248374528767
143.55382993829062
135.33576403860278
105.04534254285343
96.3372225369056
41.79111128625784
70.26374500333972
84.08212736157026
98.90291068230073
160.36143672878765
58.94729271462731
40.9102696760177
35.647067274482225
19.334855746221706
129.15019973578202
137.62132042668256
151.8177436202377
170.35986727425794
50.010015945480795
120.96537631955935
168.62105691056587
169.61469198274824
80.76260765328973
144.62380052408315
60.11595453162784
57.65003166550355
115.32115031802503
72.10989101120165
163.7391477405792
55.334309498833065
39.21638056461127
36.39554914118089
15.032235450292816
131.00523536167006
131.51157272191452
146.9557969147986
165.35569411907287
47.83171753508369
