123.56193641259715
140.00321295424905
163.76808758211692
93.78125441237715
128.4729033381863
33.93102413837183
58.17496190553775
98.1996447300191
168.08894763282026
156.9872826772612
56.608634665722604
25.761805522002504
28.959870820071902
21.19048736767184
129.57252396619452
145.6396424279217
159.14352761870222
136.67261780770232
44.84503378005893
132.97466096065267
167.99762516435715
168.00466506669602
92.96973667538633
114.91862550685984
51.95575313406085
58.466283307185144
124.6317020480838
161.8785290672578
159.35740227865782
54.59952085401177
30.91515054309959
29.461870251565674
21.237245481003548
128.5162729961001
146.81545364912398
145.0660090928829
127.0059595367524
44.15170523075753
