126.21127722223217
146.1928351830029
165.91334310798828
106.014408274898
122.79933999458355
64.30850848667728
31.29535038653304
125.7173690883516
120.7344472300879
159.22075910810756
35.04013648564326
28.529942179238276
31.127528540889283
14.987712085625349
128.32789177283053
107.4277830449825
139.38178290297208
168.23490371360666
46.40273331582046
121.68245980757595
171.60288969889277
143.4711363705744
92.90714628330487
98.63268465021264
30.06672210753448
36.86357068161297
89.71262919346862
107.47362039219347
160.4787694228715
32.338060890194626
13.843761486917755
28.94908740132009
13.743240922870738
135.58899703675317
108.34365491928645
162.3610562384073
174.73755204218688
44.79461624458519
