141.48158241474493
143.27485338112768
165.9434257580776
98.90746069417142
72.18781774501583
32.02344132477771
39.59042947185217
83.24412195585434
98.87620046721078
157.43940464681813
32.764768823525614
13.10078725798402
27.810838722782997
13.723805739648594
128.85097181459597
105.54606071731155
161.62416480848975
172.56776353208497
46.619815227481176
126.21127722223217
146.1928351830029
165.91334310798828
106.014408274898
122.79933999458355
64.30850848667728
31.29535038653304
125.7173690883516
120.7344472300879
159.22075910810756
35.04013648564326
28.529942179238276
31.127528540889283
14.987712085625349
128.32789177283053
107.4277830449825
139.38178290297208
168.23490371360666
46.40273331582046
