109.6237544436635
141.15047566495466
158.32176623793544
99.72076871390134
111.76280315357167
37.34443971644051
64.88607888223939
83.76436395831631
150.69993167642752
155.48647929212632
56.023582275388975
26.275899649658047
32.71439857697026
16.216578786236887
131.1736639341004
132.63809522418074
160.65593711300087
144.41266677097144
48.411529699150265
133.09279737329524
162.9803899829037
168.15453554010836
97.71769591236708
121.11305417556495
53.23027021819821
63.43447462333039
108.83397399254463
116.23922915397027
157.34983676251113
56.283743676391325
18.201973249175428
36.04310480578968
17.604026607948516
130.65715785817872
133.02168362707212
157.89869026319795
108.63816320543933
47.87071783823293
