133.53087862288643
168.76504906245955
164.85688205602779
84.58015757412142
78.36569887003503
38.5890267079936
72.72405559089141
101.70646096574724
115.74102841054197
161.91666686074498
65.79949832601218
54.055848737978685
35.58144499995431
27.938785540295324
130.62699257629993
140.61852066006688
167.07029985970664
152.5736895982564
53.19431336723087
119.10172963732643
149.0768700339565
146.91714543257768
92.96963909676361
104.06130209379546
36.513838278882204
69.10434196104943
87.49227675836029
103.9787376101924
157.26642360442457
59.357912328097356
41.48029626449833
33.87803284704895
22.221937654468366
126.23896953324363
152.06627671087753
159.67770062757347
163.44545405555004
48.248463556848876
