130.80950771815947
162.88640044820124
150.37793259336905
96.61389864062595
106.70711242126578
44.06311150893299
79.18211484585295
114.12709884085713
60.09994414904365
163.70645212247882
74.6944014553348
38.97476364740754
41.44877939885408
36.00642849011782
132.00669081965196
142.5343061206194
140.72460475984926
119.6636615199335
50.04149939852439
77.74593747415392
153.5129230386604
157.41310948765997
106.32568716537735
101.85452883448667
44.42347486094326
79.88695335996596
84.63883472073536
79.68022758021118
163.79864844658425
72.71634336598913
33.7402119458332
38.487220071076635
34.7578213629479
133.0503653097823
143.21926485839066
160.49194887275618
118.50968192719637
49.89146811183043
