134.5845069287953
173.94562736094295
144.55965816955668
78.78759825091505
90.56719604067926
19.102837586157275
95.76457760125301
104.01540048044322
115.33842111553759
158.33999189591879
79.63303865304738
76.74352721770498
47.727858488486454
49.146272260493845
138.0521428150057
163.5920931406892
174.05266481899946
135.02007046487742
45.81693940962362
148.68620048655353
149.1705568715112
145.06029431023734
84.65544475488471
77.06119501967626
37.02989471593646
91.82359678090374
84.5241580914124
95.286351143398
161.02790923468876
63.95855968519721
52.62688517841699
31.706525596859525
36.714706309400675
134.45356220190476
148.40119639512375
168.66688474941077
169.45932933550245
46.256188509199205
