109.95773206753931
147.34459400352003
135.03248925769688
98.69371413204408
100.5118048346911
44.78570677332776
86.56160773518747
83.21518714134086
94.93668540754726
163.00587181927858
68.94248861137739
50.287029031252374
37.085080556986654
28.586233721962248
130.13541455806302
128.82746722522927
160.75515271337534
154.58524547088643
58.493838481453984
117.44506112097747
164.5714026725087
158.84789142278362
97.86375631791948
102.08799681825366
37.73807469032497
75.60488080019752
111.38495057766757
80.52025655407522
165.46713752200998
71.44214068217218
47.56439666067824
47.53215406861082
24.07676418200882
142.21502310220586
130.3980912998212
125.06263151509401
146.93784650153958
47.57821660299133
