134.33908624135987
143.52089692005387
139.84267279288872
97.00519412212293
103.66728380572178
44.424867463589536
86.44011316879703
87.93641290978616
100.97532690159304
160.62618402534193
66.03691513907829
50.60424662884951
35.1489973688278
33.20849241792748
128.54785467579418
149.26685813076267
164.3290311134516
152.27109708635726
48.181928335248166
132.1154485595001
165.66856738112241
160.21127532543198
97.04426478334977
105.74971228205341
43.89328791879154
74.74875016320118
108.75318064585419
58.884215059225454
163.11616349631475
71.38176066757897
37.05318595287081
42.922272492176575
30.903724639857607
139.72589404168718
139.19718620681726
141.03025043414584
125.82842239683028
43.978381536361915
