146.08212072165944
153.76677164134037
159.2352557596256
90.08751684751633
69.83772776783952
26.1327683099433
81.63619664254537
84.73066797741336
83.76194949151981
161.23932780510717
66.39494300797335
45.8008880715349
33.75600079091605
33.547442168542084
135.34287231204047
135.41537686922564
162.42423102470232
165.07549201370833
49.92811599303418
129.6515402081473
162.9827122514222
161.6740555468844
93.45930574900314
105.39185687065874
36.975050502706026
72.14696336780389
125.31261366801904
93.34114734054167
159.4019363962014
68.42778778663804
47.33564206731099
39.47910712942648
27.874375566854688
139.43031281157548
135.83699756414237
137.4028813823351
165.5646282309181
48.072797787843804
