122.24344028659077
165.83366621776224
155.07316993036574
93.75828584564147
104.67845396727606
47.11956399130065
64.08404404815273
126.99019846718245
101.14226928915758
156.55921196905845
76.10585839578937
44.652657123181186
45.709439109767324
29.089412567099533
141.55294797179687
135.81938571816423
135.53932746068875
135.3726051699948
48.916575152156625
124.42351963494633
158.48518830281157
151.15602046547386
96.89035250102476
102.14346548539034
42.384252778278004
68.35726044484726
96.28760540283663
108.05880982709496
158.7622719497115
69.99904792732654
35.229587074027584
37.69139392406009
28.21125398254204
135.822987575807
137.0476216976784
159.3762615466507
134.61701011290296
48.65342964958414
