114.20792671521906
157.19358431738374
146.13092664716802
93.5420379952216
97.6569288059
50.68765178166363
60.30794413170585
112.91738096245504
107.60658897136756
160.8603087405533
63.3718776637868
47.42785304439209
33.06876900191485
25.640181731508594
132.11645037714177
135.3714186590642
157.9218953628779
158.67227580734294
43.954320906476624
110.02237557344098
177.74094873474093
147.93908255526756
64.44038857937267
76.8995401343971
47.159424503850936
70.08583659995118
123.84668885771472
111.74617121284426
166.32443601959056
68.1758535229176
65.307674382859
29.77980022120384
39.2189470601319
132.16909224383696
133.67249717487357
169.4011679606019
131.38293133142935
46.906161601973025
