117.14675538683494
160.75185169172778
135.3840779591199
83.92987379307796
95.06588002508083
7.195257857696281
87.55187438282539
106.08027219931957
126.53224391390061
162.9081472475595
88.38879082294895
78.7461956244646
49.56285251181921
46.28951429502201
143.0078852220096
141.9118744093669
168.80113086006511
138.26983591016236
61.02608480112985
121.36045860184386
157.0926422182967
136.94796569843834
92.1832927429496
74.0015221600181
29.23514711000022
85.21305613032153
95.33218216565298
112.44967553851151
162.16565899452553
83.8268496122338
68.51186445868026
50.6425323841848
38.78644331492489
139.07838289517835
141.83610070526848
163.33251329388062
158.219823946128
57.87965618910848
