95.35536510398005
177.8672752255419
148.8681539581407
91.37039205467653
71.78547217253059
47.46959520843056
89.97463373386225
96.65389736005316
111.41209447972251
160.26906755909854
72.63827131586409
63.31692759517089
41.257800987130885
39.701743133124786
133.62451302970885
153.6952014571062
168.2676371742245
145.25465761562745
49.50828374601867
99.69777036300628
157.99198888154902
164.00286299168934
92.79940481822243
78.25710724062269
11.00975234255955
84.08683494555832
86.27042997972288
90.8150509746672
158.68591729091304
65.7400731078774
47.20211609249313
36.24132824668774
29.047994841065446
131.6544622474735
138.6795064711056
156.1640885122501
162.5141202343922
49.960601924841626
