137.43372764727758
167.85485946151977
165.26360823833974
95.69910060918818
110.35055910064213
48.20037386099319
70.6627211853764
113.05752628576687
92.27170549269209
162.47092355267225
74.40136172956039
46.978349186212846
47.488523096309
26.42374106960029
143.58583694194164
133.1275408038279
129.5920312417264
155.87702341745984
49.16954199924689
130.65475542360372
157.21437679830711
150.9036294824901
101.82265827437982
105.13231960864003
42.36313199727803
74.25784381068658
100.86519589509199
104.01645218071396
162.99738432345288
78.61655202219642
54.941127693823276
46.22645358596556
30.47331280177624
140.19939405629566
131.7775716615184
137.8817502275865
165.31338245183528
52.6361183745355
