85.48430697629125
156.17570827105422
135.28064421091747
96.23815750075438
101.5916984336362
60.8333222145537
80.80721386268243
96.56838867185412
113.99624040027338
164.06071633726003
75.92054586660666
58.358985166931134
39.12623439813482
34.19242690609231
133.03197481725337
132.5755868260705
165.57675538100037
152.85876630683535
58.923775575974766
98.67752224204308
153.0698479074875
145.58741583913633
99.00695007552254
94.25812660840873
40.61091938769329
79.86693745921261
91.55767401199756
107.08552162107891
163.7842732313211
74.47968001247337
52.77353303791982
40.337896749242944
29.896625390939537
132.15234081982703
133.03792602843393
154.3411540476956
156.5915114589722
57.931797454447604
