105.07579140928539
152.9278061861586
154.13847842180976
90.76981601143595
76.42793987634961
24.428750427527273
84.7333136674417
81.65162480017105
93.46303583481765
156.19331807761276
66.70312325673147
48.50990992226074
36.78477036833227
34.721889129943946
137.9080570199735
142.3636017306133
158.73385655969847
157.24001767859292
51.490950189032425
117.10436803484347
163.3733663457822
157.29400818070218
96.88410432860226
103.11994792027481
47.40870947733324
71.76545421999553
118.68978209480414
101.48018141637891
158.9617544341105
72.72443137635841
50.6859030839833
40.877708772496035
31.372915564182936
142.32909108400884
140.2586241658341
140.3234849694875
164.33271628565626
51.08484487568814
