128.24538852414776
150.8183827287145
161.76844822515903
93.76696816165514
66.97915131566258
27.697959309961085
27.475753619331694
90.68784083126481
79.72661811492922
159.45013963217644
30.712715898257358
12.578690071449216
37.02763568044899
21.136913452732973
137.29406371668986
98.04086375410837
160.69883096499504
168.1352515816879
47.44472104690504
129.2587997129395
162.9646858744693
162.0257700547916
102.1011225369167
98.74386198236924
46.83181910059667
22.404921956731755
116.36962621471187
89.85572581231207
158.76577918921626
33.949489668514026
24.744465351699944
41.61415006262241
21.7244173285913
141.8850599255591
97.4878807394528
142.91777346010247
164.12516648309298
47.79406567076329
