131.8309946740276
150.29818560071138
125.4148258730895
93.86954472221896
98.1165418359719
13.787190348304716
81.00654917847592
102.08958368912086
112.79003254777527
154.89249867666186
76.15217560344061
59.954941012574125
42.022277998480064
35.72649886630005
131.18326982850343
131.76742460443484
167.22492430893038
154.47302080644903
63.90518331211963
144.1408197655919
154.73886053612122
132.07648950137377
93.26783321815883
103.66667104047599
45.4372345198242
86.79986993562564
86.27402493890163
100.64118879058763
155.72042694404416
72.3151597447463
52.43935340727879
39.72657241138037
30.988390562531208
130.36267822443818
129.92491467844505
161.76281923533878
163.55540588514526
62.47604911326509
