100.27475984728625
159.40814047570063
157.0232801855641
97.3515639582524
92.87297418665021
32.014379884913964
82.88969668882001
81.08102086009566
101.18502073474589
157.21070997771926
67.53297682236645
48.52451502823956
37.66045061909673
27.870347003709256
133.02430106915966
135.76092585821513
156.8774729912785
169.53187486356293
52.1118491989825
119.23597046045809
162.91103237991638
157.1195021674171
104.38889628391568
101.28706446166075
47.51003242045119
72.80770469877727
95.4503193527385
74.63273416065631
158.29315612804754
67.04543412850494
37.94018617195024
39.74407387306351
22.449239217405147
137.7962493977269
126.8577494939348
150.07819346563366
144.05765218211778
52.295861649974796
