122.86289493661955
146.83952250086818
125.86760321498167
104.56590046342673
89.81805321784496
19.064184453611364
85.45898627393841
104.61735944979314
115.53091469759123
161.32231776987524
81.01956396716511
70.10754236271508
48.818854026377515
38.26606104658133
135.4785983422637
138.37577629783814
168.83335071125353
147.78974998376523
59.39494918561502
135.80315317729819
149.86096317374256
140.3797146919015
96.29925206340211
103.11801907637796
47.008323594434515
85.90485769214871
87.6391776973367
96.22854001216294
161.78741512614334
70.3883995027832
51.10616469293329
39.33536177040782
29.212936749661893
133.34394556701665
130.2446293516394
158.06266646129117
167.58548007095297
57.997599936978474
