135.43028383852004
150.8464629389217
156.53430855062427
80.96518452604327
80.61928735497943
27.059290162738197
68.67386355930023
87.29253690802486
102.65681941146208
161.49867055422192
43.72611152074944
48.54454594627338
28.818383664117068
5.549201803630987
132.39393329941467
92.41254490741382
165.42470429045756
97.4419135738245
62.413811824250104
139.87956333016692
157.8184692762469
157.39751416801184
96.43458604499845
104.31560523301566
48.62007017929221
49.89996697628936
118.54647394159986
102.5202489062143
159.2251839152744
45.51187540137158
52.69450666820661
34.943273557608954
10.229023477092213
135.13824390378184
92.57147155107293
153.2546855331592
94.82609938674698
60.875556861603805
