132.52646940671434
154.76283100019066
171.2680877416549
97.92175475476175
58.473482379469935
37.016562280714574
72.82987056874266
95.48531566416706
122.19009444449796
160.75540377550107
72.30673544624511
58.486378989813986
44.00083866386753
27.679671642098878
136.364302954489
141.92133305824365
172.2477061863087
171.84950199911398
47.08034167452141
114.45032896343699
160.2144203858634
145.75509011966278
90.50717715833393
82.18647243454508
24.69386301683897
65.68087446172171
93.98269498529918
120.23002803423331
159.16864700216524
68.27170416007759
57.48707435119434
38.861349688097185
27.152067682230804
138.35863149029538
131.16347596746832
167.68807876458712
155.33316912406127
47.92055833335363
