69.60133660448842
159.0076964549589
160.54334020592208
94.12671639066005
90.55605888487231
20.57568671229074
86.21949575482485
101.11283263455131
108.60878211128646
161.71196836173368
75.16356121878215
60.307197101223366
42.86618658455559
35.28874610807988
132.83643895810675
139.3146655244314
169.44690096957305
155.03008729112648
56.60363592379477
135.03434383622456
144.90000393168123
134.8612794511002
101.22449898993747
99.35882662082112
46.754412746146585
81.24120544942875
89.52580370151568
87.42237783641488
159.6463812094443
67.54773775515757
46.83358939422747
38.828484502837085
28.750331625672512
130.12454787836927
137.1864449104422
155.18619478707646
158.90908222813118
52.75278773235214
