132.11787947265566
162.6889113716684
159.76985260060093
101.42722717320277
107.04161357953436
53.99257537054466
58.2252325009977
125.6918684124586
110.20151642955608
162.78065319367428
67.34477233390339
51.77060753283268
40.0107658315687
24.437682408568282
128.67839048344993
130.62169076866562
145.49850665061487
170.09567263319664
48.01323864038783
130.02246857183061
164.49718253397958
156.97806148336568
93.91533157764854
100.14839148202651
36.435631269752015
58.33557382208404
109.11372980561433
117.21948276252468
162.05473933392776
67.37010350993529
47.479785844106935
37.335951049440354
24.471279008596355
139.3132688477859
131.04731557261277
148.64799914328023
170.1278566171304
46.1299266748625
