139.7519730117397
166.94609435517364
159.1187209019409
92.49857487689121
105.44514766164066
43.72464543507175
63.86795559649904
122.93148555905292
124.95100095110229
159.09350604203385
72.35503424072796
32.63225264855485
38.8118777045274
31.703014487638562
138.59060245286184
144.14624979254282
138.76418634465273
115.45583795279136
48.898011598561595
131.7968763615159
161.36866244077925
151.09467404195297
97.86781553792103
105.29218515390723
44.4063856440383
66.45584411218219
101.78102869882856
134.92635894641992
160.82108838179423
69.28229301748118
28.764647095371586
36.768947242815656
31.79056956767328
138.90249595715792
144.57889550990444
146.91447775063543
115.15459158526748
47.3352323350961
