139.13156435425236
151.77648843676124
155.8261824519813
89.74390982771571
80.2133476496543
31.83292351112194
72.45244215116703
94.90895596340923
109.53226548880352
159.07388378784472
70.36407945418594
51.38371594165331
36.424405121747824
34.838005636824015
135.03844925335784
144.77215179614842
166.124939690941
163.52217300771855
50.37881825950571
139.7519730117397
166.94609435517364
159.1187209019409
92.49857487689121
105.44514766164066
43.72464543507175
63.86795559649904
122.93148555905292
124.95100095110229
159.09350604203385
72.35503424072796
32.63225264855485
38.8118777045274
31.703014487638562
138.59060245286184
144.14624979254282
138.76418634465273
115.45583795279136
48.898011598561595
