139.2212478500308
147.632100798902
150.988351160031
98.55385326466335
96.35291348017951
36.96995094882272
74.80460322876618
90.40826771331204
101.49441743860866
160.26496988319911
68.57557043500228
46.723993470421654
38.79118925828068
26.65511027261131
133.49334747527948
137.47882073794884
156.14844880803497
167.0995651599947
53.579784702483074
138.73313866663815
163.51313095828513
162.17511204405642
92.47470057896825
113.69646668238886
44.86285899887198
69.79980459747716
111.19488215609381
89.57943205281305
161.96416008237273
78.35904811293958
53.06885032761658
47.49958514460187
29.61748513718974
145.77663207709577
137.34546675626942
135.3932194479763
165.03571878815237
52.04271408160886
