139.72610193510778
161.83539910895428
161.83862196716683
98.21611093266512
107.50805075864292
42.19328825675895
64.02043789518825
110.52962260983209
99.86399070221606
164.79770889760013
76.87459623905396
59.308284819195556
51.018798428427964
28.877842299922904
150.38523621693275
124.88035990454615
134.94964565647695
162.7831827346559
40.371613664197696
85.58749214345491
152.92918444121165
160.12138731946376
103.78908599881187
98.15247706983848
41.34886871982934
62.54156486215761
94.83467855650396
104.15598952612419
161.14103321566486
67.16079072825924
47.939428842689786
42.185216568099655
26.330577550300955
140.75504769434545
130.00374484627673
157.75637539289292
162.75513068117993
35.70472583762382
