147.06038286122356
173.43627770790022
164.41127312092223
73.75052563669402
90.93382912472006
43.85791737748063
75.68446625560986
99.16248724332789
106.37455994724436
161.91528698689783
72.80179259074166
59.46015965622004
32.79316123511355
43.1297518687935
136.90792969467643
149.44537546452895
167.6141181809515
161.51250755191273
46.63723608405147
117.58059352963853
148.18938534322317
133.05421905323766
86.55990651308096
76.5221487901184
35.914641107548036
70.00779413410459
92.54863217373249
117.38827959716144
160.85452170365204
71.4226798327776
54.03766170458665
36.23633164232701
39.212083338900364
136.93875609280317
141.4585195951995
165.5558662602224
152.17980738406453
46.702397898252954
