120.02655736283592
149.38245686642108
138.20249006092615
94.46372839297553
73.31882358477395
34.81196696334631
84.88873079381167
87.24776940925472
91.88880327541027
160.75769984054355
66.58628098501867
46.991108504820815
38.823002073973456
25.25533796757951
133.0719042045754
126.63753506848704
160.37876326756066
161.08952307472995
58.37714865743942
139.45647404206176
163.88521572256184
172.22401188364677
89.62034351949256
102.25302836471667
38.13664334888458
79.70871850021267
107.85069060907776
86.13920899002744
165.21831896069244
72.26109283237221
43.62220440304808
41.55355911752629
28.10385067801565
136.6200841843287
129.61021399027882
141.6989014775368
148.05376876917617
53.56782268524047
