135.9649467452083
159.6725798373663
156.44478200323599
94.92016959574586
110.97796120952287
43.45508260967248
75.3620333424934
116.24552168940329
63.29362999337803
156.94344750048924
69.04345666879973
30.646606492256435
41.30094773157525
29.780628452094316
139.825797281798
142.59469224208937
143.7811371569268
119.40945723364051
48.45061993510929
131.75667185690543
160.3406595059702
159.50293718368766
99.67406692396014
97.58146011416963
35.37684325332338
77.84936556226538
91.87187755021888
82.9013839398468
161.06199047275683
64.35562866055511
40.9664621157252
37.907894056454815
27.22184040923419
136.040998597705
143.78703555703746
154.1252458106964
155.28806052409013
46.226266379514776
