114.4406986919802
156.21743068152819
157.088134892346
100.66047030682381
102.57299036199029
40.4449257002922
75.04232933699251
94.1973905518638
89.55154724180176
160.5702587983401
62.5109607885877
22.88036009158247
36.198255959799766
24.567428977416366
136.9311786908351
135.6841029192117
160.21905535897923
126.54673862005274
51.67370409333005
83.83500428054656
163.81669561376287
146.72539357645704
91.58663786363171
98.82398863869143
44.6521557657632
89.83377376594527
98.46702751665556
105.64808334300115
161.151831537021
73.10550331389952
62.33978439759801
40.784147528620096
36.37699118935939
134.02187313380492
144.50923247847655
169.23651860554213
144.5054509547308
54.18190803142424
