140.11472222117146
168.82098948593966
164.2466617027454
84.63396064736614
75.49835989624987
39.940625904579655
96.65452371299554
104.71475055830524
98.86115720871472
160.29867372536455
70.79206898206851
63.67825542329896
43.974038936313235
37.53180466515722
137.93239038355065
149.4869220217876
170.54690117616227
147.01017634626453
50.390402019832635
117.50077002743703
155.01704535171476
140.16586769909804
92.8491759131549
75.61729095746487
33.29984361989578
88.38002831633405
90.54389540655103
88.56244325802965
158.80285129521906
67.69414600018834
53.331202364073754
42.404647735451896
34.63469191573788
137.2903859722379
143.97103797950138
156.26780251482091
149.65694010493243
50.64624304534911
