78.47265921972144
154.45478944360744
166.03984231393173
94.7238761284942
93.0771409232635
19.099856878020315
86.50719143579795
100.95268809246497
113.939160861736
161.26880303563865
78.66993324154595
68.46944081593885
42.48282272453868
35.89639940110147
130.44841812492194
131.14576776613924
172.51592544538116
145.80695547457827
60.95735065226208
109.01136876974358
148.01205596807762
136.65691206473977
97.223748449323
100.88515712860618
44.37420368807363
86.29353924831265
85.08203220877695
104.48233166718092
162.37034916102516
76.07295715089523
60.38200956482433
41.688770681650226
33.226901965044846
128.88389543151877
128.1921850728034
168.1429371447881
160.95486150929582
60.675661280911115
