109.88274963435879
146.42300644106874
149.59750420784056
98.37001672294683
70.20389858711036
30.31504957658132
80.50387815742195
82.92375155157572
100.11762952780605
158.2957927593398
66.79573183331067
46.00831307728914
38.00640831592092
30.99090277808915
134.3158424519059
141.3681441257606
161.7593191637933
150.6457711901643
48.233617752869655
141.85582749857508
158.03450834047194
165.7871065787307
97.38811651246239
107.65439937672443
43.402022208155564
73.11575987456398
126.38471684639804
93.62529475183506
160.795160185925
63.802253182145144
39.756209719223
39.48751743433771
29.27314068279642
127.90514488050027
140.32760116216284
141.64926540776887
120.88188910118141
47.04414638182136
