64.19440002228045
176.64162444261194
134.47597396738254
85.9439207511135
95.60039984626171
11.203823569620855
93.81554741059848
103.88906032488212
113.93743820575594
159.2226317023034
77.49751361487662
71.81422032552253
51.51879829308714
34.99591135043296
137.30978741520875
145.81957243934178
171.364414853356
142.86888159081155
53.60009685549503
110.1449968594934
156.62226882693255
151.2007379236453
87.52502868293013
86.84966253633722
26.8069889299113
92.07129939428596
90.10036732188408
95.52593720483398
161.7098610023815
69.07436960631449
53.90437991813158
37.38986710613433
35.09562547279565
134.0091838525148
142.56172292430387
168.08760342620477
165.5050894276512
53.84088289134375
