142.40903041435507
163.0542871005732
161.9245329043319
95.67394244732944
106.32727668362688
40.75994740216667
79.04843256811495
121.82577311361266
80.30425988368124
159.7446967237677
69.87003839667928
38.20614378129709
44.061649414466885
24.67479959244557
140.3540227560242
129.169885878339
132.0455756485655
129.3851454465695
57.112903582640214
132.16835389575525
161.13306780840477
156.51196086149355
98.55190423436997
101.74764384498732
36.56628984406676
77.45857064568277
98.45338522102792
69.3459354771913
160.1028627506201
66.68577691656627
28.964747145802317
41.94408456976119
23.99675177666358
141.00082752953006
129.94877397961235
154.9638350024482
129.79273644208868
55.29359757681072
