106.7509450185899
145.5809404855468
139.45497060873365
94.20323900610403
97.05900288806714
39.260464866734395
92.81006397588776
87.50175085607276
88.60276853046464
164.0794394356929
68.21060750754849
51.400614263779694
39.01330544088323
30.107409967451957
131.68838443889803
129.3563096651281
162.3031944030677
165.42980609726283
59.20919291728025
141.90251153900618
168.61534391022337
166.35773419928276
94.52020524503199
104.57704726306119
42.76900679383356
74.63006731993806
103.18013129562688
81.01654183995406
162.009865435394
66.6668796659133
37.03603984354051
39.78166858904636
21.080470284080253
135.5108559102518
121.87106904167072
137.61050120677174
154.1803210223964
53.381135742532955
