141.44711780201126
179.62010216193994
139.72206073167314
85.32946952379278
86.59378073526369
16.572213536458673
93.56315549334985
108.60681642038058
107.56219430544542
162.05611005170022
81.08427376998996
77.5236908929183
58.558816391414574
35.144050670765054
140.47016141765167
136.07134444680676
174.1713098296815
158.6944922420331
54.25388151637593
114.19184795033468
152.11842382627688
146.84000921642738
87.44505834556661
84.73718714206693
30.418284527318512
89.981745423421
87.14887527139695
103.14472580788559
160.79740170918996
70.7020258609314
57.48072303283772
37.668123945644766
38.783289251003985
136.58985598944068
136.4791906743338
174.52815700337865
140.8308433874787
55.4507607197499
