141.90251153900618
168.61534391022337
166.35773419928276
94.52020524503199
104.57704726306119
42.76900679383356
74.63006731993806
103.18013129562688
81.01654183995406
162.009865435394
66.6668796659133
37.03603984354051
39.78166858904636
21.080470284080253
135.5108559102518
121.87106904167072
137.61050120677174
154.1803210223964
53.381135742532955
133.82763141114106
153.87407639226288
151.41113671327508
101.25720095229056
95.72713659749435
34.37509543868355
80.50603786515627
91.37172899475456
91.33521517826351
165.4796815367831
74.96577990627623
49.33409481459911
41.89026987719994
29.947321890760087
136.06001467606862
128.00258784685013
154.8659016076113
158.29824282465154
55.37961298029334
