134.43607822426486
166.5540055245361
149.66989439947267
85.93297515200946
83.55123035318441
2.9274435810150843
73.58353244333634
106.58932355131927
106.47705074188886
162.34973825183644
59.20423789523772
19.58332626483969
26.7395188026986
39.69984359513674
125.54628355532552
144.52144324009708
151.9234840377669
117.83213837739109
49.8365033856285
145.75201189936593
166.7273957169176
146.67457834498217
68.87168843692258
86.54878969050381
26.536854473784192
82.47063856522786
105.44622986832846
105.20622476370906
164.03063903320736
68.8397533779948
52.00725934025086
32.10613585624199
39.441550534444076
138.51312510357877
143.09387260324684
158.99963876040403
171.23982710618765
49.40675137504684
