145.75201189936593
166.7273957169176
146.67457834498217
68.87168843692258
86.54878969050381
26.536854473784192
82.47063856522786
105.44622986832846
105.20622476370906
164.03063903320736
68.8397533779948
52.00725934025086
32.10613585624199
39.441550534444076
138.51312510357877
143.09387260324684
158.99963876040403
171.23982710618765
49.40675137504684
138.71264694579307
155.14356849640885
155.89554686898742
92.35569246617356
74.13047685979227
32.57385986377028
91.56300905534518
85.57361971235613
100.52161796847747
160.72625863504103
68.63183527776249
55.61373219916552
39.43972509486202
32.96925900324513
132.96144258699647
143.8001852539046
167.81326420651376
168.9218048268613
52.40135062192
