138.26713600303125
145.64285243878237
168.95757305765292
94.31204392659583
72.10163275692805
36.539747557775236
96.6137745237998
93.22609091289694
106.21154234141157
157.64552161566917
67.34597013789475
55.84421703256541
41.38559068534449
32.72722989660419
134.61980358854575
151.07777397951105
172.58072537483937
147.36264560362062
49.54690081914774
119.77344584362648
155.3646527067375
170.63659233557357
89.8742444121875
81.56154020234037
21.52154982207536
93.65772963790624
86.52966249513668
98.44670243903886
157.3850523750706
67.69743360060139
54.72387309824605
37.60396341786862
35.772308259011034
130.86093609155736
152.6288884221377
159.0463598068417
152.45702481982116
50.439224265569806
