134.36347935492734
164.56820995771295
151.29057018305514
94.16934135170239
111.85181551051684
42.184124535090184
81.15212816795584
119.07212413153808
52.9552780089033
158.88558013603617
70.47891794393495
32.49824539095553
40.281663009616594
33.332934193220694
137.79332018152851
145.25647577866596
136.91344366430783
118.45662951234107
51.98953128357467
132.03881475761742
159.27479703628475
148.32272414621306
98.77495463245556
103.03752059179325
38.067959925590976
80.12379828612387
104.41958404615004
75.95663216858249
160.19865646787616
67.20867078463482
27.460632402533182
38.49352314171099
31.754723154248953
137.83374741791675
145.73480932032342
150.77379006735458
118.30996447056096
49.92994544615253
