125.50331093966243
161.76757619648262
177.8521503368701
84.81717252601538
74.24594365559412
30.310753192795
90.57222118075104
99.45873560962319
118.95315832542538
166.65797625190893
75.64854450741342
62.123830766933
40.14198647821299
39.822433904425445
135.67296552158157
137.9099990943928
168.2877282617623
143.22874836855001
56.278404252653345
105.79859304917274
147.93111599133854
132.39574985495636
88.79872701800247
97.49271132191102
40.80040305015485
89.09606424603214
85.87285471716383
97.40165138590454
167.23224249172972
71.30278687935038
55.025501589297356
40.21712778241448
35.66244514517411
131.8047242396381
139.72732589237833
166.78526950689476
153.29112221995288
53.97641479277122
