86.06509285290821
161.89577369446272
157.74294467314542
93.20362671687383
75.92508888591865
38.09060110394557
92.65285579475116
112.3730803664147
127.03429213220396
161.09714794392113
95.95353342724756
94.75605903383598
59.44274129684055
50.722490388571096
139.58294611745416
143.47930040784547
170.19388076947158
124.55555770982001
61.69530358571704
115.07969158145696
141.8999371176694
147.22089999972715
95.42608743370873
75.08268390978887
32.56427927998778
90.58565140710138
87.58016654773597
111.12075834548683
162.11666807716145
84.4792247897324
76.50094087136046
46.21183363529911
41.29025975923693
133.9744555052573
135.14384540117632
172.47456006534858
144.09325631108837
60.876338464540815
