138.1194282472203
166.61329258172526
161.2434646133338
95.53950503207238
110.83129834594263
41.830600445674676
74.0914665936766
121.12966032391532
44.385944356809276
159.4612445501356
64.46003040704818
40.794812053034136
40.95115096855013
27.522937051875893
125.35069258595418
134.56411856103665
142.5238829289826
125.7720673009244
53.906987047232576
142.99710113051935
156.73954096389505
156.0357655520852
97.82792925184135
103.09475155193822
36.29856815749281
76.25668375380839
106.23210813911146
84.77932789927785
160.61868921342807
63.60723700182193
27.888381095829
35.44648904383465
27.71792482264586
133.9317304362785
134.3329101158399
158.10405330635345
124.70997098070352
52.753858816157205
