141.49717301245016
171.55135705986112
165.73006539968776
95.34871534040255
55.67100528659622
49.11320796629111
92.38266840366028
97.40347714031238
109.5604293918767
159.5496789953538
73.00197633743008
63.03350058739042
47.08177923230149
32.38194981063
132.63116553561994
137.07862631794694
171.26770701591096
168.149189881376
54.944912651208625
125.79952460197828
153.1615886198377
148.49479569159894
94.0066598297542
94.19994975949092
29.86966569758444
86.5352761565234
82.78163997949348
99.3860973908153
157.60434332293093
65.57826976139974
48.12270831004222
36.16543759004001
30.097169621010412
133.54727018630317
134.79853441612673
167.49917275139336
155.97708046306465
55.3464084182456
