91.59232142567564
160.11373563946273
150.02288180040065
94.63830272417266
70.31296600482024
37.93223334879063
90.9612777781047
102.04097239069938
112.46863063145423
159.038774719386
74.88530391935498
66.10411186147995
45.27039697859763
31.396656119834205
132.35960886456706
129.8988106932579
176.0300884256105
149.18421130267933
58.73362122306566
102.36905317895298
149.59140413061434
159.65885522056203
94.9877262272876
74.29379887426802
22.744175628777544
88.30180144055686
84.84255134496647
107.15463305816252
158.73499640821763
79.55431679746106
61.76355104709182
43.54946397819056
33.37876916775605
130.2923665330267
126.83507663045285
156.6966152910978
149.52336250170868
63.38442839437428
