130.2940542426149
171.1410296138454
169.16851516970706
91.15644003593724
55.66066828019396
53.504927899923395
93.24397877025056
92.9939180332443
112.68440616157905
159.84191326045328
66.3298574743704
54.90851081427825
34.692053086342696
35.411268046788116
131.48541261379614
131.86146492816127
168.91354481115772
164.01395206069057
55.7803318331744
114.54914527874227
157.92911553769903
144.08266216802687
86.73775704752187
97.43187424150622
35.00042915485366
91.72166493973117
89.62477218137654
100.54543594708164
160.75111105339695
73.33260219113754
57.62421197803419
36.431677550434806
41.531918693684375
133.0661604732742
136.98087272755856
165.48542636956947
161.24765928669595
56.84824031771005
