149.40047790861797
150.69719453938765
159.89628715661806
90.76275617536017
77.50125404003516
27.688776825745975
91.9027657475476
84.05878933331451
99.5719874851451
157.39858691869685
72.34307079821455
58.95376801045452
42.62962505647685
32.494328980226015
135.93712907912308
124.85282318195502
166.34855432690154
174.02726529643502
58.333716001405726
142.16344778008778
162.80066869710978
161.4556159802399
93.76291859459573
111.54931510979176
40.42813199514604
80.89885751649463
124.47308408149647
37.20738127834799
154.55827573680054
75.43171051833434
43.3178410865465
45.726559382880275
28.520860016598892
126.12762943679054
127.35765585657603
136.25802269876277
130.25148980327606
59.990655851522035
