128.0225850623582
168.377871770299
162.7821105797643
80.77423024020155
78.74354141214688
50.35612272914767
83.63911603514165
102.61002472445442
111.05780917910123
159.02358363886347
67.28881825298019
59.544906206614655
44.89284919934652
32.37065669197542
136.1163600897629
142.6461614680738
171.99079371619865
134.04110365037528
46.824116280028846
131.68449909836954
148.00079328346177
160.6727795037768
91.25267380331371
75.08449331462089
28.035087241692644
81.34294539512652
88.99299988697128
95.51050799880531
158.02091282544987
67.74014811869311
48.219062362116695
43.8403854605452
29.80145594354297
136.53763020289892
143.0059008302487
155.24516309116788
151.77260046997944
47.98142590390603
