135.75511550759992
167.5288536433411
162.00503494638872
94.2750823318059
103.16849166053606
38.8735136250516
84.35232128984714
102.26083255748854
86.376535347674
165.59346749954494
79.08683803863457
53.14646090024191
45.519075593774204
34.82048252465589
140.06084319008173
131.2929871086619
137.86300331287552
151.39566237156274
53.44525800135677
126.02541423618793
158.36110290340707
151.41751290042944
100.4397728442309
98.19416054290582
36.09438500474477
84.20162371580851
85.79207354483023
94.56163292655778
166.94350037308072
74.78505999047243
53.49422487812045
38.59209047227562
36.12326928562268
134.70875670932188
132.64510035872289
162.32441443850703
155.66294911765263
53.809872445920476
