117.94522211535394
164.19894223292786
156.76888896310595
95.51390738022971
95.6418554655448
36.97230831152229
79.07383262147893
86.04057753343477
82.50620666410393
163.33184640843763
67.07151353159422
42.57387145990852
37.62250498686007
25.991147091185326
131.87206610430314
130.6319198966549
158.95648803579672
163.3323306787832
53.65014088966465
129.60259905008337
158.61253139187525
160.70851839409443
97.8462195350081
95.46821962286785
31.20656088558662
78.64665748226845
85.12211535024059
96.33662028994068
162.92502104797273
72.94724329669683
49.88355214249718
41.98566041253154
25.20889775092197
135.80567817651865
123.28240614107501
157.350226806355
170.4568567476278
57.99269351429861
