90.00136545532914
164.5327887246963
133.85495149701097
96.94732626646439
102.97004166552193
64.21025621299822
88.26443141758772
96.67911307564898
100.43063239019045
162.938013951999
77.47597568195835
64.04000483834805
41.540027185027355
37.883615920675325
131.2106842538306
134.64960433145885
168.92719790194957
146.56243389885907
61.78364611097611
107.01154355951735
141.63849128186806
126.88366604200397
98.52698928066734
102.7139087055054
50.63885156487471
88.82682161063494
87.97600664205825
94.84435691317891
163.41946452941994
71.71117085466337
52.78239916658299
37.17435330417648
33.14092901223789
129.9374320869438
133.74721463175172
157.39799970995344
156.8171284208714
58.92642854589676
