87.26247253236464
174.38989269571638
155.09353846166024
82.97011446920547
86.36323809163582
41.53234050181678
94.93814131124886
96.50744245628559
106.33812428907876
161.84001988924774
70.62771229409206
60.736234184976006
37.17748792071825
37.91290375961425
132.4789827082745
136.35933496478134
173.22260253924247
156.3961085555779
53.26122506785811
119.43147122812128
148.2384839334579
140.3497364410931
92.90764270386835
76.49802337315771
35.79545178094507
91.519116420836
83.9962213384521
93.53547388389228
159.09657012461614
67.19337446798001
50.806059478531175
37.62165176621678
29.67145161063674
129.94539518747766
133.40172822984366
161.01284176427515
165.50723102481305
55.17737712919073
