116.54173705126324
159.5508403591635
157.64369527883827
96.98198887140173
106.11535407275007
45.26584129818352
75.77994867245874
118.5589620187524
70.85199790206235
160.71480459247834
68.55152068761393
32.127899738893355
39.87341517350759
30.781209727456012
139.94691671928746
147.90213728303206
140.62392308989598
121.2604407437752
46.931674921943745
137.9084058819394
164.1928101218772
160.38816911286543
95.14786477895535
98.34851528858115
33.92975268781304
77.59749451842998
100.99229278312554
67.31929462396663
162.2726438515114
63.66533783841341
26.179977969225853
35.8533759978411
30.934087522750012
138.16253612662325
148.30655405942855
156.31548241064863
120.24052221460427
45.058090468190855
