156.01728653443567
144.9400890762472
161.17717453088176
90.237767801432
78.01145025373495
33.10300830610984
87.37079812614337
86.51786955998752
97.02697608341488
160.82737964380544
63.71440780396954
49.979342428620214
36.21097087113262
32.58708519013536
131.1506650202785
148.98958001861118
166.01600689197662
153.43594833091674
48.92798975299655
116.54173705126324
159.5508403591635
157.64369527883827
96.98198887140173
106.11535407275007
45.26584129818352
75.77994867245874
118.5589620187524
70.85199790206235
160.71480459247834
68.55152068761393
32.127899738893355
39.87341517350759
30.781209727456012
139.94691671928746
147.90213728303206
140.62392308989598
121.2604407437752
46.931674921943745
