133.82566425457063
159.6248373044715
163.03749047603634
95.65126005497699
114.61256316418532
45.51043146474535
79.69694734219334
109.33677120794768
50.17137018336085
163.24443319691267
68.59291060835315
29.466166538910446
39.54876999420144
29.915156375683154
137.79915838553887
136.75714241059924
149.63013297861102
124.84659833409223
54.234899158595695
135.6171967517589
160.5253310519256
164.62783033170328
97.43070049501105
95.59122051002988
32.56048857816181
80.68600280804908
91.70177724460663
68.94579345003987
160.7951307525712
63.23942389466763
24.821278453510885
36.04654778957794
26.86671636973764
136.45608255747237
137.4771500307997
164.03673226342207
125.99703375199188
52.67633907032216
