114.14797742823313
178.2879991718737
165.2671172085667
89.77710627280466
71.72393469406198
33.58630068352109
88.02041046974345
101.33025416494868
112.3037745785666
164.6839288442122
76.7119747131502
66.7387968587322
45.9280197933529
33.6857422671466
134.82981490091106
136.83536461336655
171.28371053086917
148.4266538599727
54.34219921330477
109.53807651873808
152.33086418654796
122.30335041784939
93.84813977607395
95.41022727716005
49.540411062663686
83.44778640216454
87.97366692543591
102.73804426518038
165.54388971341825
77.44850790737836
61.15491691683693
44.97192091356272
32.745602381979786
134.9458678893426
135.70025010156562
164.8762162535267
152.7565375118536
54.536399794591226
