140.86963274483585
170.69403738886282
169.08592756227682
94.85882030303976
109.03568444296639
42.42017396112383
76.14035166096689
104.99231465856138
91.21205184871909
161.41343167039085
67.76233935987192
45.6255568642706
36.24206851893062
32.40228844403106
134.4220817248148
143.31211321189545
144.93796358841252
155.8419161720371
44.28606852983025
92.39726944786923
158.9691764895808
166.0998280294294
98.24387261006869
101.29023176827005
36.16957556488572
77.90397020203972
82.79499555793022
92.73530470824333
162.12801311717544
67.76199642397627
43.39686986787315
38.299275979198875
31.079740939851845
135.55528048942227
143.94123311480587
155.41384357476537
155.8636660664911
43.655712692589766
