109.37395215749687
146.30218697804992
129.9940769658293
98.03191737370311
100.30446726254166
47.81251980374376
85.41942659951104
87.58285472601641
97.2258810691081
161.60877372619674
70.06310930320222
50.87341883048813
39.380604849806204
29.118865315426845
131.79133658308874
132.36956320433669
161.49538676512316
151.46350624073176
58.310652771572535
115.18413739556718
168.7575123253416
161.11114974881664
95.33607594600838
100.7686079867391
40.66115885341868
76.80185807776087
107.45335576280713
91.6923289850611
165.99879142061312
73.06358515781704
43.028318976430626
41.29471846932953
30.08071478342504
136.8928774593214
131.4706836798349
136.55193810589824
139.45138428883078
51.71037201479369
