113.57027224592808
169.08772229422948
158.64722549425352
100.01485986745425
98.92035925410848
41.244258340400954
74.762379970322
102.60513525040179
83.2376916322064
162.14589291248532
68.22050304914202
49.04195326216921
43.987096139459034
22.306804350417206
138.6980703626503
127.97945476158256
144.13732584458126
162.089212749941
50.70540495184197
129.56178948403007
155.0646924601163
155.90532364146614
106.83262410288478
96.75617412419189
40.15065452517608
84.06376980817916
81.22725034470164
90.49029346206234
164.52651613307313
73.41147305461813
53.13760942612909
41.91992702287155
27.244212170918676
134.21467979882132
122.98308210849399
155.37851709355385
166.36413984340456
59.26736481807061
