108.85507302899484
153.67833338150095
148.66605779458308
97.10554212732879
69.67606017300136
28.623232033255572
85.56594010211609
81.90998374752638
93.50431080694257
158.0295237049232
62.64926644894177
47.71680033846815
37.05353142246704
29.650465162645045
137.09670674625735
145.4825105954099
157.62098112678603
157.7725114273809
45.68488905932175
137.3364953249631
162.6113426128821
166.45798269722434
100.12682189031081
101.72619097282644
45.0729071335811
71.54450737841721
114.00342248741225
131.55048860569204
161.4799348733821
67.35505533741765
34.07395460829795
41.16975839029607
27.288774479868387
142.8546237159058
143.6705800965534
136.71324842581802
121.20165396119079
43.24343950990973
