129.29762519183728
170.3026682729195
138.10167056549398
79.62571138889912
92.41191852183243
13.178158498759704
94.5939813116418
97.64015561077002
107.16131128963951
158.5366051901103
70.6565374301705
60.47474637736039
38.34964739308661
41.969741010407034
135.3570054153776
161.14875829899162
170.98805426238627
150.02890843834712
45.135389976122795
108.85507302899484
153.67833338150095
148.66605779458308
97.10554212732879
69.67606017300136
28.623232033255572
85.56594010211609
81.90998374752638
93.50431080694257
158.0295237049232
62.64926644894177
47.71680033846815
37.05353142246704
29.650465162645045
137.09670674625735
145.4825105954099
157.62098112678603
157.7725114273809
45.68488905932175
