108.05212293157946
152.51508075763394
146.55566247281388
95.39542158155338
68.80594054716332
26.63996478039434
83.88877273134042
87.24822607886873
85.59643940068894
158.78359304044184
66.01646278018409
45.57560803290608
37.81858423125058
30.412452815035685
135.34610308180672
140.2785221147321
161.37740009502744
158.09259933717507
49.18168621684189
141.57015666868494
159.96911783234316
160.16924917450726
101.18219415061786
100.02351825521657
43.84236912043504
72.04761769488451
118.466319187635
141.58234261945125
161.58713737099583
67.78916110963033
37.666910744450156
40.15340027844509
28.56560870149721
135.96241343731975
139.27375741829275
144.68348595193308
120.38865252654863
47.184261479346304
