120.10267855467265
154.41412654676682
154.17194023646977
102.09581509363213
106.87173804659696
52.200088715915975
30.804726933374223
114.39853660790718
101.28590833554786
159.3386156531503
37.12661720584777
18.080173354873796
36.99023209549079
18.541560498576306
136.22440286009405
122.37016866086891
150.09365527772246
168.5688278140523
42.269183797761706
112.97773997083024
158.7575484094649
157.90846486157747
99.64725031366736
101.47494091384706
42.85529002896215
33.87043953963748
100.89093103962672
108.75033749048343
160.90305159677746
35.34904660183374
14.599517277683667
33.378202179619116
17.18464921136181
133.0281146050929
123.3360121516259
159.14910757239355
171.9205757028906
42.52495505131627
