79.48029539669187
167.26747064236034
145.1733838786816
92.71340354892662
92.22825271790538
26.722740250662586
12.650230475818107
94.28502275081858
87.91151236724131
163.12198060627355
17.25612241537496
1.3705602472884497
29.129531058060852
30.79839629470527
132.961157438115
107.53922740469025
170.44343487483764
159.0005382488592
41.58667732345455
119.03087535523956
156.4544899316351
161.18263783181706
83.1720796192757
87.81311246067084
43.08560871290963
88.73457878790822
84.30880740117965
96.6945928203795
165.55976395019687
57.522917007207155
45.098350757952424
26.755717121310852
34.3480115532441
135.0189184540146
140.18412156015742
170.26762299683318
160.69601395849926
49.71473382010691
