125.00738267884307
166.99620241927244
164.58724494518756
90.85396913958633
109.99400670478887
25.62718980997019
68.64647790347874
109.08760111105815
80.91405630128568
159.68641130231026
59.51524302864724
33.332288053255816
34.070683800931015
32.92563744776008
122.32484912886262
148.38209941671386
167.43424550341305
149.5075798593196
51.80355372343185
114.79029689824068
175.54859873369463
167.19988113437455
72.02280978631615
107.10086271141925
54.24128277717198
91.7311129620699
110.04796602825556
107.05296926616015
163.2188058646092
60.45809492633243
59.05125209415326
31.869938759449774
41.75612536420162
134.1463007416202
148.32640316280973
172.06962668978545
153.43591303973014
48.680983641187574
