149.7228777592519
167.90004459333457
142.913505118541
93.37976044641917
105.03901388125603
33.591151182082285
66.96308664048513
101.23516202239587
107.7635750750797
164.1972540214763
75.6968968279376
41.68878692859264
36.738784389155946
34.99453571408328
135.2020424718446
139.5636835371346
154.0809349053956
145.30328122345273
52.273119978936165
77.73145180964598
171.3200849820982
151.04830294355992
89.53464369889164
73.56975133748145
67.71239718246214
82.04187902612861
97.37443362991179
108.16236343615724
166.97933675972013
66.97946468126516
56.173890763822584
37.29670306969631
27.028338251605636
130.3250832831451
124.72069572044401
169.95290275203317
155.64039758436832
54.229717557802616
