134.82537273827933
166.11711604406273
159.07921253431846
93.13476699569392
104.06854357284449
35.90785613081345
28.885290714870532
121.09421204490248
95.00299497829292
160.60941089986707
35.11507469038503
6.6055083917448
37.66812448028484
16.536901664049356
120.72578827362443
99.10663159490794
158.12598829828346
133.07035010107876
47.064654463683304
120.16318639939232
170.93273014046443
143.88248530189418
81.78526685899375
109.7291709404883
26.706170388549218
26.755485803021394
95.76758746848803
98.7971632933987
163.44401686125164
28.896220320775406
4.667075503306391
38.90147170930515
25.096262659575444
120.59033320348952
96.20750171578482
164.15723657421475
153.20678385083883
48.10666211817576
