134.45360262959196
164.41302654231816
158.0925168001791
87.01747516763494
111.27485062261005
46.82216910832961
58.518005925956004
123.05867342483458
87.6411303926889
165.27565974792216
68.22121913863606
36.860857284500106
37.412780364528096
23.047589069263125
134.34498320459574
132.51479046095506
143.95330075627987
148.18812661514528
49.36461199157615
130.9699958425358
163.0912541389282
154.7385690340895
92.72174917468516
102.97178353580155
32.28841386928536
64.40383563797847
98.32211668036703
105.46846535896091
164.9413025526534
70.33362896885463
34.995537672733676
37.42040222255265
25.34386675683177
135.46956813857673
130.25854478309117
157.96294438148092
146.63867200758284
52.677150663917296
