106.3110360980188
174.99338568382137
135.46760148935763
80.66834096828455
119.5523873627139
22.221977531532094
86.19308677691163
79.65249781210277
98.38122142106538
164.86330354966063
57.4869200970562
42.37727566457785
26.66819691457569
33.00380872331753
132.832249737906
135.1814009281028
154.404172517018
169.20421768171067
47.21127064522735
130.9715701617788
155.4328887354396
155.5340040986357
87.09928416229239
89.64428158048253
38.389699497672545
59.49539920756463
70.18800259846562
42.009235821731956
164.19588004181966
44.15649694295542
20.05782981592213
31.534121749463527
4.007224364056229
139.45253451207813
114.33574783342424
165.23272375822592
173.2192555188481
46.077838305960306
