114.65190528519412
139.95773940575523
142.27532378533772
97.73030641592133
77.08192918278604
34.7549053324763
63.647500742507674
83.59528762987789
102.48329330811072
160.55852014659246
60.680129577301635
42.51368497291571
37.314073101045544
19.059026892644518
138.48565477310265
126.11971470605783
166.112869847317
146.54602518112978
49.21926965206368
126.11151671683592
169.15874264173843
160.50007574138763
94.02704960328485
106.9342282148531
48.249101056735185
64.07375720422718
118.77516471907894
145.35203881724752
162.07898328122343
58.308877340288305
38.43972143277377
33.90865716773227
18.657304715397014
125.30787055771918
124.90230586885764
148.40829436113387
118.95805903699109
51.88555550447358
