132.69788455885515
168.76127243500056
134.04299465894283
77.22433527937933
115.3374147607362
20.348722252969296
79.83920637806501
109.25124998361733
114.0411425374895
163.63725483797108
62.25439511369143
56.837418342904854
32.62058881464802
35.354576538197584
132.2280735064414
141.10458436868632
173.32127499333606
157.50507585840128
49.7823152268288
117.02783330267009
141.00394885855385
141.21700109398887
87.50370218125418
85.55406001647829
37.89582253272685
84.07482147835093
81.63233627916475
95.17386849481501
165.75808860120438
57.991994486553665
45.169340848923966
28.624458711565108
30.428684667224513
130.7562436944208
140.66145318926354
171.3986587369016
164.4605405744651
50.67138029146251
