131.69485594837874
174.04613311726354
139.15358819924262
75.40462266052609
106.67918722780236
22.203969920434297
77.87253687474666
107.97176504141049
111.29922842538322
163.33300279509484
60.155907844354225
52.18414672857501
35.18471992924675
28.275737645627082
132.1273622313776
139.08482576346537
172.96070636815102
159.78548246536522
50.05191756956273
141.46275297154412
137.95153509672465
154.41362286141617
87.63018769357431
89.32629381484219
36.89685890455329
80.1390024974762
83.89950469739257
96.83748279368115
162.62417748164086
57.634659184946265
43.91605778651532
28.592941891855684
26.113281442777108
131.45030487402926
133.11609656253754
176.05598921116476
166.6692546052824
52.228337315606325
