131.889004471371
172.75893065785553
166.4815278799771
90.2358151383199
111.84093252824148
33.71066551872397
29.770711824409595
125.05300707303708
110.07896144892663
164.08439613988153
35.926588031898625
29.232980178557177
40.01629129447553
25.49633199282503
120.99243359784771
98.30709854762007
165.64417262946907
178.74185581838717
48.24755571347748
141.0887035026374
175.35188080447182
151.702424459754
89.518451253607
71.15190112163175
3.2877086882796256
74.66253697710297
103.66305113814995
65.90799345770118
165.82983086788576
54.7852116580376
29.64306923295401
25.963212739185547
43.3140482061211
126.09317016060707
150.3757847523326
167.9573929615019
149.9881313618159
49.68390743449621
