112.09179360153634
150.15515905485668
162.6096089929095
88.52393089455023
89.18748432935219
26.18545340989327
86.49863390117245
77.18258813440039
19.305829204727157
162.71092577019706
50.744514315908106
21.99742670755765
30.10096191206049
17.92778547227284
129.69072053429943
129.47793751049795
171.49136065994017
147.20540750780526
53.68793990368466
131.32871224650304
164.1186003198303
155.3008037760986
87.39826807957388
111.79207734866387
46.30404419923418
66.00284370915082
108.06066862737043
119.51093681437236
164.00170751561237
57.00314147078439
27.605280581600994
37.608754349185816
14.288813444249179
134.34085923924926
121.84600105159389
149.1271368095522
114.6391904428834
51.554407309788935
