133.7684944527776
171.6822470978161
166.08527468100758
97.19833628851222
106.77233117322217
36.96079648028062
32.66773268647152
118.11685681650373
114.40236087775173
161.11676941080057
36.17060339583209
27.910780276810137
42.617470631049216
24.802910846477136
125.11531021777417
91.60899005437331
156.08781145534493
177.64654511775385
53.513568734521556
111.65967941055392
170.6991204438975
137.00447143561425
94.63175477122876
84.27912851622618
27.39355626044797
66.78727060613117
102.8091998686063
89.0844541294508
159.59741941918622
57.856350450204495
32.932958222617735
32.02748256554276
24.825549360157066
124.83701479599172
137.8890494389379
165.0479854924304
158.21701543506043
52.7028604257296
