125.95820101776074
167.72303779353183
161.21416092182977
94.07933008105815
94.28923506136452
27.799932711803116
26.94497181149489
105.11140720722312
103.59348268262656
161.70236467376847
31.83701256322142
27.31098106245564
31.54304823816776
20.32881728300116
124.71774521826367
92.55780968257554
159.41750023027592
146.28448774030593
53.01822665128688
125.72101087623585
175.97262913202806
167.22805268956145
84.1361114752315
87.00813254562426
54.68717998405958
90.22187397495254
106.31571890249442
106.23951852966256
162.6013848159194
59.44960093594306
57.090298823623066
36.27479271792938
28.31554236901749
129.5867844407973
131.80162896314417
173.26397471115072
156.22012263667585
51.94820587828395
