134.52873939209348
168.70859545470293
160.34044075753988
89.23864289713548
113.40187196356317
43.00390867275538
69.59268223345723
116.64441209334234
122.190983415226
164.0695606734126
65.43473961233448
34.45427118364401
41.26529282162416
20.340345849340054
134.5491994714209
125.9887588653732
137.1329376430724
110.91416808694939
52.56574193919857
138.22924485598315
162.14255660431138
152.28673688805924
93.9911792440209
101.18144931879385
26.93184369655962
75.597969403976
80.78408612508017
71.14302891493419
163.79775353242727
62.05516854815715
36.93263691109517
37.58069268597823
20.651398396090695
136.34225023320025
125.82421571579964
157.5289231850081
169.02309207930708
52.1552875483202
