126.311925134328
153.12693550813373
162.84941616876046
90.23615001509476
71.62800032833293
21.61557359185955
54.12826242699683
83.45996567346877
41.624307455687116
163.9984150987388
35.33894172643959
15.882869225867314
23.402425791556965
13.474409763229506
127.05236158386143
105.45626884022924
169.25357587264764
168.99774383719932
53.941474268713755
122.42506666896772
170.9229626978455
163.41727395043551
94.74235717098802
114.09788081444853
36.76420516117297
35.59284023954197
114.54704141214049
41.65622949963295
158.42076017278666
35.784737743573295
29.61268767495948
37.09997935615316
13.918745547273723
124.29700368518846
101.9962089204787
157.17082179353946
148.36918247838457
54.29431077301418
