135.1610125679945
163.4786841694293
157.12405098428096
88.80896569455982
114.39265254358044
43.35715263264013
66.13178849206744
109.70415836157177
120.94233112821466
163.50100011360783
62.2935351841564
33.715420232075935
39.66526799673098
17.3441281290817
134.6379420533568
122.8480144698896
137.80924114339174
119.89402641939083
52.15300959181999
142.7079273109299
160.19089223797963
149.78837595809594
91.08907497671073
107.6132917149507
31.132515404324952
70.61429074243732
85.91808229601148
113.41486773842357
164.90835486376128
60.59502495347584
19.779874068768414
36.36114028270814
18.678820854518776
135.57242580436898
121.74299449464922
150.43621147167937
122.90046861225534
52.17241149724764
