125.09765474824476
168.48511372175727
167.38570591992118
97.98397273525667
107.09279498693171
32.836433629701496
32.223813336100456
113.13119327922192
103.33369367883093
161.70283076244306
33.43081770435508
11.830211496313144
36.84982206980767
38.87376100752579
118.85790827052921
88.19498605777324
157.48525469761148
170.69629010468068
47.416212307918
127.98051726614786
152.28492122902622
141.89334486090453
94.53822291780294
92.33204866536174
7.713381269266675
54.249418470735996
111.71180830630742
140.74529733229923
160.21321904203796
57.56830408895676
13.66538867767543
33.514441173991045
14.653770834875901
119.62119136071408
127.07088153747904
167.39742095987515
114.44030339674248
47.403563240021725
