144.67920129695742
149.27675180499088
168.46067102877996
81.04882478548599
122.6163050384287
25.568651587495765
28.584810347212553
72.42288404924945
79.59740124990866
163.78628317952362
22.224582874705387
6.455272759710932
25.186947160714187
26.58606134998745
130.38813381393425
77.74767638890847
162.8848061294216
144.2707809184321
53.55895144936703
152.4810904090984
172.0719510764745
161.25281004013266
91.4657207545617
118.51371271151937
39.28005778724018
19.213614598320802
124.12013655208574
105.45493547218382
160.77209408114615
23.432095165212
3.608973771620376
35.386809541178785
36.73334219395656
124.86094693021374
71.73245700715479
153.13576463068756
120.97743479529922
54.41554222640967
