138.64373023180215
160.7785940856154
148.10459607062904
88.08122600258069
112.40255604613883
31.84955214405129
71.2741417489549
91.63259060704632
116.88733372716871
167.57898005274822
64.17552785587417
26.964702314973646
37.64309043366647
21.20522277153766
136.13352949606227
123.54678373509364
142.17986443927822
134.5033170240933
53.28027265019449
131.1194885915519
176.70276724094273
173.57122045095818
96.62946014752485
78.95834377605009
54.87283697312676
80.8545986287669
90.94511710773685
114.00935988514223
168.23716385321472
70.9183374474506
58.57940863397423
37.22696198807942
28.662037805034604
131.1171306418791
121.42036007257072
167.39899880800695
149.8772384459433
55.93116483974212
