134.2897860432553
174.11658584613863
169.49196711000562
87.25455954240786
82.71115504713332
45.55693907235428
82.33243310306973
101.67593245882259
117.13731048808049
161.7892067553384
64.64755948606474
60.13360128157109
36.57334514547383
28.453318106747552
128.83518131620843
132.78978475887024
176.722700423384
152.75187419847768
54.087169529172094
110.19118067716053
148.33049726092176
152.8771388477861
91.84898730362944
85.80814008940357
24.438171841065802
84.99159259136363
74.82695515434587
88.1599775741918
162.62185190723764
59.52863788903361
42.3046361338876
32.77469241053853
24.269371492092077
132.18193225629656
129.6327525723128
168.40345073018818
163.15997499528487
53.666330486354354
