123.68468394891713
159.13489441686548
165.41038825297213
93.9546793966311
76.79873091844658
42.753438153662565
84.66918161869606
104.69074853234095
109.75759447406969
163.71696923232315
67.92605560302974
62.10823881100012
41.80401681105916
28.64621369092226
132.58459723308866
131.3017633550603
172.01704154881813
151.1579223235603
54.40237424984582
113.73915704578926
145.6644157792705
148.3468955742916
94.89823503435362
80.16606257592865
25.096983429780778
85.49327415886351
74.12851557092122
83.90762094949918
163.21950517384653
57.449937893093555
40.77781910764088
34.680719350356426
20.092484952374097
130.94254925495065
126.69656724538946
170.83662628875825
158.68875609913604
53.139826329733516
