125.74700976794516
172.81726821175172
167.47475750010307
86.74912588351268
78.50106708597559
48.604144972158466
87.5386294592335
109.16103263737809
116.5639193818952
160.33298947779173
70.25308966080823
70.86126133154873
43.07345632820325
32.664086356870165
134.30264310431812
136.24230715520508
170.14266618682709
147.9626238885639
53.268648471286106
157.98146715060034
138.70774928464368
161.6906664764268
90.25815004814778
90.291475586586
27.92691849049747
86.80872530936699
72.88115053705936
89.79456709334194
163.4852992137443
62.09184161494774
45.23222305661168
33.46093057467042
27.17330934129953
133.44861680820642
128.2504363414933
167.25720494456345
162.84464685472778
54.54111177794431
