133.3834966237212
169.82092328600942
150.48528800356056
89.69313323227391
108.4773920384827
31.665626037511988
75.00874149623382
94.97164552520422
86.20224438033121
165.03254457354177
64.81991609875001
41.77041276788267
40.595397730825965
21.08201996503513
137.55355741167998
123.92175656310555
149.2022137802478
167.08348363615704
53.54842882856827
132.22740710450333
171.2257348281081
171.85108762550047
93.43268282865994
81.52613930938199
55.58547830441705
81.27178026080364
92.00949370034921
107.6036321064225
167.71062722263198
68.96786295534064
52.941112120042455
36.587142356083625
27.875399976963116
132.14926935486383
120.43792757051631
164.7899739776521
153.84879106759396
56.083063550009875
