112.31566366870666
132.86686795914196
148.40436275660034
87.60244518147726
89.20964822818983
42.477185392294075
21.14734334346413
84.70923913057972
93.83945329318432
165.13225769680875
17.55091185666683
6.583256940700368
35.095598594995494
34.382085041727414
143.9066510993284
73.67684086417266
163.40062668807644
144.6344156608872
46.48108453942406
132.18819875699552
165.67102561535833
158.98498768104915
92.20343806792319
112.92043510717727
40.457306099492776
27.948079888985017
113.833609998275
53.19685412910004
162.45501387663273
36.79694726900579
23.04594632562032
38.27794460718378
17.166373653504372
128.81412843651347
98.30973028462255
147.54710512071452
166.33178333132528
50.701909511495906
