143.62158774191545
167.58399596269186
158.2064071876114
92.50001345614697
102.90896260743769
40.566565453218956
19.69818785516645
125.27150293916883
96.6480537561536
162.79397967545088
24.353966519171873
2.772692592764056
38.75098781073453
50.15363515258175
119.68519839393566
82.33810952365354
146.63777789168176
157.15746137647628
53.07043126910382
144.82369828520672
169.07737177733787
156.7617306097933
90.35738545263276
106.37062571518415
30.072165954833707
33.36694566592656
114.6316218603852
57.61458235497384
159.84862979357752
36.91394828532704
28.814598261048875
31.431611319095097
12.752946799023382
126.64619722633292
103.7773952114546
161.5348168679137
152.4377101300705
53.51454791652168
