134.4008494846171
162.65667799302688
157.81544461391184
85.90265955709815
117.07938164556481
44.087692572828104
65.13287361678212
109.46777804423753
84.9860867452017
163.63524683300386
69.45036412117479
28.04975997892832
37.88336968200453
22.376336541386106
130.87294493319936
127.39327313470757
135.38418972206932
133.57776009567763
54.15218755757746
137.841402991279
171.90363951801828
149.26886362040256
90.52778971469161
107.3194220413666
30.39116746467512
69.6232517633778
92.13294463553808
109.25757254477918
164.99936545401644
70.67766337911506
24.67405246977811
38.98628639716772
24.601041713522623
137.03856252996795
126.8952783402843
148.13304814293917
135.05704905558804
54.68839332021557
