120.32728906969487
141.73357814554774
143.85391462283238
93.42245964082335
85.35270953709636
31.446368784939
84.39000505606896
76.54342508518363
85.45382675322779
162.827752227844
61.987540735851
44.97132374659767
35.03746350338161
23.817155325835554
130.15864904451632
127.6142811502485
170.19309879203539
164.39971715249013
56.3468719548201
135.88797960932683
163.41456329120422
165.00256505367423
89.02121956681727
113.42942963614631
47.73137224622527
65.65327196679932
117.71211090085117
103.30641075802606
164.4570362122813
69.639962791851
47.48560791813294
39.47298478629648
21.906174246095915
133.52157321882422
127.75504693949732
125.70763555343426
167.32054399778505
53.11321451632533
