125.22825799411967
172.4893522763063
160.10937209326747
90.45895207398783
119.09991479791366
35.56471085757864
21.841763613186316
121.1393981339877
88.51459824919692
160.39624782880608
22.932129609920818
4.410902149753426
39.913827623585355
47.58520296927862
119.55887854062807
81.68268620994829
151.76037722845697
153.5332240916467
54.55433969587338
111.81151380790018
173.8834836309829
154.52615938979926
92.76530331869452
104.79945271112354
26.640102903813343
21.723703176374293
87.08370687029893
115.87843863049603
158.74037618434878
18.928776281970507
29.7760247879579
31.042962644041197
37.37729007057221
129.552580747284
75.38931925095261
163.81830284337667
84.18880493489989
54.39211831417987
