117.90803183514721
175.52434415696848
170.66563033404722
91.39931952936473
72.42798338014693
50.940372254949885
84.1094199852956
110.37702089782432
118.92161111482481
162.10801380111965
68.33587799723813
69.18956022045793
39.74961009257377
32.382400479990196
130.9904545394561
135.00030345062643
169.48613493136895
149.99185270710726
54.59186938033778
126.00565357730763
147.69827124389326
164.13248409200963
96.58439334831839
80.70765259379118
25.542317251546084
82.38806833623816
78.31496330739213
82.76460776989592
163.40529893356998
56.5748922617918
38.93314130939442
29.63766357683681
22.603043912192053
129.19594527955445
125.35953669373941
174.9485536680163
154.2836914270866
54.133791013192365
