147.55162106503076
137.95031590879987
156.97193568730873
87.71024038388163
93.7441264432971
33.67505297945216
92.30736160497362
78.28480361498966
84.41878536856076
162.74384225074095
57.75057667253075
42.61600130532067
30.566450705477703
27.271873647138005
130.63474692326008
129.28535911572826
167.02034845813662
166.09695875878742
54.83686172121887
137.20896669758184
167.7514002451013
159.43547767978708
89.67453225663843
116.12272222111504
43.81683359443708
69.08123134650755
117.8196374490557
88.5828314339905
166.40330995906902
63.421847042054324
37.14956964903764
42.73645183790887
17.493743604861724
132.57553188618948
122.72262060335858
141.49804999439667
132.46018013905166
53.53168582610049
