113.55127468487812
167.67154694176338
153.29733185266005
108.21560444131488
48.458040497530945
19.29602736672433
32.15650369727333
70.81589019681786
60.2343654065893
156.6821740898724
28.570357464971615
12.565009879681748
27.822326488243668
21.702976680606433
126.90122828405744
92.51405037004405
175.3131564513287
154.44680462211863
54.86907665914208
129.47534672496084
162.07178263854348
150.17300852596514
99.42613663015254
99.33581978222517
41.27809535134264
19.931536447511377
127.09283768882555
94.92223190592557
159.16872247511168
24.131241242704775
4.79546309550975
37.833157808683495
48.294628878848094
121.19891896646354
80.17320028852355
148.59242611072273
154.25891545929827
55.167323934359
