121.85053993919185
148.77058683709313
165.4588138772154
91.85711155644664
88.26463541773795
24.693636341231077
77.62928744662089
75.29858093776286
87.55752427291347
159.49656638506178
57.19032414780612
39.16599432712937
35.2001662388206
16.49544639416048
131.73631436429082
122.52191945403969
164.1172530634718
165.25910279872463
54.2774851773526
136.13549289343155
161.86014782477454
159.21278304436146
88.02141804148238
113.08680079383012
42.28770750096927
66.35456034981301
113.54140132772983
78.88230754106382
162.811577145735
67.59656268445778
44.952312925827336
40.018362688405006
21.675729174583225
133.77533229003075
126.77154243412026
141.17911290321484
167.05887210282995
54.00415486100034
