126.56042043308167
146.2323198754865
162.44855040268467
100.95348655528655
71.44713331029833
25.90092527457261
78.04844430629495
69.4279394324904
107.78110112855578
159.94953904330936
60.928400160654306
38.02932649290239
36.06351527275754
19.286958456013114
132.39912326336758
125.99321114577118
162.25836435759436
168.51491752926907
53.97923349327692
134.45801017741022
168.53673099004686
158.0730347784606
88.28052988910399
115.08317510897474
41.18576844500504
71.13219125531319
115.131121346633
90.01332677348044
164.26512503851106
72.10796142519987
51.34795354304757
47.628735698071
20.773219495829046
140.03088945576457
120.25181723917174
133.08530591954167
158.60481539868067
55.023466973875365
