139.10319932343353
162.88187849446447
160.15834284192064
89.52933723781744
114.74741263812845
42.42813469170866
73.93731661547017
115.99619583381433
107.11113092329772
163.94315555164155
84.1320671208858
56.494123920509054
42.938895780249645
42.08368042155207
133.71558250153228
137.04712494611204
142.41537673863192
140.03138876290436
55.93686200809522
130.89345453430573
172.374113970985
152.715763281224
89.89672664944457
106.78635496478368
27.23485137944619
75.59584632764414
92.04762553158339
82.92842744329562
164.26916196127166
62.32321368361985
38.664458599684146
38.357970716522296
20.358612224893736
136.8896912314943
122.89622112442117
147.72073534854334
168.14692024725613
53.13778005258087
