140.23090628400763
161.40445013311273
158.71759825078965
84.8543800593972
112.13836161997821
38.43271143192233
61.4823437835488
113.41878315629943
56.17139536165439
165.9205230473053
63.034804607708594
33.57265806386047
41.76246894249495
13.12255376302834
135.0275000658205
119.82214095244908
127.34287543200583
158.74552639186416
52.42076409289062
138.55598703429354
156.9026990089217
152.58742443740167
84.739083343216
111.0786077224406
30.45772153269582
76.51249027657173
90.63920919834588
74.03837961150289
165.37669884940846
71.53225007499584
36.26797918597506
40.290726540197575
25.79129661071333
136.14662581166215
123.28985220660452
139.97166230423747
149.65842741903504
57.24683002601562
