122.5660768274317
178.63358149430024
172.84016740035383
86.81699588627686
82.0155377027677
52.2640471639178
83.98138232198616
113.96383914132522
117.37764488816514
162.6920706747672
67.28095209555019
65.85841519133527
41.77690743065769
32.592251261730176
132.00401764762356
138.88667843678232
171.86938468739015
150.0394373650706
51.06784520959631
117.96344100424135
145.69448530160142
155.2242391343624
98.65474762476515
70.35821906486684
29.829804537097097
78.57803281689138
71.54628910191614
79.3374686706615
161.45680702538235
56.725154400912835
35.78914346956428
36.960358763121306
15.706090262204963
130.5792478973609
123.21838279736174
158.91983943669678
169.7150516258978
53.67950998815482
