146.40420467552417
128.47252451616586
167.68605714095807
77.422414684837
107.9772136575843
23.143999484757593
76.77555097228893
113.45590539041972
102.86737475615422
163.96619024662104
53.33187165902308
12.700959258944367
28.602664066147153
23.422853158254892
125.60405007279023
129.3982201332708
146.58588108875566
111.35462173057162
53.82200874148012
132.21763545705983
167.84271608087772
158.15715432202603
97.02246676911881
111.76116531311911
38.86119948827527
66.74576676984016
122.23723843461694
108.0099417439737
162.4501834936768
55.45636374222492
35.44847118527356
38.017711376465165
19.096204262246314
121.78030302685977
129.68428576871324
142.54993129142179
116.49711744200235
55.01838448763005
