127.25444965497907
176.72602152479084
168.13809088531372
91.69142137372428
74.17370414349561
46.495394869260046
82.41248217184403
106.44741026129752
110.92971456333797
160.8983398550611
68.41585394130077
61.85891553484713
40.98520695089505
30.33149805507326
131.00242312930087
134.487249588353
171.9339137641236
154.74500402070638
53.27655085711048
133.44263533568287
134.59990553426695
158.79937202569872
94.87405539688976
75.92732081255033
30.653899006472873
69.58552899972443
74.91659430037728
129.18704479861958
162.09608076246758
64.25402598450228
9.700465934635352
36.229830729296275
21.403232040385355
134.0139668647577
123.95415377485756
159.90816919206765
118.46727003448775
53.44648244628672
