140.96702516593442
177.58286537637255
174.08266055699113
88.93944212170375
79.41513977927394
50.17642720569869
84.4961720285966
116.86468354309106
117.05692971717168
162.20055328738624
68.36235062773525
70.33786217361796
43.04645118279915
31.13319005040748
127.75217128754758
133.90149611750658
168.7207740806784
145.3837128096921
53.24566661384359
118.11713707214491
138.0996834123568
145.7664184497731
98.05099856053087
76.25702189812552
32.21375258155142
85.6002919398438
80.59243243543877
84.62976210713386
164.44501597889936
61.63069571118395
44.48261750494067
35.6929209295526
23.79292259017213
131.21577065422676
127.4103841834355
167.45793606067966
164.66918769712893
54.686503049498
