127.24806658305896
171.66626348588295
160.58060057056343
92.12485317422251
119.65543649686201
43.73591759837322
32.07890913943146
122.30663774682613
108.50952658297088
165.22603527485876
37.95734861346996
28.388867658466935
35.56780937899154
22.503565265065507
125.81467951695579
92.21648427865462
151.67881349754344
177.4884375378448
53.761721445661365
132.65707221541217
168.39404213074508
156.678629402352
82.23795767792927
108.2885487290089
31.211762227837834
79.06733132222227
112.35160307913254
48.34665746924954
163.19384079324362
59.833609656749864
34.755262927919084
35.45191040679921
24.873189224683568
133.05438213272325
137.80083566648662
148.29991764684902
155.9466831422013
52.674700139613876
