134.60616013041334
142.56802605381543
153.1982151417184
90.95754448716329
77.69108951547855
29.48455088119249
38.507269797936
82.11604773831749
46.487554733614644
161.42408514967923
32.46130597610571
16.809853646686573
32.31548926103064
13.106686536810912
137.4435940126568
92.32505345177961
165.35939209709906
160.80884103305974
49.30063224911214
136.78062684222266
166.4017507530927
157.70208503930667
91.95243298592209
108.95865949600923
43.44916023198109
29.868388868809742
110.67502585397668
103.65324808686559
162.48863394647182
36.411463246571486
33.36030349882853
38.180639925137505
17.670575667631514
129.20768252880853
92.48380651880379
152.1333661923758
151.04277919121793
52.25587374542584
