132.21186179734414
172.2561741118633
160.789806901564
87.34782024109742
98.63264781584414
40.48919294766128
29.908576949362562
124.22549175284739
94.98021618669159
164.77282095155562
37.101396874582015
35.878904749297114
44.02524766340776
22.672215930260535
120.63731660158291
89.98353525595263
155.3548772158252
179.30712118282892
53.04988256502277
129.00619038218198
170.19041975426694
152.58178436530085
69.64942259698755
142.48530823263928
27.820579831449265
76.00702506548508
99.48775482368296
71.34727845507383
168.34919944249376
59.52391555205741
37.354695664426494
30.485703773644193
26.646056336439415
133.23174960542164
131.64611964578955
158.11728155113246
167.20753124974343
51.30178341329561
