141.41086155250653
160.42837604500843
158.53532178664412
90.21263569248657
108.52178152240512
45.505615356087354
71.15393568279612
118.39911436689947
42.215929945022935
166.48796948577086
59.63650674045471
37.06639289604332
39.57427158366995
15.013862373961107
131.91312199116666
121.4452121008784
123.58976347488098
155.71019562350529
53.66477822756726
127.00444111983055
158.74016807710439
152.9606867283222
87.53801643294356
106.94718627740376
28.49635690094901
81.38737851772436
90.64425415976277
72.97738860131703
162.99523123045455
64.91871134882365
41.103780446728784
40.57293666306131
20.957135089992065
138.42629643649676
122.29043628389473
131.6617469225272
167.49489028458757
54.720065580731884
