126.45068404323659
130.52919419728462
156.04139117294537
60.39932327000398
125.30542645460042
14.494991222824847
30.754295663534386
118.24740716768927
63.606931250153615
170.19518391928506
27.257011964925713
16.06753280805189
26.556421763352805
19.791358520914923
123.00433085644539
89.38018495401272
171.94885412130287
150.29039100230403
54.45036930176874
131.32177473905932
163.53352440945756
158.21826032320064
99.0298931922967
109.47659422257226
43.2997494705438
15.032865177051676
130.15410146444097
95.1877285562083
167.1320377706107
23.903964567842326
35.50815327682238
44.36638294484638
37.61174796177298
124.70260398998835
76.70697209609874
147.3353139301549
148.24700156083034
53.875830798472336
