133.1658207933122
149.0795395254143
152.7301839283152
71.18089171008975
98.34679068188248
24.936985258718895
29.38915193795184
95.72708189997188
147.44577474500477
161.75781270925197
23.334163032639776
25.03259975939191
17.52104107795211
16.877955112864264
127.97515494025677
84.72281157550526
170.59774699259668
122.30319339888088
54.63038655008221
132.92371202125372
169.4725364010948
157.39472245105148
95.18742369407897
109.5160296258625
37.60497470287998
33.283383512401535
127.22541716697634
90.97372021467038
159.8575298383859
39.12958652438625
30.684855777351686
35.028629037391674
12.445751496241394
125.9559759771412
103.5632563810487
136.96753473318728
158.73275221550185
54.67703377258514
