132.08038715750098
170.520471567594
130.66331594065608
88.45396864652785
88.86346317511855
19.416405290301622
86.14178317561577
115.59454179440834
107.89984773686128
159.77882159060096
68.8447938250123
62.581152364231066
41.02092002070111
32.0542149499572
130.71821947513757
136.17124651982434
165.47502811856654
157.9014082865082
53.54435857340553
154.97815586492553
143.3043210976471
153.76605190708554
99.47689729194781
69.52373526095835
31.35248225766219
75.4868117418089
71.0777530405166
94.52703826327738
159.4309300047804
67.39788409843672
37.1556851712797
36.32158677931732
27.03704821171892
132.20868467328103
128.13059776690068
160.39314630953274
147.173903518358
55.001891406464736
