132.92371202125372
169.4725364010948
157.39472245105148
95.18742369407897
109.5160296258625
37.60497470287998
33.283383512401535
127.22541716697634
90.97372021467038
159.8575298383859
39.12958652438625
30.684855777351686
35.028629037391674
12.445751496241394
125.9559759771412
103.5632563810487
136.96753473318728
158.73275221550185
54.67703377258514
100.58768063728041
169.71425853417946
175.9584329794538
74.60443662596691
138.16473494994955
20.559872988634623
74.93367744852021
95.33522161194082
119.61882989629173
160.18492113554666
56.26185027156993
16.936887119214436
31.938311975620575
20.782770927768553
127.51221923819493
135.42086631817773
164.36953937598182
110.46218319129737
53.65364788543633
