137.6198887916309
159.12467662108727
160.54292094983165
90.43046286999996
104.94587151916086
45.90836788116083
69.93032251568006
114.5947929982772
77.14788596078651
161.21170196516437
73.62845777088171
44.029464571914396
41.775111623494354
26.106112676143656
135.28057097443082
127.47719523349247
127.1475717692088
153.35486633062015
54.61914186781406
87.57930958264824
159.35132704395488
162.8977972942275
90.08686969895486
101.94547278170553
28.461582874009366
77.64830951115754
90.23158223891359
78.02049134764232
162.65423598423862
73.51671081039582
40.01120087962522
37.78642204383718
30.617838679791458
134.2231990341866
128.46002788609607
147.6283382270938
153.7511183656761
57.10303693401151
