132.68639419771014
168.62973990112536
156.27353254276392
95.7358919660277
98.1775344897031
30.498318828343706
75.2739122623812
108.94259034828464
128.0331038421733
163.6380737264747
57.8002424962295
14.998845780195383
38.46035961979639
28.656624181102057
127.93345541906741
166.3876103048093
162.45845112643653
82.29670419313312
43.35320966046587
120.35554467484155
176.85712155607692
173.07851557867136
85.52819895363805
86.7650689039357
50.031652237028375
87.6452936259051
110.04875497966336
112.33628734620062
163.85465061215928
68.93931003738892
64.27900841602676
40.053943743388224
35.18664258202908
131.27234699807505
136.43188999406607
168.9261986449578
152.44899930980705
52.58764895090817
