120.35554467484155
176.85712155607692
173.07851557867136
85.52819895363805
86.7650689039357
50.031652237028375
87.6452936259051
110.04875497966336
112.33628734620062
163.85465061215928
68.93931003738892
64.27900841602676
40.053943743388224
35.18664258202908
131.27234699807505
136.43188999406607
168.9261986449578
152.44899930980705
52.58764895090817
145.26121004960953
131.34787263690316
157.51382709680317
93.10016225582956
79.39230207292715
33.77741344895774
91.85941985207565
76.02820017414321
85.37946915448158
162.30857359710117
59.4148209095086
45.259933209100254
33.57717049336882
25.62391581452831
129.54419329728526
128.36987670475102
170.1605687439638
168.05848811286936
54.32292050913043
