126.76268102557181
166.65921318183428
137.96518644942296
92.32959585452915
80.50146399429372
16.92052896343031
94.76977654397778
103.88507467695631
107.36539536028316
160.48698644192464
69.7152412272905
64.77898204069146
44.80831854460147
30.54841273571081
131.9074143748338
132.5219838054421
169.29077238564034
150.3813358686632
55.52141575122875
120.50198670071322
145.48016571475
155.2149364562083
98.71083673621972
71.5938998452626
28.87571475399026
73.89608864577269
72.26608559253256
71.89672220641182
161.08221127148366
60.397940410069026
38.31750598332614
35.36307635576176
16.93422559508192
130.06322411515202
120.63941687471664
161.12486742355952
173.6643201816095
56.16037531279907
