130.24691393538882
169.32527707267866
158.16280707331063
95.84655925209711
112.40887810008064
40.24832769661394
79.98596898068968
127.03261296149932
113.74651504947546
162.9518251548156
61.33742167072295
42.14079872482312
42.839732259882965
25.458770325894836
120.65644481727254
139.87934732600027
146.18838028498521
104.47072880579651
55.06096932594422
130.2054430873944
167.46885429699194
158.963084394968
89.28552953339434
117.83880109760953
30.856163280146927
78.01832682403455
108.06947466372249
125.5953704015242
159.28499042175903
59.11536592579596
28.99413648800626
35.76922746033175
23.359044932108233
127.41033205750021
139.63788496169389
157.68225695963162
103.82313540112462
53.97443685004143
