138.70323385118476
177.57373375290643
174.07880712829748
87.19681333022368
82.4263893280797
50.439522258897995
82.69147387213395
117.55526384254755
121.27226853348533
161.42641613775203
69.41289776337945
70.91727064000118
43.76034351302504
30.11400460915488
125.47973906794338
134.33036519442035
170.3618417973486
144.23998131451665
53.291752665082804
128.28912863114235
144.200001235204
161.56632073926352
88.43048640649512
86.16145820333107
29.0421829641591
80.66686065761043
77.80539069715103
95.22145202911608
160.51314965216292
64.76016758857998
44.01275124697134
36.55201223334572
25.03584981231148
133.75289577495914
126.65182622456703
162.32935867459534
164.68543604452677
54.930992503456444
