135.98419548536663
162.25529699950388
156.05909936374144
88.57015590360818
107.09568023951392
42.42686880740323
67.96867923327743
115.83073322161478
96.09314703654276
164.70864557779015
72.43971320254688
47.30125917887813
42.25991558982409
26.61965997175475
135.057287302947
130.650910407331
131.98411420728823
157.26246403174588
52.0626902174874
85.2677798258435
157.84662030713386
161.76790728195286
90.91708911664573
106.58241874319474
33.2501227723141
71.22452857307921
92.68736613210343
88.66327092765414
165.38022198315588
71.41949195257216
43.06832459846249
40.384771544954845
23.949224405071266
134.24012570177055
125.070016184553
137.95102731194964
165.60092941259265
55.428858945449534
