128.6191023545909
168.63896846471326
161.6706398443783
91.1657517247353
103.59486398751733
36.21203098212502
30.891875404560743
118.53645182843019
99.21241660671197
160.84776738307858
36.50339508088452
35.55929036816687
38.732273927496166
23.10835519445905
124.69574829644229
87.88487557165412
138.91919708161714
178.47559677221338
55.77808220331849
140.31696089891153
171.98207920648235
150.02480002756732
81.83651983871226
118.42430108080613
30.145382338168663
74.75129560870967
91.5114944697954
90.74259904152996
162.63901513717946
61.19964903441459
22.119265383153923
32.04444503018626
25.806308374190404
131.9785921096386
132.97495057299705
159.2195294481588
131.99702156263072
53.946919845417526
