102.1856710966803
159.97410766346843
123.27767717264267
82.5188557170473
112.83707571419107
16.834068700281296
20.324411738732195
57.94827437634107
116.52581353295994
158.60114427009935
17.319918720015853
30.288273509320582
30.454517848448436
19.896702876166707
125.28232235237165
107.98657805810906
155.64581322493436
121.46767064453915
12.119821505797555
120.41066942178446
120.18035516458819
142.39582045936538
84.79455853925697
82.10912274222282
37.1426680668144
9.340890598607555
74.5175814681485
58.65514112837579
159.75814810952883
3.940291321039186
4.225825189898263
27.68266016882304
25.451699755164398
123.60977330647205
121.07581897654397
168.2869889291237
162.71444042807235
10.819051516516417
