121.76445039060185
169.99665923983184
158.73051986392113
101.83864290537771
97.67445804872008
37.499764624505126
59.32247055324219
123.65356242664035
114.99141093272715
163.1924586470672
66.07538986317496
20.273402234476038
36.596690226293006
20.100588911106392
123.2394577233733
131.24720858104686
146.60880666090452
111.66202622943776
55.63469534334427
75.31187328966529
162.94861811119742
167.4866356359695
86.2463499276606
107.04412948248915
17.850877058726194
59.29926280097889
104.90546213335492
108.95384400904342
161.60794572452278
64.56024608488535
34.90204784106938
36.21919185151073
18.96937668368919
127.02267862820122
131.58209024374128
156.84758370154464
159.59625397469395
54.86536933933279
