91.56954745182254
161.58788290764357
134.4443061477063
87.43799461456274
114.73043233561158
34.806894044109065
69.96785982370523
99.92929717392697
132.6778564466027
159.65389468194118
61.33844372828134
18.14793182804964
35.647269280497945
21.399860150567996
125.69194676204063
130.1242209682027
161.07260926027618
106.35803560525086
55.325110258410405
124.43641257803638
171.93923962824712
170.72889891344772
76.87990491192664
107.26729486396523
51.95391451248146
78.15862129822116
113.39448192361557
125.40741052484958
162.04856377449536
66.66895633390081
63.27963590037112
35.55176599773287
30.506342991238
125.03095600457506
132.9035237633527
174.25779261987927
150.50864131042803
53.88740202892318
