122.67177682589156
159.51846033897132
157.72895414119003
87.80821913251624
112.37551185167155
45.65845772661593
62.76244078168731
121.5559274081305
51.394722392637796
160.88353960212737
63.12970512243248
36.166521574380695
40.71580517748911
15.22602237004842
133.61689809364
120.8250495038689
128.22047842923095
161.8740169757126
54.56153926156548
86.72286024931925
157.0842896461647
159.6662121460708
87.00217069939411
109.8788371453262
36.85266232612173
63.33696844354056
96.8324509268026
73.80999633949821
162.44956081563586
63.184056540702876
30.527914348454928
38.353538724931326
15.703998519866724
133.7144822180109
115.86010146710206
145.10802916433983
161.88475805985607
56.09301817356199
