139.44875579063213
154.80833903943238
135.85836640884992
61.35975259661337
109.3659500690069
19.598245425530216
70.10701253449345
103.25831189359751
87.7805605754305
162.48428719571115
56.56619988346679
24.00040816291932
19.08876316440171
29.385527306628155
126.31367273279936
131.74869017634003
169.68609071778437
141.6740812015696
56.248911353667545
130.64717388724722
172.0795393739245
159.03031306729727
88.84642008568312
110.46219303878325
41.36653262541569
72.64828980475794
125.81270496582557
42.35930488187095
159.78188638693155
62.69831927422146
43.18225951379639
41.41524835625677
22.003160616308417
125.98604129934563
134.8018350985042
140.2210060736153
156.5769140923486
56.55425978283585
