127.70474986699554
165.95769076151137
154.7780601339946
102.69683188126724
96.6013765047036
39.815236683769776
31.697047498164206
124.99532113037019
112.57860106024498
160.34613008020114
40.4771082954794
33.07766959462282
41.33643736119768
23.24579796621768
123.40529583895479
85.15542114909638
148.19456812985504
177.71162877954023
56.71343829527134
130.3060610017619
160.87348220654613
158.55714294268893
93.83102301888853
110.25510062823153
31.106397987555194
61.895407341665475
108.53140457663999
84.18797623384285
160.0225712946501
62.10628032882776
35.6959991717838
39.03422190196528
17.13559640976762
127.98450463194867
125.9846787517328
156.26105772292408
162.5638539485478
55.8608132523418
