137.80409854445517
157.86061511116156
157.03015859512686
69.69621670812614
59.603268512080554
66.25623824231259
62.346861545355736
115.17240645563793
117.62868187652653
163.12131836425658
51.981091295638954
51.01932092052845
26.660205544635364
25.90257725455752
131.47785802942443
132.57482802765264
177.00611544784863
130.64643218433972
43.484583140866086
141.1795507816901
146.33346512516823
154.21307116276935
99.06966403218406
73.66807146726084
38.79907367938186
71.64522610047464
79.77647047229979
108.04729439941424
156.71810477685557
51.55544366644849
10.861630123636566
32.26672810079696
23.551713378621074
133.4760020916022
137.2984092765229
161.71866905597565
109.17132980625094
44.28244633085692
