97.18054272320305
148.4697542981481
124.21119732094222
70.1927194847867
95.73023065035866
22.773878074624065
40.00816755310039
115.13201433751229
134.3969656321572
162.72025600126915
33.78497381431755
15.118557036764487
19.593430787367215
14.35534601019197
128.31123139157822
86.45882244653049
145.87819674713683
178.04471396145837
56.315031975446644
127.18188865594679
170.6419559528919
160.37282002177702
89.59555029236665
110.48670357680722
37.88741046367886
69.40965941280511
127.86472108899918
122.5139514981461
159.67730214036553
62.80321948464707
30.96674737141039
38.424504596613204
20.426304740095198
124.756139082905
130.51250758101932
141.40397630074295
109.6479798884535
56.65633244256612
