19.275749202654477
157.2542824118302
68.68160017332114
69.22274851839185
105.1645903433214
11.111139302197413
65.82138366886807
145.63623427336844
162.0100641441542
159.5230507315099
59.67734203903879
19.30978468976281
30.3454787818416
24.72168791860569
123.96129219599727
126.86324149345874
92.95808816270107
85.52850067568771
55.9959486937833
97.18054272320305
148.4697542981481
124.21119732094222
70.1927194847867
95.73023065035866
22.773878074624065
40.00816755310039
115.13201433751229
134.3969656321572
162.72025600126915
33.78497381431755
15.118557036764487
19.593430787367215
14.35534601019197
128.31123139157822
86.45882244653049
145.87819674713683
178.04471396145837
56.315031975446644
