133.7873351499707
166.77219837154107
159.07820812349107
96.05339819556168
110.16432983482662
49.75870788960057
61.81935873870558
121.316126098122
71.9515410822877
163.19260772800533
57.641776122885005
42.55503955185738
37.65291522734718
16.270733528856354
127.32116043025069
125.90146104446055
153.97272014612355
176.88353917841445
51.5861575241032
135.71275279730784
166.23782795158436
155.61708351351314
88.21873562401674
111.26567158295569
28.44268598627022
68.88460247748144
95.57981490982023
73.54529804411415
165.10915037357887
58.91061677877056
37.332929112277775
33.280564079453775
19.02650387604392
132.12522645327843
126.5835512263942
155.70515417741456
176.57730194540292
52.46309332198546
