132.04806996478973
164.60105088709523
160.27576794895592
96.8611248421323
106.46593874402247
47.78369917487536
26.60061454054419
121.55915153254134
73.1563979222974
162.58758702827672
37.15315504353127
24.093088854895804
39.11702572390504
18.33480676212869
133.4578253249204
94.8645422767227
147.52838397944913
165.48331279449573
49.96552854995002
134.65890936772323
153.23930362623497
149.01122251099332
88.08439720626612
110.33974280923077
35.61254003482832
70.26933086804446
98.13434186027992
85.8781008450467
164.61606547276503
71.94509339761852
40.79509590900568
38.67712356180622
28.846762879453063
135.08958678459612
136.41569743423253
148.22438089947627
158.30152467514745
51.7450319026804
