136.85036688719626
170.85402618560948
156.31024519989685
85.02563790802132
120.33981542942051
40.33686093993868
72.11890790208109
122.19596341055286
71.97104537133298
165.7738916415157
71.26804357259209
39.89451090793502
37.29281185930546
36.67552591267295
126.03077274728113
151.92375099259067
150.7715902199233
137.34514585443372
52.18764159976525
118.21502039205912
165.18266252332234
161.4004641755253
80.82309328019662
116.31533012923535
27.703448248932645
74.03221520009961
104.36855186698419
81.46561136432702
164.24557519727657
72.52319916421307
35.12234878450893
35.112245856897665
39.51660933102232
126.4882136436557
150.96116691973782
161.92053406269534
136.83549967389249
53.68837508778022
