138.29307354432643
162.60843233043042
160.9152783932679
97.01363945769577
108.12676263555169
55.426266093105305
62.17312334846681
126.17326400098092
138.5634255772312
161.06358407904122
57.74099815089107
37.516531967376
36.841646333202824
19.303460991258913
126.1153882774594
139.1574664690815
154.30099563730332
111.07688789582195
47.045006449946506
138.3149214228127
162.1622096176451
141.32305724149177
92.01079277929031
114.6908940096628
41.32806652180552
70.0525691411184
98.19220152778263
96.49439864249811
165.3694148979243
63.55652241839351
36.705006901919965
35.99792094529879
23.606065474487465
135.90423972198857
129.31868160466755
155.47225672676245
158.78628589056592
51.16626197584085
