149.42957247567196
162.93374048779071
136.9589239257405
94.18506363057925
113.73424138719159
42.673281877598505
67.414751721888
95.83704157554773
104.73048143579338
160.84184395125027
74.40872501665635
38.21370476852632
37.42186426287129
34.993534200213986
132.00005848664736
146.05518169476275
161.35169326635472
144.74467977944207
52.773615243073884
82.11099944784361
178.6782322115037
149.22295355166668
81.13502385020166
85.71615392541587
60.82209244388499
81.50089277979586
99.26585689152279
90.45922950904043
168.81462407493055
64.76685139311103
47.02969671804196
35.444313158963375
26.800330459325668
135.03257229756647
127.17576255063987
166.3077868894191
165.4997619753793
53.615653613627195
