134.2281465538729
131.27750670232302
153.90637327795739
71.90156132052499
110.63605587672237
42.02346408383788
62.32797174226381
92.4437072246341
109.03729748339386
159.201466995545
61.96547239394556
33.92220504584545
20.911531886300487
37.942677140812854
134.75689118258188
144.5610223108081
169.23955420740336
144.68505584111543
46.458353887325494
127.7457042236033
166.2678748926751
157.85416119170173
93.6026621198891
113.81221632334034
51.711711990872615
67.52772855414463
113.67087266622114
96.13064642970738
159.34409297728834
69.16247458788517
42.58349920710336
35.348255825721196
34.02965483448931
125.66251960766571
145.7743871622403
155.3845464697138
144.73110777975626
51.694637771551356
