148.81976560759648
174.95682120904988
169.11638824611327
89.43925517061658
101.24881270412182
36.77196621048699
49.71714524490315
65.82865552123877
133.84374020490753
161.61062237875862
49.75322493358376
14.879926640002965
28.85268037978639
39.01001774453606
121.52367198375565
94.51851831759384
176.24859128540493
112.47115762288672
49.59875900441343
135.84723180688198
128.8648438452954
168.98725822886536
81.6644264626633
116.2103229816669
34.013669123746
52.24347097199869
86.87552781517039
138.57122425888653
162.46629756840917
50.854504684172035
15.008994458636627
28.711779268436302
38.07236179543379
122.32442558602375
94.31513685334357
175.80634625320735
108.75082327164237
49.526050440996116
