136.96260259442226
173.1346775872422
162.42246545426784
90.20508538454236
74.61780228811205
12.874363539910393
33.09594740713502
99.61147789555709
117.17835139378236
162.30593009596677
30.32075828697024
5.167497427869747
23.429652994693576
18.624236227158637
124.44075393239271
98.71848247804606
165.48747160202788
178.6402398710956
49.260290449424915
91.7788219630209
171.04959355838818
162.83032192576468
81.53822210623765
81.91185393448794
26.704006717052057
34.08009041174738
94.46879243062442
116.40698259269494
162.16791057638991
32.50758354586801
12.698330667937162
23.878307987450825
17.41353851123975
126.75892165692788
97.56263796264108
155.0668408941277
178.67039014532654
49.52681640507104
