84.80694962928855
166.134514902199
144.73156146232571
86.57712575923888
127.57914507993004
37.42628105889096
72.7627207366776
82.77745009128857
91.77998697499847
103.4436589169976
53.54348403982279
34.18198199012597
27.226936743311004
23.08508133451188
124.17222648687388
135.35220425991653
160.40398301091412
135.5317810047402
60.096068271476426
125.400223414718
172.38066644393248
150.83175632985734
72.72777953278283
93.89205436847709
39.32682605090426
76.0503619595076
103.6268109450489
106.80984775985779
111.62797698037262
52.82277493683911
48.65029240874832
24.654956222105895
28.612278085962547
132.13458618666291
134.99959836774653
168.7722533040538
128.83728707467998
58.713345183065954
