117.7656033055053
158.95744197170876
157.64283312884336
102.55364852716477
108.91138196581777
55.68136452085446
71.33979749573044
122.027141402685
130.43502726904674
154.2684269709943
63.92077698580176
37.335147111207476
38.224291224191575
23.511597942473383
127.21788501688626
140.01327355900335
141.95967317575838
126.33685373259658
48.48183371998439
116.30230091398214
162.6796418797673
149.9622634399189
97.98418556498112
110.34671857966872
40.62085834960131
70.33955725284407
98.09460568626774
117.86027667039494
155.30300609682604
57.69170702602457
22.970269753670596
32.23273889427492
22.125180951316988
129.56790647772755
139.87727145063937
162.08649399473757
127.34159281543603
48.70707217709214
