143.03666434647246
154.1286694086544
150.12420368126212
91.58884879064527
75.92616628840558
34.60347062522753
70.79292412660811
84.58810337203771
134.29327557366497
155.4397107943155
61.15747602493842
17.06988997458977
35.469678286359525
24.259446180323796
134.6511970610299
131.43778250989217
157.29332467690108
110.98023564872916
48.44558699101618
118.16248631147934
160.22376173806992
163.6592443868756
102.41024172715576
109.83585329145646
53.264087772903274
70.92448306832308
99.74889286835237
122.38650318502135
155.9976574120247
67.9710305331985
34.43309702189815
37.92239156103099
24.52733896135839
135.64559012202523
130.47335573944247
145.84264750121517
136.86970490458376
51.622985353035695
