115.35002750409451
164.3951868018147
163.83425539519766
94.16803171188108
110.8406290094272
32.91145785568623
41.45475171363308
91.33671946730085
63.710676910839574
154.97365329280152
33.57966965369875
39.09231423228642
30.729804346875376
9.531951240851157
129.49048783623377
101.99438578117854
162.12234812839097
125.1203898491602
53.34361296028407
130.6028249278363
175.7594056785831
175.0450128671995
85.79402048954832
69.7123092196991
53.00308528574322
81.71213633585288
87.88437043191817
106.5819191066226
160.38585953374098
64.41033955932882
47.32223821587332
31.44951834052265
32.01606775659092
129.46601121840578
137.98748991915048
161.1678032063721
158.67378324409992
55.32128200654393
