137.10715138510923
162.69196274622104
151.3839646787119
99.92026453140326
93.00943757402776
45.20572727408783
79.73470093056808
91.88557573614719
78.82664891982049
154.63391908035405
65.46345221822409
34.748206360370745
39.12800605679697
19.34063089108991
125.52838390151405
125.2868141194107
137.41364142836588
149.26547783771025
59.52836000734896
143.75983650068832
170.76730211027598
170.73501857945027
73.70348028737997
96.59749986316469
59.281628851014595
85.1919584252811
96.60849775738896
117.12189683811641
157.74762692958643
64.6969115158423
53.737511673152234
28.644684140202276
36.987104229733866
127.01717772509555
139.64349987998816
168.11881714805986
145.526667423227
51.291524633324414
