135.15551593287137
166.19693782379954
166.80582275447048
98.08331868637721
114.35120993721195
55.2485652383159
21.343296700559723
122.17454044426188
73.10508485775249
157.83479202019174
29.168663681409082
33.22131585790177
39.911739740578305
24.056921497811558
124.89746688834305
87.98700171628745
143.9322669958268
157.74091508003627
53.652280057407246
90.31216022066639
166.9159591688977
159.38229256971078
96.21797688504581
102.89679788869297
31.132405331113773
73.54002437143531
98.92187120112179
85.12304842472436
158.00604945982334
60.634313243982945
40.756175991694526
32.40739431581438
23.577864693952908
128.35200157808362
134.40141939980822
154.25582343628585
170.35739290878905
53.19839398008846
