68.54316214436653
162.47177139108385
113.56433626361238
70.16594831766601
142.19801742938841
15.408761469047825
75.02203626333156
78.21059660883806
91.33076659187502
162.14064757759132
60.956333104588026
37.46980303631838
23.006503793384937
43.30839831560224
130.49186451811335
138.00952612849267
164.02728578673714
150.0962358130822
51.188104719235774
137.22572413324718
155.64877440187783
152.3528601097642
71.7171503827135
78.80745621883149
49.10056493590764
82.13493156130885
101.82154016177229
107.55326851576598
158.70132343114386
64.20907314829759
50.576442260690854
24.77046241469264
41.56997514156651
130.6768586564077
139.08288672899434
159.61888703486235
163.28327300641902
50.96985027012043
