137.05941411817903
164.46611169012644
160.77319180227533
94.46918327238014
116.18093728646296
48.499584584736866
30.291865907645864
108.11110683268994
68.29886074456485
160.90117213144083
36.75880835639616
25.685998129606546
37.861754672728075
16.124405736014033
131.72162155361215
87.14428923463352
138.77069387163192
167.47308745018194
57.99187562294033
122.38836773396245
162.85281244509721
151.66978611450156
96.83420715836472
111.05380733218233
40.40684629761983
77.21508039778527
92.41529032457237
49.371915873111526
160.44455342827837
62.66859241736671
24.666251289580376
34.25163719005277
22.85983777384924
129.36750398740875
126.30388107792227
153.1434684683614
143.73169885502392
57.452630978525285
