122.38836773396245
162.85281244509721
151.66978611450156
96.83420715836472
111.05380733218233
40.40684629761983
77.21508039778527
92.41529032457237
49.371915873111526
160.44455342827837
62.66859241736671
24.666251289580376
34.25163719005277
22.85983777384924
129.36750398740875
126.30388107792227
153.1434684683614
143.73169885502392
57.452630978525285
68.2557835844313
176.8740951136598
173.98922326916156
84.55542634859528
69.12648841996277
50.87520592558124
87.05290053463837
78.98128029252351
108.8164651238129
163.42869601800405
67.87341705804994
48.32510529837473
30.892857398101334
34.2101740625114
127.12559972691237
132.68285314215527
161.60741474086657
147.40197438821957
57.292131401969826
