135.92968838758173
150.93807424746055
156.98576354905722
93.12777853860264
97.30308567512749
26.362786842458753
84.90164185502027
77.19044734072679
87.69702120931898
166.28897973418165
68.93455673302354
44.026674788334475
38.593130997669356
26.56949479125836
131.88977335190685
125.81590442566038
151.6887482859531
158.1945790446258
56.61608646864522
123.5813369042093
166.72266833580665
172.1936411286821
90.71277387289764
110.86891671290114
66.37048852404294
70.49676422865842
81.64951577703904
63.75638889501017
165.57627900795248
56.1871475282555
24.776271624126604
33.71527276625654
22.21327196262938
127.89276924047226
145.61220501969305
154.94980285327387
119.44977617357806
40.52283562133787
