146.29405380344838
162.65592841622316
170.92208169705054
91.76036736925445
79.84552805466073
20.81701093908027
82.87930043897921
65.8319379315198
101.38048926589912
149.09666388655168
60.263271276881774
38.48469880166305
30.677559008025778
26.011036509567646
125.93589244022692
134.34125527160717
161.08022141117777
160.06219413667154
52.45388866161744
130.12960677040408
163.48855566190127
171.23050062379914
102.16415741035564
115.57399380536688
61.48308594566691
53.96967731297902
116.8097709394365
46.353624246618836
159.5204015366916
61.84326481467982
46.53607440272101
52.06365612522916
9.909489588108618
146.0622337630731
111.51244476452867
131.8346939375102
177.313478208367
52.81459668789914
