134.78856682298277
172.16992839788682
157.87508850553354
80.25166533169268
78.73846393404686
56.2043667272216
80.16193538631872
87.67142339122924
111.52584266663695
154.8934668227451
67.06221290714444
50.136314610361325
27.499863927360327
38.25177230720386
131.2814845772719
124.77136498426471
152.76392942902297
159.37176201859577
57.97878526132464
145.4371337616534
152.4460971125991
154.59635570834817
92.55361470297711
82.18936773120802
33.07782148470555
76.74796476159294
82.1146099202085
100.45485096114966
156.46369289730129
58.8652018179929
43.81711922680763
31.65307306036835
22.13303475873871
126.1439196959442
123.32003296312739
159.6373310600376
144.64401079858052
57.873809493716585
