79.5079813049292
164.0229198814786
153.85215324819296
95.14741140807968
99.08747917841048
31.12795629193513
72.19225573502798
94.75535151755514
85.92718030884033
163.28182112460328
60.50074806479975
29.816377664837663
28.270553176295913
22.327363058868478
124.11798386808569
122.5679590343829
158.95216560385234
149.1469559590473
58.151643535991084
77.53674941384611
131.98788826481012
158.98846417636423
88.48349564359287
59.41278231450442
29.46151223059153
82.54333439588862
74.59635803626026
112.08831381108148
166.09955305971403
69.39363250491968
46.31229334898255
35.51412201946953
28.300158239880226
131.440677122232
124.10067258535312
151.5068461734922
150.9683446903325
58.33467115997885
