137.99702153451662
135.92280747887418
146.8870376792847
77.12515441090481
89.92638849633656
41.834179628515194
69.20649467505909
75.82434665470757
100.40090714266144
154.77512367140892
58.86315414435519
34.156481093190536
20.590431583658546
37.583953505306305
130.2057584502347
122.14819169176756
169.67377923771494
163.87451632884836
56.21916991284802
134.78856682298277
172.16992839788682
157.87508850553354
80.25166533169268
78.73846393404686
56.2043667272216
80.16193538631872
87.67142339122924
111.52584266663695
154.8934668227451
67.06221290714444
50.136314610361325
27.499863927360327
38.25177230720386
131.2814845772719
124.77136498426471
152.76392942902297
159.37176201859577
57.97878526132464
