54.81724078451321
159.32004250193106
123.36047568037797
92.77026369807277
80.48005476509701
24.49383497040772
83.0589452548847
85.63346429840273
103.91973523755735
167.41740314070552
67.97610502583436
43.498441242872126
36.12754278676665
28.243384047903554
132.1559001782838
130.23638413159836
152.14084635058325
149.23054160937969
54.119071233871644
94.04480846953514
168.3267315816381
150.67500777807635
96.91306908316888
71.25934692911964
49.9538622266554
81.8441598707509
75.1816626652939
91.00621749845908
167.23814706100407
66.10976152302833
40.94141040937479
35.09038138889757
25.526006876364715
130.33203747166496
124.96329916491474
153.38071305240163
154.04983222714174
56.315880830095224
