116.00424382577198
171.1297638200256
176.2449209942567
89.75625207541188
80.09440074862263
47.64728241434143
79.78592712974631
94.64650918135332
110.78127766584528
149.6305095331445
63.213079526107585
49.63747674337316
37.542194546752214
25.559322013057223
131.3059283627534
132.43477683320174
153.26819640150504
130.19897488123618
56.0800509428937
127.7878858790123
154.4839841700028
155.31166102765715
101.2849877044171
93.03764063743293
36.08140614453247
74.3649705457871
82.49028964696342
87.11150272496067
156.72019827858105
58.65203684925439
33.45898176545399
34.13173671974475
18.599858242728562
123.89272551070634
133.72541377572736
142.5138474295189
162.12643754276098
54.83771130666366
