99.21611220638162
133.86641826427058
138.5357741408786
122.71388252390268
78.19334257020628
28.65693147099762
19.719688737616373
129.64200296054594
74.60175990960019
163.20407463908396
11.466068739289137
5.3445471691945805
45.078285478476296
24.30346326231763
58.691355815106625
125.92829863724343
115.47511404779922
164.6315914200902
55.78314875579233
99.06300745089803
142.9082092164859
158.5897768274166
118.53936361893048
94.98790825397744
55.16486198571336
14.439662884214489
85.79995469301629
148.77995897583665
156.6660992581882
13.225623234412902
34.579254639720666
34.310429062884445
40.079024780818905
82.71057942390019
117.79790450066376
92.4366145112463
99.36085857267489
55.58594231933189
