119.0959353212586
173.25646834062678
176.9674231139097
88.20751661550135
79.77367533517503
36.87997855988085
79.80800473701218
96.21278994146776
110.43120584046804
156.0869715144356
65.82034387270443
47.77274993510367
35.510070082699265
27.026727290729482
127.47366769014218
121.72361453532211
156.60732420863175
135.8192811932743
61.37471720910418
115.70537269448855
145.1469259392157
148.21920354372497
94.63302293172949
76.3680532094915
34.26570005951308
82.04425459775409
79.92359072303726
88.70445688186871
157.9396667392882
62.63408003194626
40.39620568543671
31.59223698800325
25.229591259646288
124.37796145774587
121.79756289882589
157.73979564744351
152.9654350149799
60.09352113492111
