115.44522546389588
159.2660265215612
146.76436574884332
99.89870626298351
68.9860965804503
27.805610179033728
61.3189622384904
83.72641578857242
98.28519494226134
156.3776307511471
52.146064704612975
42.774244642771095
37.57812442044808
7.26618185498596
133.03588010420944
114.34150932342685
153.5632506450825
143.66345284993736
53.15244085968374
129.15765647116785
164.4101538971018
164.81883983080232
96.80722932775605
117.99444375231757
53.1444121723246
58.69661082710638
104.89081744444844
94.10543130385038
160.63175912469205
56.871570086620345
25.549502265450514
37.40901178238756
12.97020005243113
135.76123778521423
113.46426474270034
144.26429294457975
157.2433595210432
53.66113715038608
