123.34892880449232
111.24533493743533
169.32447879317465
64.52955694876015
88.90325668332841
21.028249457544252
76.99253557868845
102.71255127018729
137.19662838905379
157.37651836146458
64.07281869002762
51.60258062597698
35.12978705011577
30.791974772807546
134.00249289239417
146.4712127088089
155.85755891931956
123.29671293597167
47.51144967317999
135.93284494145723
151.48765029469413
151.2163275238709
91.77876537106381
73.27636378568968
32.976644306580816
79.18981283514685
83.55764336372532
86.87684733938536
162.39434153680688
63.22225158193015
42.69094152630125
33.97753843692508
24.55573764429176
128.00968511541132
129.68932070215774
154.67646122643774
172.58847828177707
54.202218148310706
