73.8750206985555
136.20399078003913
142.07251943878845
74.96829569338398
86.10354307959345
25.459963500517777
72.90681762332403
86.88983959717369
108.0664388120362
148.63552751630272
60.41365524427818
34.451927311685644
29.90021154647931
29.301472346053053
134.80003913807315
145.7738539390493
156.86542240879524
145.68835718256364
47.56176427706343
123.34892880449232
111.24533493743533
169.32447879317465
64.52955694876015
88.90325668332841
21.028249457544252
76.99253557868845
102.71255127018729
137.19662838905379
157.37651836146458
64.07281869002762
51.60258062597698
35.12978705011577
30.791974772807546
134.00249289239417
146.4712127088089
155.85755891931956
123.29671293597167
47.51144967317999
