138.81870015943653
164.51708143656256
171.4208236459122
96.27857034664979
125.92431594536565
59.42498660004616
70.0683853970828
115.84654316062645
69.2724780450741
160.56307122868068
70.24568806675201
39.6486341601611
41.852892521083355
23.222631513758547
137.42220112758844
136.1618884059213
126.77417400004457
144.1105888331604
54.07496673120333
123.79162308239066
159.4269563137693
138.77078396690092
98.5446541364509
102.50801437399514
35.83851296310082
73.13036533051718
102.98677937558915
106.36190478899394
157.07511410276143
61.56433902832417
46.69316268886184
31.541882251703598
24.625903597970535
128.3316327107028
136.39315282534852
156.40287533619778
162.11653746179644
54.38644940535343
