127.04427633500003
165.65759972724018
163.4350635833663
94.26769477692633
115.6231352701212
52.92519610778799
43.59304906482148
104.12420228503429
100.29858678169295
159.14161992001226
41.27869088157649
20.420018033362357
32.85349682258558
10.741466446679906
126.94102009959592
104.86626187805145
153.57640778756897
163.81654751424605
52.90647007771197
143.14548785618945
171.92240219708182
161.75010243350826
89.24603861341936
110.59969827310242
33.30833517050259
37.22506442062844
94.90627518082502
97.33635997551566
161.4177251825409
38.33423559702648
13.333276554695038
36.17846263803679
14.297634343877853
134.76471971108236
104.87555179649732
155.01063271500058
174.45605153874337
48.571439494602174
