139.43156405112865
173.51030544671835
167.5495468248613
92.43911722282637
113.84334659581285
53.59464303856818
57.78679675302283
102.49559487333637
110.63358170502178
168.60286784361094
63.590029925900375
44.61471498399076
35.044366924772554
18.765380842867792
129.3316261807881
123.17203139691935
143.38069789834915
178.26012503139268
49.618263684764344
85.40202741524351
162.69473318551758
157.18624877322864
92.82802481399546
102.98596840560974
34.35061757090019
61.58402690060902
93.12014373291028
101.37932905099146
166.83732463403453
60.784583456274945
42.89749116578533
36.949249010291105
18.24986129656937
130.3011119645428
134.77963213837063
159.87564075485417
178.40153716276933
46.48293810905517
