124.13306918709505
153.66234844264318
133.57282714280626
95.85174871863481
72.63875060280819
42.36996775151158
79.35477091406119
82.79022239433304
87.61400111743828
166.65590491347473
67.22317139291702
44.13758556703823
34.18131752010415
30.36101129487154
127.40753487564027
132.83035656404354
158.0837991478788
157.75461052331767
52.85190184213988
118.76285574976062
167.4126970185499
175.72749304171376
90.85809439854143
112.51181951764181
63.732957696904904
67.79304816118885
88.3018524743824
98.95811543453055
164.00812256381764
61.40435462308262
42.14095950186609
36.874798667882054
23.63898249003078
131.54680088892167
153.95259653867026
150.22894053915473
168.4837330903849
41.96340990937192
