132.21937145334516
165.22904503318875
165.09027667343852
100.10783375377744
110.85857392869069
56.86552474373857
69.13605232031095
96.97058039090479
71.07785341697054
163.78742457208688
69.49543778956028
33.76875861820719
40.14416793090032
21.104114162260572
133.61175149757932
124.09634421361831
143.5401839836444
149.53114948221912
56.42067468666441
131.66815696288702
163.2408019109333
156.42610528553564
98.46000965019365
100.44192340996672
33.872976932350994
67.55854857055503
97.4802278742426
90.65888544857609
165.21164320676112
61.50255530596507
42.296195691520765
32.960206190315816
19.094060222407663
127.24581297341037
124.92572191204987
156.42965423469204
173.47967432664137
53.66681063027503
