143.31505850157615
171.35294350889885
174.12994291928757
85.7818731226843
75.26670317345312
49.89353842105693
43.09329227079836
94.64870095190935
126.78208360671182
158.93836192353874
33.09000277209993
47.36026927579838
28.01211833605653
12.077532534421408
129.3803341492417
79.1165577961603
164.1704900628173
93.46688126561577
55.368150554770054
136.0295422858104
151.22561290054185
160.43531514384523
102.35124168114712
72.58468700102988
16.922732623287082
42.42895454070398
75.99290546916333
101.56093448725628
159.68378534204416
36.837985012450744
24.873543116184724
34.761335487508745
17.144108857765588
128.07765243942848
81.36576598006543
160.42945907187973
149.48562091255855
57.241338475218164
