88.63214095023801
139.4306155070213
146.7219237917764
86.81533942562842
75.87866851875647
37.14443678429003
76.25212472298922
85.91776079480091
107.03385727086989
165.36389758575598
75.35418562865978
50.02216661190392
33.06067759198981
34.809740320706474
129.21358283601808
127.87333494150664
156.93666169612175
155.16860447915914
58.48016948026197
107.15708373885569
148.54642284674452
148.09489853816922
97.57952980344841
99.07149971188285
39.05456962885256
78.14677821789392
88.87090734789254
83.42854774725996
166.14678492063038
69.25815619180423
44.08104343552839
35.59321812450528
25.159829461340344
125.7199019917739
121.29234013127959
151.51858700584597
161.66693565141264
58.419826808271694
