115.88641838741286
137.87972097806863
148.81308136069336
87.47410634005877
77.278643676428
33.618853054920834
75.85528145911113
94.84541647623361
91.29232309637275
156.48987362593115
60.3022279867518
43.18589435294
34.24352478575098
28.631714170537176
130.98456713108814
132.1599676446698
151.62630626062534
144.78177584051983
53.12578526982507
132.66346011523612
165.46293593045837
165.5326731083952
101.67041037958101
112.6666886260867
58.22826363557539
72.13444817100729
100.97057730821157
146.67087899014206
163.91061504060272
72.20285784968641
32.33835361010407
40.843198200527056
25.81448588989127
136.82882348038208
130.77340395677422
144.0730075376061
131.66704650118115
54.88590726085872
