47.91777496751163
108.36103492819097
108.16693198506367
82.60430449555024
129.16995394442813
59.58773350916424
69.4244903644117
106.75457414618116
116.53697958889384
163.78435873695108
64.0844534648578
44.928954032728576
32.91012126698264
29.628616573191632
133.73043271133633
139.65177835373467
152.76501456007614
158.81715700930548
44.11415999869737
144.50890831248336
125.49644015704793
170.823687621426
76.55451147352646
89.73356116628413
26.046934131364228
72.66995883010527
91.12821303643176
120.97102352701673
167.8871009466681
60.81923531006585
46.59311512548435
27.414901263655697
30.444385959067958
126.0771933380665
142.96471646664017
160.93681856535594
151.28417917329884
45.23344621703408
