75.065630262823
145.69324622574166
164.7612192347505
81.4370188836291
73.13891063486894
36.955599088021664
79.13023523771037
90.21603611125147
110.92786596178146
165.3092195912355
69.39924517634246
48.04426644877904
32.786804445358996
31.26169931912906
127.47722780793825
131.4661550385363
156.14691132099907
149.9052201367953
55.92544840870154
114.39044141730199
149.47567166037504
143.81096311472018
94.92098020584568
69.73596764783971
35.188217004630054
74.59450601965725
84.45205723357594
88.27019721514701
165.79477074602733
64.14736174225348
42.00650387934611
34.51347457852835
22.68015204609153
127.56877611550378
125.26945103138895
153.48099936911322
172.61828722411468
54.84058954595676
