90.79067580806482
170.51546333774365
141.4553391887504
87.57234291845421
70.25383248081363
59.068980191478424
83.55155168827403
88.0898768682463
106.81315591933331
164.4005246922005
79.33596355672053
59.756207457723306
36.483483737805564
42.351291337676685
131.34788317214134
137.99786395510935
150.27400339290085
150.57618823698834
58.451649008545196
117.86294690368908
141.3564969490552
153.70438229294083
96.73008240412622
98.67794303795533
36.63014812838642
79.731698609063
85.77164233120907
103.98444284165099
165.3280025960913
70.39565578155344
53.177110893906
34.395784558531346
31.803062825060497
128.24339356463014
133.87448977233544
161.69233192725721
166.43539762000415
55.14145101291469
