75.63234814318552
142.70304508084612
163.2218959740399
81.86446935913763
66.06009043011413
33.2537121869398
81.08905567366241
93.79643578052882
117.19063194600756
163.35132766932443
72.95656496040816
53.685959341316995
35.74673595775352
36.84885924760572
131.95742914441968
140.83881410093645
155.58708382548775
141.06186835470982
53.86712953036134
116.74635546075937
142.3556518465162
139.83759234166394
94.91814528399173
67.91099402891537
37.25260337613331
74.09701058892962
84.4961007985082
114.68638954560153
164.49192649687495
65.70735765786897
44.17381753946039
37.747265766012895
29.22792764440026
129.34128576369244
138.7192436461296
156.89617599156725
157.6541580342151
49.14796117944585
