116.40340113810409
166.0448036032001
173.55436957732294
89.48423620364588
70.37927397987802
42.41149705379996
71.42608917275113
106.19217335424293
108.60234590280102
154.27379595383988
57.73791765454833
57.575316678987484
42.129662613607394
23.02773580515325
131.17818062018355
143.78812154271205
177.04524009739603
127.3286653532101
47.90214008888692
130.4361059558498
153.22870974962652
151.33893399565255
96.58961454298941
91.09712394566203
33.8093866814138
72.8113130008101
77.48064957786276
84.26374003621413
157.0896048633421
54.69786918871974
40.13838551060279
31.4537894793657
22.46806915464654
126.26669218124707
143.5700374897367
168.22151189728106
155.02575379033146
48.11940832949495
