148.04576216991273
151.19200993999286
150.29615063211344
89.72060113558187
87.04040440323128
32.40046236622138
67.3991408236737
80.79041646685734
104.21731800246741
121.97333058062041
59.068149172939826
46.2421227293217
36.13194996186323
21.250191143664047
133.11696095199494
131.5248250808717
159.3186269258303
143.5295893536578
85.71104120161968
128.55184683526113
163.17986594603087
160.2831624962131
98.6498493049412
115.57510900616583
53.12321133678176
72.72678675416468
101.76703936850177
67.15920155973485
124.28359603596981
67.89109209521186
35.19820558618895
38.62944269328895
24.71654553357054
137.28123531716108
130.89879896647815
143.9111051842584
149.6798094192453
90.86096668489675
