110.88029487725764
157.55779522861343
162.98909085450126
97.171194124897
92.1284560419316
30.348990689681614
85.15261958236871
82.57147275171106
105.37295619260996
159.22569953490435
97.45367080965751
46.23311982316748
34.661684752518376
60.72004169565429
117.62870888681337
140.11922815522436
143.01198177035906
109.94704035525741
72.91766612628429
142.89280145925895
157.6972926840056
140.90020561495686
76.24283595638366
102.04983794066536
48.73792283542832
81.47681938754758
99.06888901692744
114.53501891070395
161.85811773670792
70.87798403697458
57.43969158854737
29.435715033649444
44.960647696790176
130.5187814288984
141.86936966832857
165.90166075777975
149.31527352232237
49.524430698227846
