142.24608343745479
167.1305252298307
170.8683989094134
95.10235184268745
121.35063464998844
58.141122580170304
71.63844708583521
113.21127527577414
88.2705078084221
158.0610939750228
70.01728541955488
49.110045957173995
37.13983627245554
28.670430244696767
130.73738912840867
140.30595482828778
143.05769538934322
167.10673487245813
53.84452742236321
128.15435912017278
164.9830529239219
150.7540900814731
99.92472424317783
99.06436127777548
35.35146961945468
69.80544239143377
96.46901339565005
93.57925723023709
162.43110331401382
67.22740308913029
43.414189926005655
32.81142053883082
28.630812483125
127.7551268006561
140.5646143007906
152.37120849982878
167.12627027711372
51.74593363542184
