82.60018863951359
170.6298016579523
150.42198738519448
84.15904127424929
69.86565710151768
51.256831427099186
81.16493993848567
88.00873975201337
111.34392588827248
165.286531419705
67.05271463807043
47.46168998760004
31.727495933404658
32.11014615642205
127.4957189981279
137.7438972151137
155.58483400614793
147.32167567107314
53.78541200288124
108.22817215844687
150.3385404713149
156.2759157116189
95.06223639906497
72.81874702670137
24.257213653674263
75.78972982551839
85.94845511543238
89.15674719655146
164.26795117473804
66.24692325157704
43.686449480996146
35.05887402806222
24.108406935297474
124.84369930929911
128.26855565813185
155.07803597375676
160.58689769691264
54.97714775252135
