117.78336924494901
146.50975830554933
157.1105686695842
95.32497571526248
96.62719867451331
32.84652146680886
75.74256059817607
88.36744206564649
107.10667792030642
159.9343390268518
69.75633652144901
48.65208411731664
35.58975635576856
27.317622010821594
127.58958927195587
127.01743460761278
155.2603899877309
160.10872223659914
57.10828847075175
126.23205755348908
174.5532151284649
172.85168174681885
85.86047033031976
121.2006868217133
61.33786479437184
64.61241188098356
88.0186058831641
90.74578885613793
162.3150225123268
64.60818459836388
56.89968127626336
39.90743706148964
19.950472809682395
131.92467302011184
135.00752095733355
166.13995580657482
174.1323358628065
46.734646646875476
