102.33803363019689
146.85851576325535
143.96847091892178
95.6401919320627
95.57086626127428
38.496582374360045
74.3956471915037
82.6901455414601
88.95254704806649
169.54712684975962
65.52098324917125
42.929342177381585
34.84403154169983
24.541799994745027
126.99936363931451
125.88026437787448
155.57040347065424
161.5104971917746
53.66305230998578
122.81244577702589
173.4754321001339
170.510679054695
87.85858795998068
118.18587048023646
61.747482114750575
63.99607920159438
88.15946041997627
110.891818649294
171.00410999860742
59.72828735336391
42.68159721184058
35.09245595154698
20.07814657767129
129.31243408657235
140.45957892424892
154.85381301551195
178.54437446643547
43.7907776722486
