116.21791380215313
169.12395214987453
164.1221684919126
95.57223870628503
85.97090557290434
15.60504984522469
78.4421604172163
87.40509660716947
96.76627691050616
170.52766327721392
74.46100891677474
42.0034137089904
26.608653392573135
34.06598276870912
109.12225588549455
122.14611546385056
166.05837955102498
136.9606755507914
67.25078467350822
45.019105978376835
154.31989173127567
164.09895961117127
99.10921331846299
106.10876401293866
40.52635668962981
70.88564623600878
92.55106868018616
142.0573213771653
154.9131790028798
59.31394041877834
23.33908465390395
31.042895739750247
22.171667925189904
123.69559866965308
135.56358438318702
154.71185232841847
129.52203201594804
49.85293625002626
