100.44202693899562
152.22308613323344
155.33588494082127
100.96331432006671
92.98854402769891
34.23873620043852
82.05840508235505
121.90317955210351
109.82250561979491
156.67228806759428
96.48243344486217
66.44809372667225
77.76962235763634
33.226366161275266
162.01557712259896
137.63442235984155
78.42027799573468
160.0707364164388
55.03473599621203
137.9681509927696
158.25275066657602
166.52804578639834
97.64964979560584
113.21237913214655
44.780519990500174
77.15492909858811
108.8550828954828
80.87616678381238
159.64497474928402
93.66152036788282
85.48558054035098
72.62408903313141
28.771222603425407
156.9008463366248
131.034043934971
160.31627923551127
164.37550795619288
57.67605771015712
