62.427098751537
141.31118613425352
132.83577583004796
101.23609878206366
89.7628716727398
17.496902085923413
79.15508283273503
96.87715903235048
105.49542909139753
156.9492449223344
74.29175895079794
53.00498677740446
38.517963324057696
30.91590844595373
130.92567115554036
130.91615387378647
152.5104670505552
148.4759064869373
59.6779849020061
87.20081522972393
158.60864199058213
150.32953479188058
101.33554680178452
99.09078047448997
38.42304148830569
76.69922333946624
90.0866348091223
106.3422532581186
157.1091155219039
75.32762099343793
51.5800231734391
41.34151777609977
27.462059463438553
132.15576425337775
126.25029809266418
148.83030027983483
160.52677194304937
60.24498325547891
