110.43948692252341
159.9380012243529
171.71214509767586
98.60786478872822
115.79302286585671
46.53957939244639
71.88830039558103
97.76530116737972
128.9748065395489
151.9058463811618
60.50350533494207
15.877076024175608
28.721406653520194
28.16632611592563
126.31865014847281
145.0352771784732
151.7159585654199
107.49534850471683
50.9864242330804
118.69443930777179
160.88264593989436
168.7029023460527
93.16977289828391
113.981447960079
34.64503738248314
71.34733125356242
88.03608969737556
175.7315980911929
151.90349165007947
59.304241699309536
22.58340145866431
31.16742630490037
25.33904698931144
130.70827478128012
145.7002615463178
157.90360126684666
126.6650421744939
48.872472757963735
