71.12015506750934
175.15424771692153
130.29085412036642
93.57480084568284
89.11072837507027
4.829305175744268
83.02607137737775
91.91610178492301
97.22537850537296
159.39858134616682
68.16997821011621
54.24625072639272
38.69208132589909
35.79996390410847
128.6231577308779
158.46410333434926
164.06566116117614
159.6700607927561
45.25550037946525
122.310236609625
158.43723447634744
145.23469115233294
96.30050462557158
86.0882242447277
0.7820572973517601
81.23424833850822
84.764116278684
96.88549333949726
159.25906730600659
66.12239895664702
51.920105832808524
38.15269383722552
32.79821993203798
128.66898544965085
155.760994334601
167.80859296853143
166.1045564955794
44.239852430057624
