110.77265815072346
160.48903578129216
166.2341108747719
98.2199737081986
104.7861189940278
39.92605674884402
78.4317986605762
107.2163029794119
82.01036789659234
164.30181889566995
74.51363903472807
37.17874758872097
29.96830096119372
38.945200808063646
118.93493150349106
134.898657831973
137.09089153835416
134.38487339761426
62.15626237642062
129.76885157804273
160.98590519986325
153.74754581767195
93.43673500895507
117.3225595467624
35.22378893086426
73.40205195389184
103.04397772601519
86.40455128077112
160.69891589540563
62.04251729463038
44.46016784534373
35.39262797723004
31.227296884724087
126.6609391531674
151.75222234717222
159.97686847734084
161.4183339862667
46.217534139065954
