98.32135540694837
154.66652406463953
173.57304676514883
99.14851892591817
96.5392066571838
32.87187043724749
80.12144587992049
85.18613931740104
80.75954312483664
167.64955672826258
71.99157278328374
39.264642640965924
26.058802876775637
32.9549452352217
108.97705941087567
121.93656141928506
157.806980465167
143.01215640255666
67.06351295916977
110.43948692252341
159.9380012243529
171.71214509767586
98.60786478872822
115.79302286585671
46.53957939244639
71.88830039558103
97.76530116737972
128.9748065395489
151.9058463811618
60.50350533494207
15.877076024175608
28.721406653520194
28.16632611592563
126.31865014847281
145.0352771784732
151.7159585654199
107.49534850471683
50.9864242330804
