120.34615726382067
156.14346069480422
162.58486169029916
100.65960884263859
108.60692271508591
43.620184001256455
70.39700000140219
95.54717195279667
159.4731574233542
154.00814662886265
60.43980897194288
23.59907717070002
31.010148236380495
19.884049310321956
124.02220945840065
124.60376780789753
153.4373667607996
133.35315562177558
55.77105089080062
131.31851202259483
160.993978574925
160.56832642213533
96.2945243338068
106.47902933524094
33.91551086838256
70.33743727603859
86.40025942707257
166.12678524968302
157.60801163479752
59.840212800797616
23.114072628623287
33.20761414220591
19.11444083352559
131.90368023445848
124.60571610864802
159.41286382401242
136.87901696770638
53.69430257373257
