96.65665945976004
149.47458152390791
157.01645733545377
102.59401653065498
94.05144267348426
38.6978831958623
78.18440931359507
85.6826245581761
98.0218537698931
167.1898921932014
71.06123609146636
47.49178429959337
35.874735237290864
25.00616240773087
124.97570510941378
121.15507447751368
154.07534863654175
159.04479834723006
60.546129970596255
127.56332880055682
163.53662664601643
163.5002043655869
94.13321898157844
109.28066449265994
45.47585843555427
70.08459480764701
87.96570977435033
75.47747726998315
166.42720990424564
69.07372890740659
45.185632052775055
38.12710448587319
20.638009067677633
130.5977277613992
116.15688999401623
155.70778449931112
166.8529578708171
56.69657453362979
