119.35501382124663
166.73245536239
163.24502451761472
86.43979990967989
69.42067396064544
42.54430330022573
78.06602309354938
90.51544025900284
105.01478971100879
158.2697880203014
65.09607645127919
45.136639136351334
34.54008543940326
32.42306182877511
133.34785485452085
153.90823684188607
158.63706981729283
157.0597368879127
46.95108049755549
151.43783247932208
163.5104786771284
153.92018795847045
96.1169918467729
84.97731822221513
29.5085230951369
79.4428677389857
76.35030674104253
111.82164937889968
159.25729169416007
64.15363460340254
47.822186615115584
31.238767065011256
33.48660936207982
125.61195374279023
156.72623483682784
162.4845753440753
159.63540204185588
47.091272910942855
