127.82600179416706
171.01013017542152
169.06620052886396
99.90741856193291
122.69816794860247
63.53119392328734
67.41805793590886
115.48108837581981
156.67000215024322
164.8616589281626
66.41008627682709
29.362482548647314
35.6770483606338
24.204663454629053
132.5180897261497
134.22064580147224
126.08119023413632
132.44178634821404
50.69799355186473
126.61535939228743
164.37289397725863
161.7544613843484
101.13739467804096
93.87654456786206
33.079388603398016
68.06579639843771
93.42115175365667
88.02013772443287
166.46149130469374
59.783129744247205
34.33835983649048
30.491636002441354
23.271801803945845
128.88030749833052
134.98362458499645
149.6562014411716
165.52162852812452
48.739169079905956
