94.37278994544637
173.48630972267756
146.9837252845507
91.3758165394747
80.7436850750172
50.679481836530485
79.84366205330831
87.05939633736722
89.93934769604049
169.0730312770597
70.04194795807928
46.8327380107731
35.43972981988144
29.625933848603744
132.69571352805818
127.29431912841578
153.55040444182364
154.54224261084747
55.93946377136735
98.0462615514575
148.02259723659108
162.14116131877168
95.14576209872993
100.82074272236058
32.503278697773034
75.23432496169656
82.7923453350699
85.86019767716344
167.86756738773872
62.831468621730075
42.49186936519876
29.50315108578954
26.514111854570046
123.6484122563479
128.1229839303695
159.7249856021376
160.66462414105285
54.612438683997134
