156.56397867654806
153.10196745281058
156.3672228970034
101.33034854498752
73.12143054792399
32.86718363040655
71.75372210284051
87.53768787338115
92.46989650983512
155.0819399309972
55.623431332483136
44.2299751628969
35.99987586281568
15.666223804759655
130.34671414410806
135.8314398601524
156.68475855852714
154.86822077653778
48.440099820416165
126.4694110453106
168.66240514235918
164.64404785637333
93.89794247987126
115.0711168418065
52.01393002902189
66.365186526299
104.87990331455582
49.14072406021627
161.65590826892705
62.24952231403494
29.045735651756445
37.0001428598096
19.84342613006108
135.16187457186183
133.90466342993886
146.43166311266404
154.8086965289987
48.60407736994333
