114.16194213681261
151.58879318303556
148.5156694746429
100.01960081657028
63.72680347733329
27.921542875077552
77.32014289078295
73.12970815397283
86.117781228571
150.80243557860283
56.56443490217777
39.421730740355414
33.164048845419146
23.547978701081718
133.23783934392694
131.85612668120905
157.3109100689674
154.15095810021205
51.80120150756963
135.11351998761566
163.75059754074806
162.2720629668226
89.91522933333412
126.00947756129227
52.38409067742504
73.59936255852246
108.35877709033755
67.70838285516353
156.09171555577467
64.67585294152421
35.6782208712018
33.74119902065154
25.431721143991133
135.23366787482766
130.50384789639713
143.81557960955325
161.04567297643413
52.75415381872495
