119.1341566224445
174.23279476139078
166.20224663829083
78.71668801112362
105.21357509776934
44.64985839914661
71.7939818330947
91.37789044212111
105.73404323787918
156.70150979993954
56.514845625609624
45.046430880416985
24.484678391404856
26.403357223914036
130.55369308857888
130.3405613259569
152.28973401698732
136.23487950922674
49.448323457262276
143.11754793016812
143.97266430325374
169.99028943858093
92.00040919797918
89.95649700438041
27.27304485478379
70.18783920966268
76.08188787015406
151.5721073194792
157.9183013448709
55.90549627955417
23.6082680240141
30.4707888257754
21.577683579385898
127.56539793329061
133.42766100802785
163.440548030295
138.413251240381
48.52269431447625
