138.11337490606022
164.9815488345986
167.287733157237
100.47762386416954
109.86992771904094
58.01182508712268
69.90981986868269
96.65326148322772
67.65106654941044
166.80106025336312
65.8673159175212
33.628350576426456
38.48009739953997
22.08526213180578
134.57748859933673
135.57014144509
150.54330839616392
148.02604087179986
51.28794330112857
95.07937925253658
161.65437578328527
154.48797621464178
97.49278407289684
96.41283393894446
33.62687933333303
70.11612207764851
91.42487752201188
84.32226852548276
166.02558066253144
61.17764168040946
32.027296548193064
34.22992693328801
20.968184468044242
129.09014106118397
136.3766994950059
156.219205470003
151.64027137700543
50.28698117223422
