137.30633133795328
173.4010119037307
165.9710155436875
90.42877384313779
84.04050310191516
28.912953942616614
77.07923274211504
84.20677711806384
95.85568647605113
159.1069344773647
69.1731436392531
38.9858497153578
37.4864789135282
27.881372156227584
127.54898201986025
135.63830403490502
153.09970470180917
148.41388745604468
54.25129983753709
136.27681236550637
173.71211497604546
171.4408262400147
85.89443928462568
74.32283196256219
51.728699122917924
78.6525046343933
89.48187569310298
112.09243544066348
161.7926235499302
64.96272017515953
47.20293832860872
29.29830518229402
34.889664007431364
128.0507002586935
139.15116570368255
161.1797755591964
161.38889488825086
50.7321572342766
