95.26142913141884
169.89960787396242
151.9840532504453
100.83839923743874
75.97396756974251
53.23498136324773
80.01444545939736
68.88288358368565
88.29272540252954
170.47881005866032
62.70197341596558
40.28929747704455
29.040255961624567
27.418270815272486
125.17112637363907
128.29912290999
155.22611373746525
156.15855160733068
54.80872828251823
123.01185837360865
149.37727380214088
154.96995991581045
93.44506708698994
98.03501416747754
31.648067247765642
75.94542796036333
82.0210922723049
93.61535102529498
169.7442050885829
59.797232097419005
41.51275990300868
32.5962970436565
22.78498913590789
129.54269022743446
133.14164329172493
156.88905660371847
167.59128212602738
50.203750478585974
