50.33031473056639
146.8740054738985
125.79705603093089
100.8460104625511
86.42315918850976
33.42310950960713
80.07207206115197
94.85923725639753
109.96657447494584
168.61934415514156
64.92783221310702
44.77129231294835
31.214604282730694
28.508639273564626
128.4690031474079
130.4102307185519
157.84656838488206
152.12397910685442
53.982458390663744
129.46307283385133
152.9578125818805
148.35920006818654
90.96431368036649
71.70968799055841
17.058519448178536
79.83932749974798
83.76172346692965
113.69149707082529
169.6448494412433
67.15557057751735
44.12355815088562
33.096487970434616
27.574093416529
129.14655139689563
126.03220024165215
157.13418797790587
147.3118601736982
56.27281593053569
