100.79548556317258
162.75233903226467
142.3709930901048
93.39185759761006
73.95545891319613
1.8714459905180894
66.36733643246365
88.6915916559416
105.7477252816834
154.48964422998776
55.01827639086797
39.095754853268645
30.90456578948468
20.077850790887602
124.59692686927895
135.79419550336775
165.1242500119889
139.87194250333317
47.49278135795102
119.22831156045514
156.82745323785772
174.50250343889164
106.19453109383727
113.7475855935079
59.34062045260131
68.16509661681512
71.89344189355825
85.25989026479067
157.85416753441362
59.77828977852303
35.10813574060016
31.327543594937037
22.263207728362122
123.67419467924522
134.27206210113715
164.05335920810685
149.57529098049469
49.45440316655484
