106.48242059939803
163.68023421648715
154.96382887103468
95.18918050053134
95.68622419067799
29.67977970707154
75.21809622826845
101.86184929418364
103.22583421426361
159.24528654550045
65.64178483427014
49.36955637059072
34.321821610044296
29.933596516576586
129.37351894051537
146.42647833975664
155.41260733711908
166.24601023047015
49.66901315158425
127.75062350185178
156.44967044719002
158.6610829188182
101.04572600234214
108.80014830163262
47.68135638983711
55.827784723784205
101.32043124219892
65.15911438738054
163.60767285612113
53.32090471784074
19.974763879843124
35.10150038714153
14.175565833714199
131.45117383549638
123.92312704748092
151.584106405063
156.37097495639725
49.88397475638047
