95.15826543780001
166.89878870144423
154.79745588886453
95.16013386065076
84.68198764985209
37.31252660792785
80.58831611492717
79.89577020978415
98.92930881684082
162.12977423036895
67.81329267109753
45.43710073988436
35.777505500228955
26.368446269722522
129.12689874507058
127.54276471151483
151.59793621463805
152.1072658615609
56.03900292798633
141.22363375159483
158.37383536241106
147.32376697629127
99.65452713726847
104.17951657191222
37.86973113131527
77.40501266543735
78.92040035927727
87.70720158358984
162.9740050213132
66.56192334438487
42.52676672940766
36.79050407628403
21.034353474700367
129.07934366985657
118.16635741593126
154.58485027298542
164.32588635672658
58.145244723347275
