111.212263988523
108.4607252125158
154.18471399072547
72.02893589839873
105.96961315365365
5.021940569781437
73.54755923403553
109.11748305232382
94.46409862678078
161.45783993440946
60.394780063328895
38.79000122618622
22.05432837842769
33.97736590193656
130.19959270548176
136.77691194129525
166.8550416194515
165.7306008423508
52.177403159547
112.94878890900387
168.8941077647317
153.93499665614183
72.95973829133659
105.80317341259926
7.000991390027501
75.52320500982323
110.4963562382387
94.16556991579493
159.7349309833004
63.37765856416583
41.01036492935482
28.145264416762295
33.11903952143965
134.23563373425722
137.121847635919
157.70840480463116
165.7355511297346
52.32469228376506
