130.04749984405478
161.7473979890086
156.79204089206522
100.82397587288538
108.63417774660282
49.996885765726184
64.21636384926823
92.10269113251623
69.9034499830635
162.02321997357762
63.170880152436716
30.58604412557367
35.121515705367486
18.531143609026433
130.17327178138763
121.30002041954273
152.2120528960449
155.73115351483014
53.4562449062727
119.70798418006751
158.90354984129584
153.01186371685196
99.3626327674858
103.71144363689653
36.32965473623739
67.72483713561682
86.84105805520656
89.0364752230886
159.37626866078566
60.45384622446076
31.11130742228707
33.93274106309952
17.3460403649478
127.20046888179496
122.05118828713853
156.83732904705906
159.34978197610823
53.92348601040847
