135.33647883147017
170.920497889416
128.93595109785397
79.30530211984079
92.5212824502718
22.455904262491238
80.27341819006678
87.71905458961868
115.7734057581373
161.70898298405666
67.12451889211499
47.24855281179491
35.30038090891621
26.578768269882005
130.309382684141
126.51665902298578
155.16007991282208
149.8304777256642
55.602982854593414
95.15826543780001
166.89878870144423
154.79745588886453
95.16013386065076
84.68198764985209
37.31252660792785
80.58831611492717
79.89577020978415
98.92930881684082
162.12977423036895
67.81329267109753
45.43710073988436
35.777505500228955
26.368446269722522
129.12689874507058
127.54276471151483
151.59793621463805
152.1072658615609
56.03900292798633
