111.1140515844946
158.76452340836664
140.716115058356
101.29867154048917
102.00494204882217
39.32631759455326
78.6841678739562
81.6105959537175
86.41285694776187
156.45963516678464
68.47970655727619
46.315478775855816
41.17478781444672
21.193370980664326
129.7453869481174
121.77736374652596
159.28066821871235
171.61478613207302
59.82246415396055
127.57317206958469
163.42049540275212
160.14670264377506
93.47163630832884
115.850976462963
46.72361708587645
66.49340646885675
111.96878423887256
69.98899953930281
161.47267900078822
58.492111288263075
35.98607574448235
21.500712596977095
26.998354342934693
116.88617614683059
131.48442730734317
135.6678617192795
148.6284577749995
53.69080192346181
