126.70966066726871
159.8592625620443
125.31815387868211
100.07904856498386
73.82890778372234
11.138274783579854
71.01697151847522
93.98649081540711
92.44410266236777
158.16159860573268
59.36757637268557
37.52449008935755
30.579583688556063
22.54596709345861
125.82342141173278
124.46777469460191
159.15459326859053
160.49228372543152
51.1189419067603
114.70412179519722
161.8176925174354
169.49133772297964
96.97362058744805
105.70770507671894
40.69517536326069
70.04767120933155
91.67192479038799
163.1819279315793
154.8830321781436
62.34480371853211
23.544159807385704
32.38958534299909
21.606611452006945
127.76157601765756
122.99769296994296
154.51370198278266
131.75346097043337
53.38995399186628
