119.38711868679731
156.31202288535155
165.3581033289726
99.12964553952679
115.1654179031753
46.865809424583986
73.02745560134319
112.39929010694532
157.06968555839924
152.76093142573075
66.80312393445497
33.1341812258114
34.11319175494449
29.366926294345433
127.7850890513405
138.2168997746174
148.64497708790253
120.85041850127269
51.50694187761147
122.76184830158437
155.94113790885683
157.95634709876205
90.24011666062451
149.90897260286633
40.19347358892875
70.02780700072404
101.47149217362801
166.52894303133397
155.66497456177385
65.32112627680615
32.265551848526016
34.46025821275808
28.995063711818744
132.91719110992295
138.19975480459533
157.5963394456228
123.73316034885073
49.48243101229675
