141.54318019082905
162.2474719927961
163.30194713115307
100.88399850031742
108.83569081293199
52.73480253520363
62.308112896201365
102.0646371317848
85.21212939937806
162.81518699811477
65.85208408336207
37.751217879814604
38.3181488653204
20.303372247011485
136.91156277688177
119.07375355307805
149.19019461917384
146.82965815672122
49.45480616555613
101.82486464377035
161.59977008934646
153.09573909372477
101.97053606579588
97.02046310468346
36.46560982939934
61.35278472062482
94.19515505658231
105.58753843821002
159.33526448335405
60.598550862165844
34.00485720754569
34.08666885711593
17.912342661663388
129.21512359280604
119.63978365662581
155.75244490468353
146.5493866695807
51.05981780411375
