109.4960067019855
154.31399145074056
133.24980481997252
96.2431491156546
95.05681819978128
44.77375427916464
76.24634093634607
82.75685914952558
95.23748561740746
161.0498837177553
67.12356050220733
47.40332804334109
37.40412034853236
27.67936178789737
129.27822006580908
139.87882790081915
157.27676844750138
158.57722048371312
51.42439020182946
143.04763785994217
170.97866726203023
166.19113966388713
96.65065311260996
109.91503622663141
53.244401205650945
59.89667027848974
97.9623711071363
75.42208817934647
165.78837532390898
59.97404121281641
43.49364713657471
37.66163028075004
16.230331020302085
132.2270069378053
133.53767682093746
149.63422541870816
172.1654827863049
46.19780988623807
