134.22461784942328
169.6204356907996
156.80936192805132
98.31936548679764
95.39159011447018
29.22933507810498
67.48718113892228
87.90938358988235
99.72736114221158
162.62798519521192
63.576560067054274
33.77330160094893
32.78871039477825
21.32913116305459
129.2684258852666
122.77731652037342
157.64930212552267
147.650421604043
53.76269746618566
76.068442099193
168.79497792684796
164.33145570741954
90.76740222162769
69.18768345859297
47.4486957331567
77.07037955242468
81.09712270868866
93.44013299122061
168.03435827110854
65.48371014351748
41.08211529814857
30.925433212685828
26.187876338850288
126.73094779098506
121.37014130292252
160.57014145990067
161.67069090613654
56.38412371051923
