110.99088351077599
170.5132420195687
173.7956587671313
89.06007542149928
74.8321135998008
48.86077319290354
70.07832731223068
87.59094854717421
104.9423020958697
159.69406474033423
55.63422752585454
45.044171794232625
29.1001963871505
24.266843426479234
126.76191798138363
123.38115795920726
162.28079881735997
137.22882425125135
53.74333942259141
126.2151934875663
145.78355273504306
152.72566466257652
89.68027092897213
77.97666237990322
40.516381677690475
70.46508109372535
98.08225295944806
95.39037381447716
160.93064615122753
59.393494953632285
45.2230492684702
31.18161410893596
26.590473341082387
128.91989366720236
123.69603771599051
157.25047043687152
149.41729074031696
54.16956268046386
