110.39287135307224
152.85742759298654
136.0473180183296
98.61694491732887
102.38002277482843
42.343559701460485
78.71558487573441
82.87570082097133
99.30525371123012
165.52009143654533
66.14467079852908
45.142192280570676
34.37632139039465
25.098862813060652
126.05275403862203
128.0280401665531
155.88798929518464
157.69959969903093
56.920952218756334
126.97753874923143
162.35608490071942
157.97264978163452
98.01670764927741
103.9920488919819
43.67084286741088
72.31607559219673
95.10390720259454
77.50915793826915
167.68375145404505
70.04359790738769
35.14122866841887
36.44926624454294
27.487003211190366
130.90353183657618
127.14029949359127
150.33850106304408
134.06485746303048
53.563294797328275
