118.66309779805499
164.7854752009414
173.86791298466582
99.06487439310185
65.23540753947997
35.79693828519533
70.96943948123628
81.40002477076077
107.6131444301536
149.26646964885995
52.66347427574972
46.38229373553336
32.8570013539921
17.259088651756215
132.10771484020756
131.30813998387833
165.68257797670205
139.28847134473634
47.30502458475573
117.54403051827825
148.88825503986493
143.590713458301
97.32804882974186
74.77074567711013
32.63230146440261
74.33390504813737
79.2039724688187
85.90957605216518
157.9900991224259
55.61299520283862
38.14469040096926
33.0014591403106
20.55639541353305
132.0259600313208
130.61054613926285
151.35831646542394
155.19692249920433
48.93825031221069
