91.41531719018695
159.39950154247518
152.62836027382417
81.90509880583267
92.34625319362416
41.990152477923615
85.38142180626059
82.51494823709314
98.11335204239876
163.5562246531709
77.08407712078396
51.40576897169768
38.45150512037649
32.99590252890553
130.73918580070227
123.16087379895635
150.63222463577225
150.89605663859894
62.55729428279229
117.86360181669991
154.98467560606684
171.6361140321813
90.13432697829462
96.35099369918989
22.217072290893846
87.87852325708499
77.78544166347973
82.13270678822684
163.20182534349908
70.67532883690659
47.068438791127875
37.41721974746938
28.89297053200021
129.84260405304153
124.55391491939538
154.7890854986612
159.12706207791928
60.199804796527665
