135.18967376343306
163.14086404927446
161.9843575574534
89.11742404003297
138.39019003990973
63.40654549466957
66.00981317790857
111.76928540931445
123.78460738041142
159.46125214383096
61.96337776602013
33.518644796572886
32.47283891681028
22.566415050603595
133.5943562238488
128.7544242001747
150.86853279213872
141.70298980847846
53.42405076390348
138.01289768385737
165.02310441964178
145.45070298475397
95.98067481409629
112.18758880569436
39.23898809154261
72.23387427279945
98.89397292111039
115.43374923381465
158.943544759373
59.06936795071953
24.209313711339988
32.42766483833396
21.63103788852623
133.26587209425782
130.27984154243816
155.15062760282595
133.85120556488403
53.1990436584914
