121.2603842493013
153.79149211425067
155.33761002337332
97.29818456490781
96.65042598523752
30.61265425957358
71.85821297670122
81.43464408192357
141.17609871292584
164.02254369965877
77.08393614867629
33.701315937750024
39.444659904095026
31.849428797212067
130.85938974504603
136.50854685287445
152.57233512667102
135.09068878402175
54.88411068230403
136.2007426465946
171.60308048219218
163.74741633151908
84.27473250217164
111.47693269136465
64.67941512772383
65.03289853037994
83.33106242879136
89.93373460540572
158.76934310350748
73.86800062244251
33.945198718092556
38.97523240454639
29.51322267924495
132.69724691350845
142.92525492986428
155.0426755584988
133.0183740144054
50.5253365268655
