83.7432563539692
111.3909409649193
149.35352901784353
60.37826293283392
94.04526597395196
17.61253103723507
79.60889804705391
80.6020751124749
111.68812727055615
163.72941148240392
62.86484659248763
44.993774492507484
30.461468417185753
30.219828535460582
131.40807592478114
138.81258184620307
161.25930472236695
152.3081816877024
50.51645778957706
121.2603842493013
153.79149211425067
155.33761002337332
97.29818456490781
96.65042598523752
30.61265425957358
71.85821297670122
81.43464408192357
141.17609871292584
164.02254369965877
77.08393614867629
33.701315937750024
39.444659904095026
31.849428797212067
130.85938974504603
136.50854685287445
152.57233512667102
135.09068878402175
54.88411068230403
