99.77070572120866
165.44783678098344
139.59085865679106
78.8841799776381
119.7109905778327
14.877641338951593
88.38677283339076
97.69530368729698
103.31155946906128
155.97530198477133
66.47463363840382
53.326092263465846
31.79374285170093
33.73818702949617
125.60957169761019
126.6853323540013
159.10304952099307
157.58710983138812
56.24393003971358
117.64920859418095
148.67068052798027
157.76201105880526
90.56088000671583
84.0788006902446
30.209798545591656
32.23277614097358
86.16074479151831
89.04535625976129
157.97788164024246
31.982394331288646
41.11854669747474
35.01610327290859
19.191775839825407
129.7522089119566
79.01847145766534
154.80757854877638
101.13025049816247
56.252153455730806
