110.16675427944443
171.24456688483707
16.921727032343778
72.20440756427078
75.38576245830888
153.95909427465259
3.307648458874484
147.8151585577439
103.99048398299472
155.06576389915813
70.0545618918838
140.58882717969806
92.62105303227615
29.460738027231315
7.348931016894008
20.167994951662763
100.52696022195042
154.83332290562888
36.96481180201184
77.39068037200478
154.5588504559107
164.87944145607847
93.05061629195052
99.38425007438902
157.414207827745
4.998727579237042
141.69648883428528
27.453987089449413
156.85674151100727
112.82543259631655
110.38862931829092
109.14065792485324
25.719736960342118
16.863814391109756
20.348227956509884
179.55306239428973
158.63255165689137
37.194248185828
