118.00505280496704
145.78487582928688
150.9323068036365
89.7424341803191
69.39236617468586
31.740540520589814
78.03983776691885
59.155252266915724
47.98650711973274
150.06091440974376
53.161044364668435
23.095178943601827
29.236712527616774
23.67887217667378
128.4283443307881
133.76685859494492
161.4310784535531
141.61464967261136
45.739499400709846
129.33930868507508
161.359768953529
161.42443387833015
95.43819663697478
122.9647509398584
50.349831097627174
67.37123897019276
105.85635137036513
50.80547662686327
152.35718222203946
64.98049423911762
30.656890836639008
35.722910507970205
22.09284020694797
130.3081148992619
131.77223220587692
144.04277351337845
141.54595606672976
48.011481473100915
